6  20.1423	-1.019022e+00	8.506658e-02	5.003724e-02	6.580927e-01	9.708470e-01	8.119557e-01	2.692665e+00	2.457901e-02	3.130378e-01	1.100667e+00	1.221589e+00	1.272855e+00	1.317758e+00	1.360266e+00	1.399554e+00	1.445789e+00	1.495706e+00	1.565075e+00	1.743270e+00	1.728770e+00	-4.113382e-01	
8  7.3625	-9.990864e-01	-9.599449e-03	5.172906e-02	6.475715e-01	9.760987e-01	8.086875e-01	2.451354e+00	4.911103e-02	3.154434e-01	1.102384e+00	1.223727e+00	1.275190e+00	1.320732e+00	1.362831e+00	1.402399e+00	1.451442e+00	1.499657e+00	1.570682e+00	1.748903e+00	1.739131e+00	-4.179861e-01	
3  6.59706	-1.029961e+00	1.011210e-01	5.037624e-02	6.651370e-01	9.705316e-01	8.098398e-01	2.699061e+00	6.580547e-02	3.134440e-01	1.101491e+00	1.223800e+00	1.275376e+00	1.319618e+00	1.359796e+00	1.401168e+00	1.449838e+00	1.495632e+00	1.568246e+00	1.743018e+00	1.701140e+00	-4.028667e-01	
7  7.26115	-1.029775e+00	8.013259e-02	4.971324e-02	6.638294e-01	9.724156e-01	8.085515e-01	2.814120e+00	8.213774e-02	3.141888e-01	1.102925e+00	1.225261e+00	1.276894e+00	1.322726e+00	1.362348e+00	1.403571e+00	1.452319e+00	1.498258e+00	1.571713e+00	1.745518e+00	1.678527e+00	-3.867892e-01	
4  6.92281	-1.000688e+00	-2.538839e-02	4.821543e-02	6.489127e-01	9.758407e-01	8.057246e-01	2.831160e+00	9.936590e-02	3.169652e-01	1.103363e+00	1.224523e+00	1.276575e+00	1.323077e+00	1.361465e+00	1.405690e+00	1.452164e+00	1.500817e+00	1.573451e+00	1.748914e+00	1.615953e+00	-3.649292e-01	
11  7.6357	-9.934312e-01	-7.233274e-02	4.873416e-02	6.302500e-01	9.837697e-01	8.046712e-01	2.522084e+00	9.637039e-02	3.176057e-01	1.104340e+00	1.225841e+00	1.279577e+00	1.325545e+00	1.364346e+00	1.410133e+00	1.455466e+00	1.504994e+00	1.577820e+00	1.753406e+00	1.613407e+00	-3.611993e-01	
29  6.67576	-9.815494e-01	-8.600578e-02	4.624138e-02	6.319356e-01	9.808403e-01	8.046493e-01	2.788431e+00	9.711282e-02	3.180616e-01	1.101784e+00	1.222639e+00	1.275638e+00	1.321446e+00	1.360379e+00	1.406209e+00	1.450009e+00	1.501892e+00	1.572740e+00	1.749392e+00	1.590064e+00	-3.411832e-01	
3  6.8101	-9.844261e-01	-7.215809e-02	4.820574e-02	6.291566e-01	9.844967e-01	8.054207e-01	2.571974e+00	8.777844e-02	3.174143e-01	1.101054e+00	1.222002e+00	1.274648e+00	1.320534e+00	1.359535e+00	1.404646e+00	1.449657e+00	1.501519e+00	1.571419e+00	1.747819e+00	1.633151e+00	-3.569277e-01	
23  6.29926	-9.888867e-01	-7.166092e-02	4.712789e-02	6.150985e-01	9.869362e-01	8.050207e-01	2.391512e+00	1.019480e-01	3.175890e-01	1.101605e+00	1.222504e+00	1.275515e+00	1.321342e+00	1.360371e+00	1.404419e+00	1.451956e+00	1.501691e+00	1.571487e+00	1.748974e+00	1.645914e+00	-3.712523e-01	
10  7.98865	-9.839824e-01	-9.331654e-02	4.706006e-02	6.178090e-01	9.867014e-01	8.047543e-01	2.511051e+00	1.006044e-01	3.178577e-01	1.102107e+00	1.222050e+00	1.277370e+00	1.320804e+00	1.361041e+00	1.404528e+00	1.452521e+00	1.502622e+00	1.573395e+00	1.749890e+00	1.606655e+00	-3.400187e-01	
1  9.14783	-9.823731e-01	-9.902545e-02	4.767246e-02	6.273448e-01	9.831839e-01	8.041611e-01	2.586019e+00	1.075368e-01	3.183433e-01	1.103119e+00	1.222729e+00	1.277225e+00	1.320910e+00	1.360282e+00	1.406887e+00	1.452157e+00	1.502678e+00	1.574011e+00	1.750527e+00	1.582863e+00	-3.345785e-01	
4  9.8929	-1.000756e+00	-2.297347e-02	4.814495e-02	6.320257e-01	9.804431e-01	8.070556e-01	2.560694e+00	8.491959e-02	3.162438e-01	1.102238e+00	1.222324e+00	1.276801e+00	1.320502e+00	1.358933e+00	1.405977e+00	1.451197e+00	1.501147e+00	1.572217e+00	1.747062e+00	1.593382e+00	-3.412582e-01	
15  10.1367	-9.884313e-01	-8.135889e-02	4.948072e-02	6.319610e-01	9.839467e-01	8.064266e-01	2.537998e+00	6.578004e-02	3.169330e-01	1.104173e+00	1.225160e+00	1.280518e+00	1.323039e+00	1.363685e+00	1.410147e+00	1.456589e+00	1.505844e+00	1.578193e+00	1.754301e+00	1.713630e+00	-4.221360e-01	
16  11.5253	-9.944575e-01	-9.823747e-02	4.720964e-02	6.179206e-01	9.882905e-01	8.062922e-01	2.464573e+00	7.593042e-02	3.163201e-01	1.104439e+00	1.226524e+00	1.283316e+00	1.324867e+00	1.367397e+00	1.411696e+00	1.460828e+00	1.508450e+00	1.581465e+00	1.757520e+00	1.714685e+00	-4.216922e-01	
2  10.1903	-1.007677e+00	-1.700269e-02	4.631782e-02	6.374396e-01	9.777831e-01	8.087829e-01	2.732340e+00	7.721324e-02	3.146253e-01	1.101350e+00	1.221761e+00	1.278047e+00	1.319638e+00	1.361023e+00	1.405841e+00	1.453034e+00	1.500947e+00	1.572837e+00	1.748136e+00	1.666181e+00	-3.758965e-01	
13  8.20525	-9.981211e-01	-6.295381e-02	4.803700e-02	6.419039e-01	9.793766e-01	8.088554e-01	2.754161e+00	5.658249e-02	3.151059e-01	1.103048e+00	1.224156e+00	1.279517e+00	1.322143e+00	1.364163e+00	1.409944e+00	1.455846e+00	1.504708e+00	1.577504e+00	1.753027e+00	1.759677e+00	-4.288173e-01	
8  8.1867	-9.866947e-01	-7.017357e-02	4.859385e-02	6.565502e-01	9.728547e-01	8.094660e-01	2.907747e+00	3.293104e-02	3.154631e-01	1.102105e+00	1.222755e+00	1.276076e+00	1.320580e+00	1.362137e+00	1.406800e+00	1.452872e+00	1.502069e+00	1.574049e+00	1.752280e+00	1.793164e+00	-4.546397e-01	
2  7.30455	-9.779806e-01	-1.222714e-01	5.053341e-02	6.575250e-01	9.770950e-01	8.081328e-01	2.861957e+00	3.766035e-02	3.160739e-01	1.102939e+00	1.224979e+00	1.278237e+00	1.323673e+00	1.364698e+00	1.409424e+00	1.456868e+00	1.505830e+00	1.577495e+00	1.756352e+00	1.815981e+00	-4.706428e-01	
16  7.48176	-9.800050e-01	-1.235687e-01	5.128230e-02	6.585278e-01	9.773745e-01	8.074706e-01	2.788791e+00	5.537119e-02	3.163226e-01	1.102811e+00	1.224399e+00	1.278104e+00	1.324375e+00	1.364268e+00	1.409133e+00	1.456947e+00	1.505991e+00	1.577456e+00	1.755854e+00	1.834450e+00	-4.902049e-01	
3  7.83776	-9.702787e-01	-1.746267e-01	5.021591e-02	6.408610e-01	9.829656e-01	8.059400e-01	2.695675e+00	6.155943e-02	3.174136e-01	1.103996e+00	1.225578e+00	1.280610e+00	1.326194e+00	1.367434e+00	1.411688e+00	1.460919e+00	1.508848e+00	1.581265e+00	1.759381e+00	1.720686e+00	-4.123967e-01	
1  8.39098	-1.010191e+00	4.493692e-03	4.833818e-02	6.713177e-01	9.701779e-01	8.108000e-01	3.136444e+00	5.215640e-02	3.133684e-01	1.100267e+00	1.221161e+00	1.275415e+00	1.319713e+00	1.359766e+00	1.402314e+00	1.451653e+00	1.498976e+00	1.571208e+00	1.747983e+00	1.810022e+00	-4.709657e-01	
6  7.62943	-1.002568e+00	-3.001419e-02	4.702141e-02	6.759393e-01	9.691297e-01	8.086726e-01	3.393234e+00	7.611930e-02	3.148096e-01	1.101579e+00	1.222728e+00	1.276312e+00	1.321013e+00	1.360585e+00	1.404149e+00	1.452393e+00	1.500243e+00	1.572424e+00	1.749396e+00	1.669830e+00	-3.933409e-01	
5  7.48593	-1.008483e+00	-1.893537e-02	4.621530e-02	6.513049e-01	9.750423e-01	8.071366e-01	3.007270e+00	9.134079e-02	3.156777e-01	1.103268e+00	1.224464e+00	1.279090e+00	1.322516e+00	1.363005e+00	1.406329e+00	1.454401e+00	1.502460e+00	1.573931e+00	1.750988e+00	1.647007e+00	-3.787618e-01	
17  8.89195	-1.035911e+00	8.500713e-02	4.476936e-02	6.766631e-01	9.644245e-01	8.111251e-01	3.416074e+00	8.116186e-02	3.124029e-01	1.100890e+00	1.221770e+00	1.275276e+00	1.320203e+00	1.358643e+00	1.402519e+00	1.448937e+00	1.498232e+00	1.568611e+00	1.745835e+00	1.648820e+00	-3.684618e-01	
6  8.2063	-1.035240e+00	7.577531e-02	4.341192e-02	6.653374e-01	9.665265e-01	8.101627e-01	3.354776e+00	1.007809e-01	3.129812e-01	1.100716e+00	1.221593e+00	1.275078e+00	1.319111e+00	1.359240e+00	1.401547e+00	1.447977e+00	1.498612e+00	1.567511e+00	1.744667e+00	1.596208e+00	-3.361215e-01	
2  7.34449	-1.042326e+00	1.200836e-01	4.402297e-02	6.755080e-01	9.605242e-01	8.113647e-01	3.355638e+00	9.484222e-02	3.123160e-01	1.100494e+00	1.220859e+00	1.274051e+00	1.317539e+00	1.357766e+00	1.400098e+00	1.444999e+00	1.496231e+00	1.563332e+00	1.742515e+00	1.684954e+00	-3.947645e-01	
3  7.78525	-1.052676e+00	1.481411e-01	4.380018e-02	6.671288e-01	9.654515e-01	8.134126e-01	3.295309e+00	6.178651e-02	3.105343e-01	1.101032e+00	1.221943e+00	1.276045e+00	1.319158e+00	1.360080e+00	1.401663e+00	1.447566e+00	1.499192e+00	1.565719e+00	1.745454e+00	1.662639e+00	-3.724902e-01	
2  7.15464	-1.018115e+00	2.570693e-02	4.730935e-02	6.405841e-01	9.721806e-01	8.113375e-01	2.468113e+00	6.430379e-02	3.129703e-01	1.099898e+00	1.220553e+00	1.274374e+00	1.317936e+00	1.359768e+00	1.402507e+00	1.447648e+00	1.499878e+00	1.567747e+00	1.747309e+00	1.721553e+00	-4.222604e-01	
11  8.95784	-1.019247e+00	6.022970e-02	4.906583e-02	6.563592e-01	9.659843e-01	8.130244e-01	2.508143e+00	4.302687e-02	3.123357e-01	1.098536e+00	1.219055e+00	1.271150e+00	1.315950e+00	1.355908e+00	1.400308e+00	1.443123e+00	1.495951e+00	1.564310e+00	1.743445e+00	1.687657e+00	-4.127400e-01	
2  11.6249	-1.006458e+00	-1.733713e-02	4.875705e-02	6.361305e-01	9.737342e-01	8.103358e-01	2.299155e+00	6.110385e-02	3.142735e-01	1.100610e+00	1.222388e+00	1.274942e+00	1.319721e+00	1.361721e+00	1.403792e+00	1.449756e+00	1.498691e+00	1.570443e+00	1.748596e+00	1.601250e+00	-3.644531e-01	
4  8.04476	-1.038331e+00	9.232093e-02	4.961218e-02	6.595262e-01	9.699429e-01	8.125146e-01	2.586810e+00	5.523743e-02	3.115884e-01	1.100916e+00	1.223072e+00	1.275760e+00	1.320394e+00	1.362740e+00	1.403578e+00	1.449899e+00	1.497840e+00	1.568605e+00	1.746861e+00	1.605396e+00	-3.505926e-01	
6  8.42227	-1.024042e+00	3.475514e-02	4.701308e-02	6.375379e-01	9.773108e-01	8.110390e-01	2.596927e+00	5.136576e-02	3.130206e-01	1.102423e+00	1.223883e+00	1.276937e+00	1.322462e+00	1.365496e+00	1.407004e+00	1.452799e+00	1.500578e+00	1.572201e+00	1.751477e+00	1.714706e+00	-4.100014e-01	
1  9.23692	-9.720865e-01	-1.898393e-01	4.867617e-02	6.237631e-01	9.876656e-01	8.054186e-01	2.572844e+00	5.826607e-02	3.179442e-01	1.106482e+00	1.228827e+00	1.282911e+00	1.329695e+00	1.373412e+00	1.416371e+00	1.463071e+00	1.512382e+00	1.583835e+00	1.766853e+00	1.708000e+00	-4.033365e-01	
6  8.56384	-9.645320e-01	-2.455188e-01	4.843920e-02	6.266760e-01	9.907110e-01	8.036648e-01	2.765054e+00	7.178934e-02	3.187980e-01	1.108189e+00	1.230724e+00	1.286625e+00	1.332131e+00	1.376851e+00	1.419318e+00	1.466574e+00	1.516747e+00	1.588696e+00	1.771755e+00	1.817802e+00	-4.628142e-01	
10  8.54443	-9.940123e-01	-1.465451e-01	4.818321e-02	6.313100e-01	9.874642e-01	8.037412e-01	2.695747e+00	8.683803e-02	3.177120e-01	1.110176e+00	1.232879e+00	1.288772e+00	1.334081e+00	1.377796e+00	1.420473e+00	1.466406e+00	1.517171e+00	1.588984e+00	1.769203e+00	1.772694e+00	-4.326684e-01	
12  10.0014	-1.003389e+00	-9.802473e-02	4.738992e-02	6.317879e-01	9.840960e-01	8.044849e-01	2.696610e+00	7.799244e-02	3.175815e-01	1.110740e+00	1.233764e+00	1.288006e+00	1.334178e+00	1.376491e+00	1.420221e+00	1.464486e+00	1.516526e+00	1.587457e+00	1.767397e+00	1.825883e+00	-4.609472e-01	
4  10.6161	-9.626057e-01	-2.507171e-01	4.796550e-02	6.105876e-01	9.954558e-01	8.012296e-01	2.621433e+00	7.301328e-02	3.208980e-01	1.111312e+00	1.235991e+00	1.290274e+00	1.336055e+00	1.380019e+00	1.423930e+00	1.470068e+00	1.522030e+00	1.593759e+00	1.775177e+00	1.701537e+00	-3.930199e-01	
1  9.6683	-9.645607e-01	-2.360935e-01	4.899738e-02	5.958632e-01	9.975677e-01	8.014869e-01	2.117799e+00	7.205942e-02	3.204330e-01	1.110391e+00	1.235541e+00	1.288125e+00	1.334792e+00	1.378417e+00	1.421793e+00	1.469329e+00	1.520266e+00	1.591999e+00	1.773683e+00	1.674336e+00	-3.811469e-01	
2  5.24968	-9.863742e-01	-1.179748e-01	4.805745e-02	6.344770e-01	9.843144e-01	8.050140e-01	2.770308e+00	6.654380e-02	3.180239e-01	1.107097e+00	1.230513e+00	1.283303e+00	1.328150e+00	1.371485e+00	1.414431e+00	1.460330e+00	1.511593e+00	1.582174e+00	1.762193e+00	1.683113e+00	-3.872573e-01	
2  7.03652	-9.827578e-01	-1.554933e-01	4.569041e-02	6.276204e-01	9.898606e-01	8.027860e-01	3.001874e+00	1.050437e-01	3.188506e-01	1.106932e+00	1.230325e+00	1.285078e+00	1.328413e+00	1.371919e+00	1.415824e+00	1.462094e+00	1.512977e+00	1.582620e+00	1.762625e+00	1.676461e+00	-3.855669e-01	
1  7.06896	-9.871245e-01	-1.369306e-01	4.413675e-02	6.264435e-01	9.866148e-01	8.027307e-01	3.060402e+00	1.259134e-01	3.188899e-01	1.105820e+00	1.228680e+00	1.283669e+00	1.326669e+00	1.370305e+00	1.413449e+00	1.459742e+00	1.509778e+00	1.579359e+00	1.758682e+00	1.713835e+00	-4.066082e-01	
1  6.43262	-9.628644e-01	-2.014771e-01	4.599429e-02	6.359640e-01	9.824889e-01	8.016823e-01	3.017443e+00	1.323103e-01	3.205163e-01	1.103814e+00	1.226078e+00	1.280621e+00	1.323780e+00	1.365728e+00	1.410834e+00	1.455916e+00	1.506693e+00	1.576793e+00	1.756577e+00	1.676851e+00	-3.889666e-01	
1  6.96533	-9.730123e-01	-1.593688e-01	4.510494e-02	6.560866e-01	9.741918e-01	8.021286e-01	3.353192e+00	1.467765e-01	3.199696e-01	1.103371e+00	1.225250e+00	1.278398e+00	1.323245e+00	1.363759e+00	1.409642e+00	1.453915e+00	1.503964e+00	1.573694e+00	1.753232e+00	1.672129e+00	-3.839445e-01	
5  5.67723	-9.810636e-01	-1.433283e-01	4.487858e-02	6.464278e-01	9.784462e-01	8.034291e-01	3.221815e+00	1.257872e-01	3.185874e-01	1.103467e+00	1.226430e+00	1.278988e+00	1.324161e+00	1.366007e+00	1.410682e+00	1.456148e+00	1.506511e+00	1.575641e+00	1.756040e+00	1.693224e+00	-3.964499e-01	
5  8.6088	-9.761986e-01	-1.632362e-01	4.384072e-02	6.405461e-01	9.791389e-01	8.031940e-01	3.208308e+00	1.202284e-01	3.186963e-01	1.103176e+00	1.226426e+00	1.279345e+00	1.324989e+00	1.366321e+00	1.411263e+00	1.456388e+00	1.508497e+00	1.576875e+00	1.757146e+00	1.726632e+00	-4.204676e-01	
1  7.93258	-9.717227e-01	-1.561885e-01	4.402983e-02	6.403454e-01	9.791110e-01	8.043913e-01	3.218104e+00	9.485074e-02	3.181924e-01	1.102386e+00	1.225014e+00	1.277925e+00	1.322853e+00	1.365591e+00	1.407982e+00	1.456248e+00	1.505793e+00	1.574728e+00	1.755431e+00	1.698716e+00	-4.000629e-01	
1  8.25458	-9.777320e-01	-1.499025e-01	4.260604e-02	6.410227e-01	9.789329e-01	8.043436e-01	3.373726e+00	1.178486e-01	3.179948e-01	1.101836e+00	1.224768e+00	1.277527e+00	1.322974e+00	1.365405e+00	1.408253e+00	1.455168e+00	1.506144e+00	1.573669e+00	1.754648e+00	1.632094e+00	-3.562492e-01	
3  8.14118	-9.456404e-01	-2.464288e-01	4.465830e-02	6.464297e-01	9.782974e-01	8.025632e-01	3.416346e+00	1.069160e-01	3.206103e-01	1.102689e+00	1.224845e+00	1.276503e+00	1.323385e+00	1.364604e+00	1.410242e+00	1.454475e+00	1.508162e+00	1.575391e+00	1.757356e+00	1.660687e+00	-3.840770e-01	
1  8.01626	-9.776232e-01	-1.108413e-01	4.288170e-02	6.680934e-01	9.677236e-01	8.057699e-01	3.744979e+00	1.061581e-01	3.179988e-01	1.101127e+00	1.222978e+00	1.273141e+00	1.319883e+00	1.359069e+00	1.405746e+00	1.447109e+00	1.501519e+00	1.568818e+00	1.746577e+00	1.700070e+00	-4.026892e-01	
1  6.93073	-1.001349e+00	3.278697e-02	4.543413e-02	6.946327e-01	9.546800e-01	8.100094e-01	3.599566e+00	6.013862e-02	3.151707e-01	1.099409e+00	1.219784e+00	1.269134e+00	1.314660e+00	1.354449e+00	1.397790e+00	1.439749e+00	1.494294e+00	1.560025e+00	1.737134e+00	1.732813e+00	-4.238857e-01	
6  7.49097	-9.950890e-01	1.214043e-02	4.484764e-02	7.016042e-01	9.547956e-01	8.116432e-01	3.885831e+00	2.574231e-02	3.142674e-01	1.099070e+00	1.219424e+00	1.269786e+00	1.315415e+00	1.354123e+00	1.400400e+00	1.439317e+00	1.495235e+00	1.561746e+00	1.738479e+00	1.650739e+00	-3.703760e-01	
2  9.4644	-9.838457e-01	-4.747178e-02	4.408758e-02	7.005368e-01	9.589097e-01	8.099133e-01	4.050830e+00	3.730856e-02	3.149920e-01	1.099339e+00	1.220983e+00	1.271968e+00	1.317382e+00	1.355613e+00	1.402591e+00	1.442587e+00	1.497640e+00	1.565983e+00	1.744083e+00	1.717346e+00	-4.134020e-01	
1  9.22566	-9.816067e-01	-5.917049e-02	4.382308e-02	6.981430e-01	9.603422e-01	8.091455e-01	4.077619e+00	4.864253e-02	3.155747e-01	1.099420e+00	1.220955e+00	1.271606e+00	1.317203e+00	1.356038e+00	1.402077e+00	1.442344e+00	1.498155e+00	1.565070e+00	1.744627e+00	1.743671e+00	-4.279124e-01	
1  11.3789	-9.801797e-01	-6.605891e-02	4.405573e-02	6.996837e-01	9.622105e-01	8.095412e-01	4.166780e+00	3.796690e-02	3.152190e-01	1.099197e+00	1.221707e+00	1.271495e+00	1.317478e+00	1.356192e+00	1.402700e+00	1.443053e+00	1.499313e+00	1.566090e+00	1.746696e+00	1.750861e+00	-4.253327e-01	
1  16.0257	-9.839669e-01	-6.123286e-02	4.717726e-02	7.169537e-01	9.596979e-01	8.093593e-01	4.079246e+00	5.832476e-02	3.146911e-01	1.098244e+00	1.220718e+00	1.269359e+00	1.315221e+00	1.354851e+00	1.400175e+00	1.442560e+00	1.497295e+00	1.565010e+00	1.745110e+00	1.736286e+00	-4.124997e-01	
1  15.6716	-9.825424e-01	-1.812523e-02	4.778652e-02	7.183213e-01	9.524876e-01	8.112519e-01	3.800954e+00	1.986912e-02	3.142563e-01	1.097146e+00	1.217553e+00	1.267026e+00	1.311081e+00	1.351930e+00	1.395251e+00	1.437894e+00	1.492549e+00	1.559429e+00	1.740128e+00	1.660672e+00	-3.674744e-01	
14  15.4196	-9.684126e-01	-6.342879e-02	4.696275e-02	6.994180e-01	9.551894e-01	8.099844e-01	3.527923e+00	3.103714e-02	3.156593e-01	1.096483e+00	1.216521e+00	1.266680e+00	1.310639e+00	1.350225e+00	1.395052e+00	1.436473e+00	1.492205e+00	1.559614e+00	1.740783e+00	1.597938e+00	-3.393345e-01	
2  16.1465	-9.621863e-01	-1.073050e-01	4.622755e-02	6.732293e-01	9.610451e-01	8.083794e-01	3.142629e+00	4.504461e-02	3.167304e-01	1.097622e+00	1.217489e+00	1.268757e+00	1.312062e+00	1.353368e+00	1.397143e+00	1.440938e+00	1.494623e+00	1.562522e+00	1.744638e+00	1.711892e+00	-4.030608e-01	
1  15.2933	-9.794224e-01	-8.047956e-02	4.486609e-02	6.682164e-01	9.645858e-01	8.094156e-01	3.190831e+00	6.871439e-02	3.149901e-01	1.095991e+00	1.216454e+00	1.268615e+00	1.311100e+00	1.353170e+00	1.396394e+00	1.440964e+00	1.493679e+00	1.561340e+00	1.742916e+00	1.628521e+00	-3.481959e-01	
8  15.1329	-1.005185e+00	2.050147e-02	4.687733e-02	6.801743e-01	9.602345e-01	8.121700e-01	3.036436e+00	5.511080e-02	3.125302e-01	1.095340e+00	1.216395e+00	1.267804e+00	1.310222e+00	1.350780e+00	1.394543e+00	1.439064e+00	1.490366e+00	1.558257e+00	1.738458e+00	1.702525e+00	-3.848202e-01	
1  14.1068	-1.009932e+00	1.069308e-01	4.834990e-02	7.095981e-01	9.444772e-01	8.141583e-01	3.127590e+00	5.618872e-02	3.119133e-01	1.091583e+00	1.210294e+00	1.260145e+00	1.301457e+00	1.341198e+00	1.384227e+00	1.427988e+00	1.478799e+00	1.546356e+00	1.723664e+00	1.684852e+00	-3.730874e-01	
6  11.1112	-1.022990e+00	1.526146e-01	4.828991e-02	7.327012e-01	9.377840e-01	8.163453e-01	3.518993e+00	3.601679e-02	3.105266e-01	1.092083e+00	1.211444e+00	1.260630e+00	1.304086e+00	1.340859e+00	1.386094e+00	1.429065e+00	1.478549e+00	1.547201e+00	1.723722e+00	1.801383e+00	-4.481250e-01	
5  9.87436	-1.046372e+00	2.127054e-01	4.781080e-02	7.335064e-01	9.388527e-01	8.163929e-01	3.584592e+00	6.155910e-02	3.096908e-01	1.093067e+00	1.212630e+00	1.262088e+00	1.306184e+00	1.342617e+00	1.387137e+00	1.429996e+00	1.480378e+00	1.547773e+00	1.723300e+00	1.736440e+00	-3.985255e-01	
8  9.01965	-9.974759e-01	4.129599e-02	4.939253e-02	7.046905e-01	9.512618e-01	8.106406e-01	3.295184e+00	9.392230e-02	3.147253e-01	1.093534e+00	1.213010e+00	1.263463e+00	1.307023e+00	1.344752e+00	1.388954e+00	1.434306e+00	1.484299e+00	1.551165e+00	1.728983e+00	1.652177e+00	-3.690655e-01	
9  8.13891	-9.936992e-01	3.157085e-02	5.089837e-02	7.246675e-01	9.437205e-01	8.112287e-01	3.488231e+00	8.938897e-02	3.150012e-01	1.094082e+00	1.212381e+00	1.263321e+00	1.305959e+00	1.345072e+00	1.387768e+00	1.433500e+00	1.484074e+00	1.549497e+00	1.728426e+00	1.639153e+00	-3.588031e-01	
2  8.07597	-1.000847e+00	7.170634e-02	5.090852e-02	7.160269e-01	9.455471e-01	8.130333e-01	3.305449e+00	6.187160e-02	3.137580e-01	1.093117e+00	1.211477e+00	1.262039e+00	1.304704e+00	1.344432e+00	1.386988e+00	1.432734e+00	1.482465e+00	1.548637e+00	1.727241e+00	1.563487e+00	-3.145592e-01	
1  8.68321	-1.009050e+00	9.099878e-02	5.155427e-02	7.076352e-01	9.480680e-01	8.133991e-01	3.099098e+00	5.778258e-02	3.134212e-01	1.094066e+00	1.212951e+00	1.263970e+00	1.306776e+00	1.346363e+00	1.389904e+00	1.434400e+00	1.484336e+00	1.550697e+00	1.728969e+00	1.562174e+00	-3.141867e-01	
3  8.43249	-1.017512e+00	1.321482e-01	4.920049e-02	7.030721e-01	9.464958e-01	8.155770e-01	3.137456e+00	3.557301e-02	3.120254e-01	1.093322e+00	1.211461e+00	1.263714e+00	1.304512e+00	1.344987e+00	1.388074e+00	1.432133e+00	1.481227e+00	1.548547e+00	1.725683e+00	1.757932e+00	-4.429900e-01	
2  9.22589	-1.025666e+00	1.698380e-01	5.092478e-02	7.127220e-01	9.431123e-01	8.175105e-01	3.047521e+00	1.551097e-02	3.106068e-01	1.092473e+00	1.210630e+00	1.263111e+00	1.303396e+00	1.344186e+00	1.385795e+00	1.430963e+00	1.479157e+00	1.546729e+00	1.723992e+00	1.797621e+00	-4.629157e-01	
3  7.38884	-1.023623e+00	1.572129e-01	5.098101e-02	7.009232e-01	9.485870e-01	8.150205e-01	2.877561e+00	2.448876e-02	3.120588e-01	1.095328e+00	1.213657e+00	1.266393e+00	1.306707e+00	1.348674e+00	1.388768e+00	1.434646e+00	1.483981e+00	1.550737e+00	1.728222e+00	1.852293e+00	-4.922141e-01	
11  11.1346	-1.027846e+00	1.855712e-01	5.178339e-02	6.957035e-01	9.498933e-01	8.153725e-01	2.748299e+00	1.144692e-02	3.123284e-01	1.096170e+00	1.214630e+00	1.266642e+00	1.308393e+00	1.348764e+00	1.391579e+00	1.434496e+00	1.484513e+00	1.551334e+00	1.726864e+00	1.837312e+00	-4.926492e-01	
24  10.7918	-1.054218e+00	2.722056e-01	5.076904e-02	7.101915e-01	9.455757e-01	8.178648e-01	3.006118e+00	2.070634e-02	3.095467e-01	1.094648e+00	1.213316e+00	1.265127e+00	1.306722e+00	1.346912e+00	1.388514e+00	1.432819e+00	1.481088e+00	1.548572e+00	1.722694e+00	1.893841e+00	-5.143404e-01	
4  8.82949	-1.042408e+00	2.127302e-01	4.982610e-02	7.017406e-01	9.481501e-01	8.170010e-01	2.975248e+00	1.165645e-02	3.102397e-01	1.095456e+00	1.214495e+00	1.266928e+00	1.308469e+00	1.349576e+00	1.390313e+00	1.435924e+00	1.483928e+00	1.552131e+00	1.727315e+00	1.817597e+00	-4.642831e-01	
12  8.0868	-1.048769e+00	1.937725e-01	4.921519e-02	6.861338e-01	9.576688e-01	8.152977e-01	2.870978e+00	3.400366e-02	3.102952e-01	1.097430e+00	1.217954e+00	1.270391e+00	1.312624e+00	1.354646e+00	1.395260e+00	1.441770e+00	1.488710e+00	1.558342e+00	1.732751e+00	1.857397e+00	-4.881432e-01	
4  7.79985	-1.057124e+00	2.255075e-01	4.970381e-02	6.893365e-01	9.552723e-01	8.153564e-01	2.841712e+00	4.377555e-02	3.102819e-01	1.097841e+00	1.218134e+00	1.270374e+00	1.312805e+00	1.354192e+00	1.394274e+00	1.440832e+00	1.488284e+00	1.556356e+00	1.730611e+00	1.838356e+00	-4.738662e-01	
1  8.53383	-1.059692e+00	2.150489e-01	5.017625e-02	6.894006e-01	9.569551e-01	8.139911e-01	2.833904e+00	4.967048e-02	3.108558e-01	1.100500e+00	1.221633e+00	1.273857e+00	1.316821e+00	1.358007e+00	1.398544e+00	1.445761e+00	1.492974e+00	1.561811e+00	1.736532e+00	1.844418e+00	-4.851146e-01	
2  8.18071	-1.058287e+00	2.162773e-01	4.871501e-02	6.997567e-01	9.546200e-01	8.149747e-01	3.191548e+00	3.493658e-02	3.104444e-01	1.099714e+00	1.221084e+00	1.273144e+00	1.315717e+00	1.357696e+00	1.397795e+00	1.444108e+00	1.491799e+00	1.560231e+00	1.734805e+00	1.797263e+00	-4.514250e-01	
1  7.24454	-1.062241e+00	2.159817e-01	4.948444e-02	7.174887e-01	9.520723e-01	8.149222e-01	3.409823e+00	4.417020e-02	3.098942e-01	1.099993e+00	1.221168e+00	1.273394e+00	1.315929e+00	1.358464e+00	1.398256e+00	1.444739e+00	1.492621e+00	1.561518e+00	1.736907e+00	1.810036e+00	-4.618029e-01	
6  8.19368	-1.074443e+00	2.880397e-01	4.951786e-02	7.279631e-01	9.451020e-01	8.175150e-01	3.442370e+00	2.403403e-02	3.084819e-01	1.098306e+00	1.219315e+00	1.271595e+00	1.313441e+00	1.354687e+00	1.394423e+00	1.439752e+00	1.487799e+00	1.556520e+00	1.731962e+00	1.799850e+00	-4.623327e-01	
2  9.28567	-1.068382e+00	2.942759e-01	5.094536e-02	7.223777e-01	9.432322e-01	8.179791e-01	3.199295e+00	1.250851e-02	3.092739e-01	1.098029e+00	1.217545e+00	1.268840e+00	1.312046e+00	1.352673e+00	1.393264e+00	1.437216e+00	1.485924e+00	1.554099e+00	1.728283e+00	1.771111e+00	-4.453842e-01	
7  9.38021	-1.075082e+00	3.377431e-01	5.171933e-02	7.264955e-01	9.390759e-01	8.191658e-01	3.038924e+00	9.829884e-03	3.084703e-01	1.096523e+00	1.215151e+00	1.266800e+00	1.309036e+00	1.349270e+00	1.388638e+00	1.433899e+00	1.481048e+00	1.549542e+00	1.723160e+00	1.744484e+00	-4.225110e-01	
5  10.2643	-1.085823e+00	3.296618e-01	4.775779e-02	7.244893e-01	9.435202e-01	8.196156e-01	3.472588e+00	2.012823e-02	3.067794e-01	1.096627e+00	1.216330e+00	1.268771e+00	1.312381e+00	1.352875e+00	1.390366e+00	1.438064e+00	1.483830e+00	1.554462e+00	1.727444e+00	1.775489e+00	-4.297560e-01	
28  10.5764	-1.078691e+00	3.013241e-01	4.877420e-02	7.243468e-01	9.441468e-01	8.200709e-01	3.426286e+00	1.542085e-02	3.069497e-01	1.096558e+00	1.215950e+00	1.267716e+00	1.312313e+00	1.352287e+00	1.391528e+00	1.437962e+00	1.483031e+00	1.555395e+00	1.727595e+00	1.802186e+00	-4.492370e-01	
2  10.5034	-1.079839e+00	2.956879e-01	5.044054e-02	7.375221e-01	9.437493e-01	8.204909e-01	3.538241e+00	1.912857e-02	3.061612e-01	1.095764e+00	1.215670e+00	1.267244e+00	1.311786e+00	1.352966e+00	1.390930e+00	1.437982e+00	1.483239e+00	1.555437e+00	1.728296e+00	1.838893e+00	-4.652579e-01	
2  9.70506	-1.080716e+00	2.956072e-01	5.173429e-02	7.213605e-01	9.501671e-01	8.198065e-01	3.212451e+00	1.945089e-02	3.064821e-01	1.096435e+00	1.217340e+00	1.268940e+00	1.312068e+00	1.354794e+00	1.392725e+00	1.439366e+00	1.485535e+00	1.557644e+00	1.730021e+00	1.821933e+00	-4.623702e-01	
3  12.1243	-1.077601e+00	2.696593e-01	5.157703e-02	7.275876e-01	9.501238e-01	8.186553e-01	3.351788e+00	1.554106e-02	3.070959e-01	1.098613e+00	1.220206e+00	1.271561e+00	1.315966e+00	1.358527e+00	1.396012e+00	1.442540e+00	1.489834e+00	1.562499e+00	1.735450e+00	1.843114e+00	-4.796577e-01	
4  9.5067	-1.053708e+00	1.612810e-01	5.244488e-02	6.948430e-01	9.618790e-01	8.148898e-01	2.840176e+00	2.564440e-02	3.098625e-01	1.100922e+00	1.223814e+00	1.275841e+00	1.320391e+00	1.363401e+00	1.401440e+00	1.448707e+00	1.497005e+00	1.569403e+00	1.743809e+00	1.865799e+00	-4.878775e-01	
2  9.41075	-1.042673e+00	1.099141e-01	5.628261e-02	7.066854e-01	9.603272e-01	8.135494e-01	2.670911e+00	4.667780e-02	3.108444e-01	1.100772e+00	1.223839e+00	1.276125e+00	1.319479e+00	1.363161e+00	1.400981e+00	1.448683e+00	1.498010e+00	1.570102e+00	1.744594e+00	1.816105e+00	-4.548568e-01	
3  11.6288	-1.034211e+00	7.207930e-02	5.613142e-02	6.824057e-01	9.691641e-01	8.125062e-01	2.421557e+00	3.378388e-02	3.119004e-01	1.102949e+00	1.225188e+00	1.278433e+00	1.322033e+00	1.366380e+00	1.405228e+00	1.452728e+00	1.503155e+00	1.574630e+00	1.749894e+00	1.933792e+00	-5.341013e-01	
2  10.9257	-1.023001e+00	3.925319e-02	5.505274e-02	6.981918e-01	9.638925e-01	8.119360e-01	2.782465e+00	3.893065e-02	3.127171e-01	1.102495e+00	1.224512e+00	1.277837e+00	1.320532e+00	1.364841e+00	1.403885e+00	1.451377e+00	1.501518e+00	1.573596e+00	1.748336e+00	1.984359e+00	-5.671797e-01	
11  13.0663	-1.019979e+00	-4.238426e-06	5.400976e-02	6.825859e-01	9.717644e-01	8.110111e-01	2.754823e+00	5.497873e-02	3.127763e-01	1.102291e+00	1.225154e+00	1.279718e+00	1.321825e+00	1.367180e+00	1.405810e+00	1.454298e+00	1.503327e+00	1.577349e+00	1.752054e+00	2.005402e+00	-5.741925e-01	
3  13.9447	-1.004207e+00	-1.916400e-02	5.358545e-02	6.853868e-01	9.676051e-01	8.101009e-01	2.807900e+00	6.600924e-02	3.140831e-01	1.100228e+00	1.220743e+00	1.275637e+00	1.317279e+00	1.361915e+00	1.402268e+00	1.446942e+00	1.498942e+00	1.572293e+00	1.746733e+00	2.069013e+00	-6.135517e-01	
10  11.2001	-9.977988e-01	-2.203873e-02	5.428755e-02	6.909878e-01	9.659778e-01	8.104497e-01	2.839435e+00	5.507840e-02	3.139639e-01	1.099022e+00	1.219814e+00	1.273516e+00	1.316078e+00	1.359166e+00	1.400603e+00	1.444754e+00	1.497508e+00	1.570356e+00	1.744950e+00	2.011239e+00	-5.852127e-01	
3  9.09239	-9.863529e-01	-3.201397e-02	5.341354e-02	7.019241e-01	9.593421e-01	8.102847e-01	3.097189e+00	5.006089e-02	3.149041e-01	1.097718e+00	1.218348e+00	1.271040e+00	1.313518e+00	1.355897e+00	1.397826e+00	1.440440e+00	1.495292e+00	1.566561e+00	1.742023e+00	1.869004e+00	-4.988874e-01	
7  8.33669	-9.987762e-01	3.658388e-02	5.568478e-02	7.185670e-01	9.532558e-01	8.120436e-01	3.030077e+00	3.641786e-02	3.137946e-01	1.097510e+00	1.217415e+00	1.268912e+00	1.311119e+00	1.353381e+00	1.395138e+00	1.437552e+00	1.492259e+00	1.562283e+00	1.736521e+00	1.848916e+00	-4.866324e-01	
4  7.81211	-1.001923e+00	6.621331e-02	5.446325e-02	7.197999e-01	9.522290e-01	8.121045e-01	3.179010e+00	3.299126e-02	3.138865e-01	1.097450e+00	1.217426e+00	1.269496e+00	1.310057e+00	1.352067e+00	1.393136e+00	1.436643e+00	1.489819e+00	1.559595e+00	1.733985e+00	1.841404e+00	-4.885883e-01	
56  7.42056	-1.022348e+00	1.377869e-01	5.470740e-02	7.170358e-01	9.504299e-01	8.141798e-01	2.917875e+00	1.772901e-02	3.120923e-01	1.098140e+00	1.217348e+00	1.270378e+00	1.310872e+00	1.353095e+00	1.392952e+00	1.436483e+00	1.490542e+00	1.559178e+00	1.733661e+00	1.895138e+00	-5.213281e-01	
4  6.90921	-1.019324e+00	1.076658e-01	5.337443e-02	6.906644e-01	9.589131e-01	8.126522e-01	2.760002e+00	2.195736e-02	3.133980e-01	1.100561e+00	1.221290e+00	1.272782e+00	1.314882e+00	1.357956e+00	1.397762e+00	1.442052e+00	1.495501e+00	1.562747e+00	1.739028e+00	1.936631e+00	-5.484458e-01	
5  11.6289	-1.036984e+00	1.795778e-01	5.289563e-02	7.061685e-01	9.534104e-01	8.135971e-01	2.976191e+00	3.512530e-02	3.121125e-01	1.099090e+00	1.220288e+00	1.270990e+00	1.313388e+00	1.355426e+00	1.395737e+00	1.438667e+00	1.491724e+00	1.559814e+00	1.734146e+00	1.998668e+00	-5.835193e-01	
2  12.1795	-1.041468e+00	2.179601e-01	5.167026e-02	7.398445e-01	9.411678e-01	8.128545e-01	3.589344e+00	7.285974e-02	3.124851e-01	1.097904e+00	1.217976e+00	1.267353e+00	1.309305e+00	1.350910e+00	1.391410e+00	1.432990e+00	1.485127e+00	1.553470e+00	1.724499e+00	1.927702e+00	-5.432272e-01	
25  11.6604	-1.040234e+00	2.283882e-01	5.265023e-02	7.477302e-01	9.400076e-01	8.128434e-01	3.637468e+00	7.379898e-02	3.122692e-01	1.097030e+00	1.217092e+00	1.265565e+00	1.308046e+00	1.348304e+00	1.388006e+00	1.431073e+00	1.483080e+00	1.551153e+00	1.722314e+00	1.889623e+00	-5.197840e-01	
16  8.70433	-1.031746e+00	1.810452e-01	5.259144e-02	7.280549e-01	9.487162e-01	8.119514e-01	3.439803e+00	6.143986e-02	3.129595e-01	1.098172e+00	1.218731e+00	1.268548e+00	1.311491e+00	1.352403e+00	1.390688e+00	1.435900e+00	1.487224e+00	1.555601e+00	1.728216e+00	1.833720e+00	-4.862962e-01	
4  10.9597	-1.037342e+00	1.556323e-01	5.265838e-02	7.196754e-01	9.567401e-01	8.106984e-01	3.451241e+00	9.557121e-02	3.129789e-01	1.098961e+00	1.219651e+00	1.270303e+00	1.314732e+00	1.355766e+00	1.393057e+00	1.439247e+00	1.491553e+00	1.559615e+00	1.732248e+00	1.886024e+00	-5.108537e-01	
1  10.5947	-1.020822e+00	1.020505e-01	5.429196e-02	7.007297e-01	9.587205e-01	8.098043e-01	2.930941e+00	7.564902e-02	3.144331e-01	1.100673e+00	1.220493e+00	1.272009e+00	1.316800e+00	1.358906e+00	1.396070e+00	1.442467e+00	1.494992e+00	1.563262e+00	1.736171e+00	1.953966e+00	-5.533727e-01	
3  12.2449	-1.014625e+00	8.859037e-02	5.401288e-02	7.103293e-01	9.533500e-01	8.084904e-01	3.120538e+00	9.017994e-02	3.157879e-01	1.101354e+00	1.220097e+00	1.272249e+00	1.315541e+00	1.358305e+00	1.395346e+00	1.441531e+00	1.494146e+00	1.562468e+00	1.736340e+00	1.866633e+00	-4.983008e-01	
3  11.2594	-9.951373e-01	-2.649145e-03	5.487078e-02	6.965144e-01	9.607261e-01	8.060578e-01	2.924385e+00	1.052380e-01	3.175578e-01	1.102275e+00	1.220952e+00	1.274099e+00	1.317180e+00	1.360307e+00	1.398205e+00	1.444561e+00	1.497671e+00	1.566455e+00	1.741928e+00	1.870906e+00	-5.029342e-01	
2  9.29308	-9.918057e-01	-1.786953e-02	5.376141e-02	6.789343e-01	9.653722e-01	8.058778e-01	2.721583e+00	1.206182e-01	3.175773e-01	1.100117e+00	1.218919e+00	1.272897e+00	1.315235e+00	1.357889e+00	1.396945e+00	1.442699e+00	1.496526e+00	1.564342e+00	1.739975e+00	1.963211e+00	-5.604228e-01	
7  8.13266	-9.831717e-01	-8.065999e-02	5.442151e-02	6.580039e-01	9.751505e-01	8.055465e-01	2.452476e+00	1.101702e-01	3.176488e-01	1.101143e+00	1.221246e+00	1.274581e+00	1.318467e+00	1.361750e+00	1.401790e+00	1.447697e+00	1.501920e+00	1.569652e+00	1.746499e+00	1.963448e+00	-5.577713e-01	
13  5.72583	-9.978902e-01	-1.055696e-02	5.195932e-02	6.713970e-01	9.665692e-01	8.081585e-01	2.748785e+00	8.930989e-02	3.159420e-01	1.099974e+00	1.219684e+00	1.272504e+00	1.316084e+00	1.358890e+00	1.398354e+00	1.444637e+00	1.498039e+00	1.565623e+00	1.742042e+00	1.927690e+00	-5.281530e-01	
3  7.48165	-1.011406e+00	2.580253e-02	5.139924e-02	6.761194e-01	9.689739e-01	8.099875e-01	2.977654e+00	7.843272e-02	3.142192e-01	1.099646e+00	1.219464e+00	1.273080e+00	1.315684e+00	1.359932e+00	1.398025e+00	1.445860e+00	1.498552e+00	1.565993e+00	1.742315e+00	1.892396e+00	-4.998209e-01	
7  8.13563	-1.003341e+00	-9.336502e-03	5.305515e-02	6.539919e-01	9.723400e-01	8.083557e-01	2.327287e+00	8.412969e-02	3.156048e-01	1.101297e+00	1.221893e+00	1.274095e+00	1.317514e+00	1.363028e+00	1.400065e+00	1.449158e+00	1.500526e+00	1.568896e+00	1.746385e+00	1.852282e+00	-4.852021e-01	
4  7.61245	-9.656122e-01	-1.426593e-01	5.311322e-02	6.401506e-01	9.783565e-01	8.040106e-01	2.268963e+00	9.265449e-02	3.195241e-01	1.102359e+00	1.223173e+00	1.276971e+00	1.318692e+00	1.365494e+00	1.403168e+00	1.453636e+00	1.502997e+00	1.572932e+00	1.750147e+00	1.710436e+00	-4.104115e-01	
7  5.50614	-9.805696e-01	-8.323190e-02	5.154116e-02	6.590406e-01	9.723954e-01	8.052525e-01	2.701025e+00	1.093577e-01	3.181940e-01	1.100825e+00	1.221182e+00	1.274255e+00	1.316919e+00	1.361631e+00	1.399972e+00	1.449259e+00	1.499909e+00	1.569145e+00	1.745270e+00	1.757062e+00	-4.346421e-01	
1  7.56214	-9.638785e-01	-1.507021e-01	5.374295e-02	6.377259e-01	9.789198e-01	8.044612e-01	2.204797e+00	9.748491e-02	3.192522e-01	1.101694e+00	1.222556e+00	1.275457e+00	1.318769e+00	1.362991e+00	1.402878e+00	1.451823e+00	1.503506e+00	1.573281e+00	1.749797e+00	1.783981e+00	-4.609779e-01	
11  7.91327	-9.821537e-01	-8.338510e-02	5.291442e-02	6.427827e-01	9.750520e-01	8.045700e-01	2.261041e+00	1.139652e-01	3.188017e-01	1.102244e+00	1.222982e+00	1.276323e+00	1.318247e+00	1.362422e+00	1.402081e+00	1.449583e+00	1.502038e+00	1.571657e+00	1.746945e+00	1.726702e+00	-4.331680e-01	
1  9.72552	-9.951532e-01	-2.823033e-02	5.252250e-02	6.469905e-01	9.714612e-01	8.070749e-01	2.229344e+00	8.547644e-02	3.170926e-01	1.102146e+00	1.222556e+00	1.276074e+00	1.317646e+00	1.361907e+00	1.399367e+00	1.448781e+00	1.500133e+00	1.570136e+00	1.745553e+00	1.788672e+00	-4.675477e-01	
6  8.73158	-9.782241e-01	-6.946862e-02	5.294740e-02	6.623257e-01	9.659559e-01	8.067546e-01	2.427516e+00	9.048423e-02	3.175198e-01	1.099378e+00	1.219832e+00	1.272744e+00	1.314575e+00	1.356454e+00	1.396933e+00	1.444434e+00	1.496977e+00	1.566675e+00	1.741899e+00	1.814441e+00	-4.764602e-01	
8  8.36942	-9.742925e-01	-7.636279e-02	5.259592e-02	6.694613e-01	9.657685e-01	8.070590e-01	2.610256e+00	8.375218e-02	3.173415e-01	1.098439e+00	1.219458e+00	1.271739e+00	1.313650e+00	1.355012e+00	1.396517e+00	1.442764e+00	1.495251e+00	1.565587e+00	1.742176e+00	1.835328e+00	-4.941893e-01	
7  10.6334	-9.628098e-01	-1.569538e-01	5.257465e-02	6.536700e-01	9.733398e-01	8.059881e-01	2.423785e+00	7.225036e-02	3.178344e-01	1.101016e+00	1.223373e+00	1.275340e+00	1.318427e+00	1.361546e+00	1.401904e+00	1.449605e+00	1.502861e+00	1.573210e+00	1.752508e+00	1.854150e+00	-5.125706e-01	
2  9.18861	-9.944447e-01	-3.719962e-02	5.050901e-02	6.871977e-01	9.650462e-01	8.087541e-01	3.159285e+00	8.234109e-02	3.148658e-01	1.098881e+00	1.221252e+00	1.272539e+00	1.316015e+00	1.357235e+00	1.397876e+00	1.444641e+00	1.496923e+00	1.567101e+00	1.745437e+00	1.830903e+00	-4.901942e-01	
3  10.6799	-1.015888e+00	1.670660e-02	5.184648e-02	6.817181e-01	9.682717e-01	8.094429e-01	2.915848e+00	8.981604e-02	3.135567e-01	1.100372e+00	1.223826e+00	1.273762e+00	1.318690e+00	1.359631e+00	1.400655e+00	1.447417e+00	1.500196e+00	1.569226e+00	1.746514e+00	1.847800e+00	-5.026868e-01	
4  11.3354	-1.011658e+00	2.361674e-02	5.141777e-02	7.167437e-01	9.548288e-01	8.091099e-01	3.471599e+00	1.085164e-01	3.142682e-01	1.099653e+00	1.221562e+00	1.270884e+00	1.316022e+00	1.356098e+00	1.397563e+00	1.442792e+00	1.495857e+00	1.565287e+00	1.741251e+00	1.752096e+00	-4.398866e-01	
3  8.8868	-9.981564e-01	-1.515105e-02	5.256250e-02	6.992225e-01	9.577471e-01	8.084727e-01	3.056509e+00	9.206344e-02	3.152455e-01	1.100518e+00	1.222422e+00	1.271856e+00	1.316916e+00	1.357021e+00	1.398840e+00	1.443895e+00	1.496409e+00	1.566631e+00	1.743023e+00	1.689278e+00	-3.989863e-01	
4  7.74993	-1.017314e+00	2.536723e-02	5.030937e-02	6.872474e-01	9.627796e-01	8.091028e-01	3.098362e+00	1.062270e-01	3.140067e-01	1.100791e+00	1.222858e+00	1.272693e+00	1.318435e+00	1.358124e+00	1.400493e+00	1.444881e+00	1.497719e+00	1.568129e+00	1.742839e+00	1.626272e+00	-3.468222e-01	
2  8.34868	-1.006202e+00	-1.012674e-03	4.898316e-02	6.808389e-01	9.634485e-01	8.083967e-01	3.144605e+00	1.051707e-01	3.148606e-01	1.099829e+00	1.221235e+00	1.272087e+00	1.316824e+00	1.357236e+00	1.398407e+00	1.444583e+00	1.495529e+00	1.567159e+00	1.741973e+00	1.589191e+00	-3.145146e-01	
3  9.43324	-9.955648e-01	-2.850895e-02	4.898908e-02	6.824780e-01	9.603222e-01	8.075501e-01	3.148809e+00	1.027413e-01	3.162217e-01	1.100497e+00	1.221529e+00	1.272887e+00	1.316538e+00	1.357236e+00	1.398638e+00	1.445367e+00	1.495416e+00	1.567583e+00	1.742991e+00	1.470231e+00	-2.410501e-01	
12  10.0265	-1.008241e+00	2.655473e-03	4.978373e-02	6.496433e-01	9.706055e-01	8.066134e-01	2.497266e+00	1.190236e-01	3.162503e-01	1.101601e+00	1.222206e+00	1.275080e+00	1.317726e+00	1.359007e+00	1.400198e+00	1.448159e+00	1.496071e+00	1.569582e+00	1.743677e+00	1.517841e+00	-2.725356e-01	
1  10.2509	-1.017101e+00	3.270375e-02	5.244672e-02	6.636913e-01	9.682057e-01	8.076611e-01	2.469974e+00	1.178612e-01	3.153860e-01	1.101595e+00	1.222107e+00	1.274105e+00	1.317610e+00	1.358462e+00	1.399634e+00	1.446721e+00	1.495093e+00	1.568294e+00	1.742486e+00	1.602053e+00	-3.223454e-01	
8  10.2954	-1.029960e+00	7.807463e-02	5.147634e-02	6.719870e-01	9.676240e-01	8.080678e-01	2.759745e+00	1.233053e-01	3.146714e-01	1.102057e+00	1.222967e+00	1.275620e+00	1.318145e+00	1.358555e+00	1.400398e+00	1.447534e+00	1.495720e+00	1.566824e+00	1.740107e+00	1.560684e+00	-2.964361e-01	
2  10.4437	-1.046324e+00	1.382615e-01	5.201614e-02	6.708771e-01	9.674449e-01	8.084840e-01	2.574040e+00	1.334462e-01	3.137866e-01	1.102556e+00	1.223351e+00	1.275235e+00	1.318759e+00	1.358388e+00	1.399959e+00	1.447269e+00	1.494206e+00	1.565678e+00	1.738377e+00	1.589091e+00	-3.245636e-01	
3  11.9214	-1.076405e+00	2.655733e-01	5.060793e-02	6.897186e-01	9.561503e-01	8.113631e-01	2.712025e+00	1.398231e-01	3.113941e-01	1.100009e+00	1.220072e+00	1.271519e+00	1.314897e+00	1.351788e+00	1.395157e+00	1.437987e+00	1.488396e+00	1.557493e+00	1.728669e+00	1.637431e+00	-3.519292e-01	
2  10.7241	-1.055516e+00	1.767328e-01	5.071815e-02	6.811731e-01	9.619240e-01	8.088997e-01	2.698354e+00	1.463438e-01	3.134516e-01	1.101171e+00	1.220865e+00	1.273638e+00	1.316577e+00	1.355240e+00	1.397760e+00	1.441189e+00	1.491947e+00	1.560430e+00	1.733428e+00	1.593100e+00	-3.214897e-01	
5  10.0893	-1.055547e+00	1.634111e-01	4.901050e-02	6.546901e-01	9.700175e-01	8.096609e-01	2.502237e+00	1.220097e-01	3.129413e-01	1.102301e+00	1.222316e+00	1.276155e+00	1.318312e+00	1.358228e+00	1.401217e+00	1.445420e+00	1.495718e+00	1.564312e+00	1.738392e+00	1.662775e+00	-3.597283e-01	
1  9.12978	-1.044021e+00	1.722661e-01	4.950501e-02	6.625201e-01	9.651732e-01	8.122900e-01	2.517206e+00	5.948262e-02	3.121766e-01	1.100686e+00	1.219606e+00	1.273308e+00	1.315440e+00	1.355468e+00	1.397145e+00	1.443073e+00	1.491371e+00	1.560937e+00	1.735607e+00	1.647944e+00	-3.520137e-01	
4  7.40653	-1.052945e+00	1.918134e-01	4.981842e-02	6.595367e-01	9.696144e-01	8.142538e-01	2.570802e+00	5.163478e-02	3.106103e-01	1.099116e+00	1.219579e+00	1.272536e+00	1.314758e+00	1.355506e+00	1.396945e+00	1.443382e+00	1.492022e+00	1.560640e+00	1.735911e+00	1.651891e+00	-3.476047e-01	
13  7.13799	-1.063917e+00	2.104425e-01	4.990948e-02	6.661890e-01	9.696357e-01	8.149043e-01	2.668640e+00	5.709248e-02	3.095161e-01	1.099035e+00	1.220501e+00	1.272500e+00	1.315910e+00	1.356674e+00	1.398319e+00	1.444231e+00	1.493838e+00	1.562379e+00	1.737703e+00	1.621356e+00	-3.274229e-01	
6  6.66839	-1.048605e+00	1.663913e-01	4.840881e-02	6.645542e-01	9.666071e-01	8.134751e-01	2.758121e+00	8.051122e-02	3.108410e-01	1.097226e+00	1.217764e+00	1.270391e+00	1.312944e+00	1.353639e+00	1.394830e+00	1.441322e+00	1.489990e+00	1.558928e+00	1.733536e+00	1.617232e+00	-3.201887e-01	
6  8.06205	-1.038304e+00	1.657218e-01	4.845430e-02	6.682433e-01	9.621316e-01	8.134829e-01	2.781898e+00	6.974280e-02	3.116748e-01	1.095994e+00	1.215083e+00	1.268713e+00	1.310550e+00	1.350764e+00	1.391943e+00	1.437770e+00	1.486273e+00	1.555528e+00	1.730618e+00	1.626822e+00	-3.263577e-01	
4  9.01813	-1.030930e+00	1.359050e-01	4.941516e-02	6.797899e-01	9.636229e-01	8.137824e-01	2.964460e+00	6.444694e-02	3.110694e-01	1.094714e+00	1.213592e+00	1.268016e+00	1.310059e+00	1.349773e+00	1.391943e+00	1.436889e+00	1.486691e+00	1.556571e+00	1.731349e+00	1.669850e+00	-3.548367e-01	
1  8.65808	-1.023873e+00	8.961082e-02	4.953178e-02	6.857249e-01	9.639055e-01	8.104336e-01	3.082841e+00	9.772798e-02	3.132587e-01	1.097330e+00	1.216407e+00	1.271004e+00	1.313039e+00	1.353697e+00	1.395231e+00	1.440725e+00	1.489424e+00	1.559945e+00	1.736512e+00	1.671589e+00	-3.701015e-01	
5  8.41195	-1.031417e+00	1.182642e-01	4.991542e-02	6.937270e-01	9.569443e-01	8.104119e-01	2.967900e+00	1.149490e-01	3.129020e-01	1.097017e+00	1.215909e+00	1.270952e+00	1.311252e+00	1.353271e+00	1.393019e+00	1.440269e+00	1.487143e+00	1.557393e+00	1.732881e+00	1.563848e+00	-3.102811e-01	
2  8.86173	-1.014290e+00	3.340216e-02	4.890846e-02	6.653041e-01	9.650233e-01	8.084180e-01	2.607742e+00	1.244675e-01	3.143811e-01	1.098021e+00	1.216704e+00	1.271939e+00	1.311394e+00	1.356773e+00	1.395474e+00	1.442424e+00	1.492154e+00	1.560669e+00	1.737300e+00	1.608909e+00	-3.435041e-01	
3  10.1275	-1.010816e+00	4.782142e-02	5.106532e-02	6.713836e-01	9.601765e-01	8.102416e-01	2.393661e+00	8.812175e-02	3.138032e-01	1.097158e+00	1.216058e+00	1.270273e+00	1.309440e+00	1.354258e+00	1.393640e+00	1.439572e+00	1.490371e+00	1.558596e+00	1.735876e+00	1.615326e+00	-3.533975e-01	
5  10.9017	-9.946974e-01	-6.398086e-02	5.107384e-02	6.489699e-01	9.715980e-01	8.053496e-01	2.306962e+00	1.531192e-01	3.170737e-01	1.099064e+00	1.219270e+00	1.273046e+00	1.314271e+00	1.357229e+00	1.400688e+00	1.445938e+00	1.496102e+00	1.565772e+00	1.741955e+00	1.740209e+00	-4.350995e-01	
9  9.59069	-1.010045e+00	-2.661437e-02	5.043349e-02	6.389765e-01	9.773644e-01	8.068276e-01	2.262264e+00	1.405365e-01	3.153952e-01	1.099363e+00	1.219625e+00	1.274795e+00	1.316127e+00	1.359020e+00	1.402478e+00	1.448034e+00	1.499340e+00	1.568176e+00	1.744213e+00	1.713293e+00	-4.126176e-01	
4  11.1586	-1.009690e+00	-5.565413e-02	4.901285e-02	6.245323e-01	9.859723e-01	8.071520e-01	2.316834e+00	1.248116e-01	3.147556e-01	1.099910e+00	1.221075e+00	1.277186e+00	1.319916e+00	1.362404e+00	1.406418e+00	1.451996e+00	1.503545e+00	1.573492e+00	1.750404e+00	1.712272e+00	-4.131575e-01	
1  8.58307	-1.009426e+00	-5.732769e-02	4.988173e-02	6.263933e-01	9.876669e-01	8.081811e-01	2.317509e+00	1.005212e-01	3.142799e-01	1.100607e+00	1.222502e+00	1.277264e+00	1.320752e+00	1.364148e+00	1.407209e+00	1.453505e+00	1.505448e+00	1.575077e+00	1.752221e+00	1.638211e+00	-3.655461e-01	
20  10.6742	-1.008748e+00	-5.851400e-02	4.800455e-02	6.048691e-01	9.916997e-01	8.100849e-01	2.069818e+00	7.504128e-02	3.131259e-01	1.099362e+00	1.220760e+00	1.275788e+00	1.319733e+00	1.363615e+00	1.406217e+00	1.452142e+00	1.505723e+00	1.574206e+00	1.753958e+00	1.695891e+00	-3.931015e-01	
2  12.5691	-1.023343e+00	4.381638e-02	4.775924e-02	6.252740e-01	9.821506e-01	8.130612e-01	2.268848e+00	5.400696e-02	3.113847e-01	1.096774e+00	1.217003e+00	1.271668e+00	1.315058e+00	1.357351e+00	1.400197e+00	1.444589e+00	1.498186e+00	1.565758e+00	1.745116e+00	1.666944e+00	-3.749971e-01	
21  12.2311	-1.041143e+00	1.120601e-01	4.641200e-02	6.437458e-01	9.752704e-01	8.142546e-01	2.589459e+00	6.205916e-02	3.102193e-01	1.095989e+00	1.216535e+00	1.270761e+00	1.313166e+00	1.356137e+00	1.396388e+00	1.441660e+00	1.493793e+00	1.561498e+00	1.740881e+00	1.665828e+00	-3.706721e-01	
10  15.3412	-1.016718e+00	-8.643446e-03	4.565136e-02	6.002398e-01	9.902014e-01	8.114819e-01	2.043979e+00	6.927970e-02	3.120821e-01	1.097067e+00	1.218697e+00	1.273705e+00	1.315988e+00	1.360859e+00	1.400277e+00	1.448308e+00	1.500679e+00	1.567887e+00	1.750409e+00	1.716682e+00	-4.152388e-01	
8  16.942	-1.036776e+00	6.683682e-02	4.767741e-02	6.185683e-01	9.871028e-01	8.133579e-01	2.159878e+00	5.543280e-02	3.101890e-01	1.097509e+00	1.218776e+00	1.274798e+00	1.316807e+00	1.360988e+00	1.400371e+00	1.449376e+00	1.500566e+00	1.568712e+00	1.748902e+00	1.752625e+00	-4.274811e-01	
2  18.4421	-1.049345e+00	8.776611e-02	4.727343e-02	6.166511e-01	9.878077e-01	8.112559e-01	2.106112e+00	8.346510e-02	3.107284e-01	1.100076e+00	1.222142e+00	1.279179e+00	1.319749e+00	1.365073e+00	1.404113e+00	1.452206e+00	1.503876e+00	1.572143e+00	1.752589e+00	1.773875e+00	-4.408548e-01	
2  19.6681	-1.070441e+00	1.526594e-01	4.563793e-02	6.285110e-01	9.856771e-01	8.133802e-01	2.474369e+00	7.214454e-02	3.084573e-01	1.100382e+00	1.222529e+00	1.279055e+00	1.321820e+00	1.365131e+00	1.403717e+00	1.452726e+00	1.503830e+00	1.572697e+00	1.751654e+00	1.750573e+00	-4.205226e-01	
8  20.0791	-1.085781e+00	1.959428e-01	4.395758e-02	6.243640e-01	9.867647e-01	8.135584e-01	2.573678e+00	8.839951e-02	3.078868e-01	1.100478e+00	1.223865e+00	1.280149e+00	1.322214e+00	1.364823e+00	1.405452e+00	1.453337e+00	1.502848e+00	1.573325e+00	1.750228e+00	1.646371e+00	-3.657388e-01	
3  17.161	-1.093398e+00	2.430492e-01	4.480877e-02	6.589969e-01	9.746204e-01	8.155080e-01	2.972650e+00	7.680428e-02	3.068062e-01	1.099623e+00	1.222688e+00	1.277220e+00	1.320577e+00	1.363136e+00	1.403065e+00	1.449365e+00	1.498915e+00	1.570033e+00	1.745094e+00	1.609540e+00	-3.386918e-01	
6  10.6508	-1.056985e+00	1.112425e-01	4.716996e-02	6.608265e-01	9.756037e-01	8.133706e-01	2.959499e+00	6.559482e-02	3.096129e-01	1.101166e+00	1.224251e+00	1.278486e+00	1.322457e+00	1.365158e+00	1.406659e+00	1.452419e+00	1.502057e+00	1.575014e+00	1.750000e+00	1.624936e+00	-3.515098e-01	
18  13.3374	-1.085648e+00	2.442606e-01	4.890405e-02	6.645896e-01	9.730031e-01	8.160959e-01	2.683122e+00	6.959835e-02	3.071607e-01	1.098210e+00	1.220247e+00	1.273303e+00	1.316845e+00	1.359852e+00	1.400029e+00	1.445024e+00	1.494860e+00	1.565855e+00	1.739473e+00	1.603027e+00	-3.311134e-01	
5  11.1072	-1.064249e+00	1.690984e-01	4.782500e-02	6.567197e-01	9.749524e-01	8.153169e-01	2.725165e+00	7.502785e-02	3.082354e-01	1.096685e+00	1.218197e+00	1.271926e+00	1.315461e+00	1.358440e+00	1.398174e+00	1.444821e+00	1.493842e+00	1.564770e+00	1.738825e+00	1.660284e+00	-3.645052e-01	
10  9.53609	-1.042391e+00	1.175502e-01	4.929038e-02	6.905858e-01	9.647099e-01	8.149189e-01	3.180758e+00	7.576283e-02	3.092438e-01	1.094454e+00	1.215587e+00	1.268089e+00	1.311980e+00	1.353152e+00	1.394136e+00	1.439930e+00	1.490694e+00	1.560782e+00	1.735844e+00	1.620247e+00	-3.307636e-01	
4  9.18362	-1.033298e+00	6.919357e-02	5.054872e-02	6.980155e-01	9.658372e-01	8.131068e-01	3.298599e+00	8.756508e-02	3.104782e-01	1.096317e+00	1.218453e+00	1.270396e+00	1.314737e+00	1.356424e+00	1.397708e+00	1.444190e+00	1.493282e+00	1.564683e+00	1.739154e+00	1.595934e+00	-3.165053e-01	
6  7.74243	-1.027096e+00	5.754620e-02	4.854107e-02	6.903479e-01	9.643032e-01	8.112337e-01	3.337185e+00	1.083529e-01	3.120990e-01	1.097104e+00	1.218337e+00	1.269666e+00	1.314109e+00	1.355476e+00	1.398238e+00	1.443689e+00	1.492178e+00	1.564718e+00	1.739028e+00	1.617217e+00	-3.268244e-01	
5  6.83285	-1.024147e+00	4.709873e-02	4.731901e-02	6.873689e-01	9.635758e-01	8.108625e-01	3.387614e+00	1.118117e-01	3.127637e-01	1.097316e+00	1.218155e+00	1.269446e+00	1.314049e+00	1.355068e+00	1.398460e+00	1.443167e+00	1.492315e+00	1.563440e+00	1.738844e+00	1.623518e+00	-3.337117e-01	
8  6.50782	-1.044797e+00	1.154395e-01	4.626417e-02	6.910946e-01	9.620947e-01	8.116601e-01	3.499251e+00	1.155438e-01	3.115089e-01	1.098072e+00	1.219430e+00	1.270401e+00	1.315683e+00	1.355345e+00	1.399315e+00	1.441710e+00	1.493376e+00	1.563206e+00	1.738456e+00	1.692841e+00	-3.718900e-01	
11  8.44379	-1.050720e+00	1.496807e-01	4.774978e-02	6.966377e-01	9.586745e-01	8.133274e-01	3.360885e+00	1.061533e-01	3.103208e-01	1.096491e+00	1.217319e+00	1.269014e+00	1.313197e+00	1.352752e+00	1.396995e+00	1.437326e+00	1.491432e+00	1.560441e+00	1.734425e+00	1.796929e+00	-4.307405e-01	
3  9.23036	-1.073712e+00	2.602414e-01	4.865102e-02	7.128752e-01	9.517134e-01	8.154036e-01	3.329988e+00	9.597301e-02	3.083097e-01	1.095310e+00	1.215856e+00	1.267284e+00	1.310255e+00	1.351345e+00	1.392251e+00	1.433374e+00	1.485435e+00	1.554962e+00	1.727040e+00	1.803800e+00	-4.305430e-01	
14  8.72049	-1.071406e+00	2.485206e-01	4.872959e-02	6.820833e-01	9.602174e-01	8.137091e-01	2.818436e+00	1.022647e-01	3.095615e-01	1.096897e+00	1.217993e+00	1.269532e+00	1.311385e+00	1.352416e+00	1.395014e+00	1.436622e+00	1.488553e+00	1.558036e+00	1.729330e+00	1.811683e+00	-4.444268e-01	
12  9.37248	-1.084167e+00	2.670098e-01	4.854666e-02	6.663557e-01	9.671537e-01	8.137864e-01	2.579641e+00	9.664695e-02	3.087761e-01	1.099050e+00	1.220687e+00	1.273196e+00	1.315200e+00	1.356873e+00	1.398894e+00	1.440977e+00	1.493450e+00	1.561415e+00	1.733260e+00	1.814222e+00	-4.422597e-01	
5  11.2286	-1.081663e+00	2.347086e-01	4.763925e-02	6.329459e-01	9.773014e-01	8.139779e-01	2.151852e+00	8.342730e-02	3.083102e-01	1.099674e+00	1.221734e+00	1.274660e+00	1.317423e+00	1.359969e+00	1.400770e+00	1.445156e+00	1.497256e+00	1.563532e+00	1.738346e+00	1.754769e+00	-4.031938e-01	
5  12.2048	-1.077629e+00	2.115006e-01	4.908858e-02	6.443329e-01	9.769186e-01	8.131691e-01	2.265146e+00	9.720009e-02	3.086253e-01	1.099566e+00	1.221775e+00	1.273877e+00	1.317999e+00	1.358136e+00	1.401476e+00	1.444710e+00	1.499040e+00	1.564401e+00	1.739246e+00	1.825323e+00	-4.513767e-01	
# After 170 accepted steps: update proposal with max(R-1) = 0.816667 and jumping factor = 2.400000 
11  13.2631	-1.076389e+00	2.164946e-01	4.821213e-02	6.453863e-01	9.712331e-01	8.128701e-01	2.218473e+00	1.065846e-01	3.091021e-01	1.099523e+00	1.221230e+00	1.272749e+00	1.316640e+00	1.356968e+00	1.399598e+00	1.442825e+00	1.497534e+00	1.561826e+00	1.738166e+00	1.776477e+00	-4.136310e-01	
2  14.8759	-1.085976e+00	2.338709e-01	4.744017e-02	6.337144e-01	9.734370e-01	8.130706e-01	2.014867e+00	1.045321e-01	3.088713e-01	1.100662e+00	1.222839e+00	1.274559e+00	1.318983e+00	1.358608e+00	1.402100e+00	1.445511e+00	1.499150e+00	1.564936e+00	1.740924e+00	1.724832e+00	-3.826899e-01	
5  13.586	-1.079935e+00	1.740625e-01	4.508783e-02	6.155734e-01	9.833197e-01	8.111213e-01	2.092117e+00	1.180960e-01	3.096062e-01	1.101922e+00	1.225717e+00	1.278019e+00	1.322459e+00	1.363717e+00	1.406279e+00	1.451914e+00	1.503976e+00	1.569307e+00	1.746654e+00	1.727818e+00	-3.839013e-01	
20  13.2379	-1.080531e+00	1.988427e-01	4.434064e-02	6.515598e-01	9.712936e-01	8.129412e-01	2.746908e+00	1.108835e-01	3.086293e-01	1.100219e+00	1.223330e+00	1.273756e+00	1.320637e+00	1.358894e+00	1.403072e+00	1.446771e+00	1.500256e+00	1.565521e+00	1.741457e+00	1.651241e+00	-3.399937e-01	
18  14.5001	-1.079432e+00	2.019832e-01	4.474257e-02	6.453198e-01	9.713151e-01	8.119924e-01	2.562727e+00	1.153718e-01	3.094369e-01	1.100938e+00	1.223854e+00	1.274941e+00	1.320611e+00	1.359376e+00	1.403243e+00	1.447753e+00	1.499771e+00	1.566697e+00	1.740387e+00	1.613182e+00	-3.102171e-01	
6  14.1767	-1.089859e+00	2.378728e-01	4.413450e-02	6.500810e-01	9.723871e-01	8.153546e-01	2.741848e+00	8.238685e-02	3.069955e-01	1.099368e+00	1.223186e+00	1.274071e+00	1.320489e+00	1.358268e+00	1.402196e+00	1.448253e+00	1.498907e+00	1.566082e+00	1.741260e+00	1.626548e+00	-3.180192e-01	
2  14.3084	-1.042155e+00	3.055349e-02	4.249098e-02	6.192386e-01	9.837030e-01	8.093149e-01	2.606414e+00	1.170601e-01	3.117506e-01	1.101436e+00	1.225246e+00	1.277143e+00	1.323561e+00	1.364246e+00	1.407202e+00	1.455396e+00	1.505219e+00	1.574700e+00	1.749002e+00	1.693538e+00	-3.643517e-01	
3  13.8185	-1.025982e+00	-1.683772e-02	4.407956e-02	6.307657e-01	9.820497e-01	8.084030e-01	2.798533e+00	1.223405e-01	3.131044e-01	1.100787e+00	1.223911e+00	1.276089e+00	1.323598e+00	1.363479e+00	1.405712e+00	1.455219e+00	1.504197e+00	1.575053e+00	1.747680e+00	1.763958e+00	-4.128559e-01	
2  13.6091	-9.955545e-01	-1.045384e-01	4.593706e-02	6.274050e-01	9.820216e-01	8.050218e-01	2.664927e+00	1.361980e-01	3.166617e-01	1.101329e+00	1.223856e+00	1.275389e+00	1.323414e+00	1.363073e+00	1.406023e+00	1.454618e+00	1.504557e+00	1.575778e+00	1.749244e+00	1.738471e+00	-4.124125e-01	
1  12.1384	-9.935561e-01	-5.275128e-02	4.676339e-02	6.572968e-01	9.707628e-01	8.095717e-01	3.050394e+00	7.905998e-02	3.144913e-01	1.098146e+00	1.219471e+00	1.269248e+00	1.319461e+00	1.356147e+00	1.400252e+00	1.448036e+00	1.497898e+00	1.569102e+00	1.742239e+00	1.698227e+00	-3.890315e-01	
6  13.3786	-9.921328e-01	-7.541580e-02	4.548631e-02	6.475949e-01	9.773837e-01	8.091896e-01	3.165555e+00	8.325828e-02	3.144695e-01	1.098666e+00	1.220204e+00	1.270514e+00	1.320219e+00	1.358212e+00	1.402433e+00	1.450731e+00	1.500892e+00	1.571441e+00	1.746058e+00	1.634524e+00	-3.453734e-01	
10  11.2152	-9.863600e-01	-8.822047e-02	4.756831e-02	6.388647e-01	9.799749e-01	8.088122e-01	2.826073e+00	7.902534e-02	3.151079e-01	1.098685e+00	1.220164e+00	1.270301e+00	1.320414e+00	1.357660e+00	1.402375e+00	1.450476e+00	1.500708e+00	1.570833e+00	1.747951e+00	1.657504e+00	-3.678514e-01	
3  14.0328	-9.952158e-01	-6.261057e-02	4.357045e-02	6.387219e-01	9.757518e-01	8.090406e-01	3.096102e+00	8.375411e-02	3.148058e-01	1.098873e+00	1.220277e+00	1.271080e+00	1.321303e+00	1.358160e+00	1.401694e+00	1.450654e+00	1.499605e+00	1.570530e+00	1.746404e+00	1.733758e+00	-4.166985e-01	
2  15.0986	-9.882992e-01	-7.676067e-02	4.441095e-02	6.344776e-01	9.772719e-01	8.076026e-01	3.008029e+00	1.097943e-01	3.163835e-01	1.097967e+00	1.218585e+00	1.269070e+00	1.317521e+00	1.356056e+00	1.399424e+00	1.448989e+00	1.497440e+00	1.567653e+00	1.742865e+00	1.685070e+00	-3.971027e-01	
4  13.6605	-1.035101e+00	1.130544e-01	4.296172e-02	6.618655e-01	9.667281e-01	8.120312e-01	3.402296e+00	1.066262e-01	3.124822e-01	1.096040e+00	1.216413e+00	1.266078e+00	1.312805e+00	1.351361e+00	1.393244e+00	1.441049e+00	1.490873e+00	1.558006e+00	1.732361e+00	1.708568e+00	-4.072877e-01	
9  13.3066	-1.028561e+00	8.973417e-02	4.364597e-02	6.650877e-01	9.674579e-01	8.119425e-01	3.481055e+00	9.574756e-02	3.128568e-01	1.096361e+00	1.216891e+00	1.267575e+00	1.313327e+00	1.352352e+00	1.393657e+00	1.441887e+00	1.492936e+00	1.558853e+00	1.734136e+00	1.773958e+00	-4.452248e-01	
8  14.8399	-1.069508e+00	2.473900e-01	4.259700e-02	7.081638e-01	9.515148e-01	8.174537e-01	4.032052e+00	8.907572e-02	3.079382e-01	1.092877e+00	1.213200e+00	1.263405e+00	1.308369e+00	1.346237e+00	1.387099e+00	1.432629e+00	1.484053e+00	1.549796e+00	1.723587e+00	1.851479e+00	-4.909591e-01	
5  16.3881	-1.066592e+00	2.300274e-01	4.308848e-02	7.037148e-01	9.542773e-01	8.163412e-01	3.939816e+00	1.064288e-01	3.081744e-01	1.092695e+00	1.212728e+00	1.263707e+00	1.307631e+00	1.346618e+00	1.387143e+00	1.433110e+00	1.483665e+00	1.549255e+00	1.723562e+00	1.812668e+00	-4.684048e-01	
8  16.5201	-1.067323e+00	2.507776e-01	4.272677e-02	7.289178e-01	9.470595e-01	8.179047e-01	4.437406e+00	9.482842e-02	3.076069e-01	1.092174e+00	1.211743e+00	1.260931e+00	1.306363e+00	1.345330e+00	1.384801e+00	1.430816e+00	1.481841e+00	1.546580e+00	1.720985e+00	1.831299e+00	-4.756744e-01	
3  14.7685	-1.056929e+00	1.914108e-01	4.341119e-02	7.251081e-01	9.484679e-01	8.145859e-01	4.270117e+00	1.098690e-01	3.097718e-01	1.095383e+00	1.215622e+00	1.265200e+00	1.310440e+00	1.351045e+00	1.389243e+00	1.436738e+00	1.487278e+00	1.551751e+00	1.726041e+00	1.887384e+00	-5.147013e-01	
7  15.634	-1.054868e+00	2.171822e-01	4.236064e-02	7.513374e-01	9.364741e-01	8.166819e-01	4.736108e+00	8.988673e-02	3.089656e-01	1.093328e+00	1.212369e+00	1.261718e+00	1.306732e+00	1.347259e+00	1.385359e+00	1.430944e+00	1.482752e+00	1.545694e+00	1.720637e+00	1.879137e+00	-5.085152e-01	
8  14.7078	-1.022765e+00	1.107531e-01	4.188811e-02	7.392067e-01	9.441097e-01	8.143942e-01	4.883797e+00	7.942377e-02	3.112535e-01	1.093572e+00	1.212584e+00	1.262423e+00	1.307258e+00	1.349324e+00	1.386815e+00	1.434081e+00	1.484832e+00	1.549384e+00	1.725104e+00	1.925285e+00	-5.380128e-01	
1  13.0611	-1.026172e+00	1.200219e-01	4.267872e-02	7.217078e-01	9.506839e-01	8.143690e-01	4.521543e+00	5.853362e-02	3.108811e-01	1.095605e+00	1.215521e+00	1.264674e+00	1.309564e+00	1.352736e+00	1.390969e+00	1.436732e+00	1.488958e+00	1.552216e+00	1.730818e+00	1.961923e+00	-5.441737e-01	
3  13.4664	-1.024131e+00	7.720656e-02	4.091045e-02	7.029764e-01	9.601225e-01	8.125763e-01	4.547908e+00	5.956725e-02	3.117133e-01	1.099096e+00	1.219689e+00	1.269517e+00	1.315038e+00	1.358372e+00	1.397673e+00	1.443631e+00	1.497039e+00	1.560714e+00	1.739685e+00	1.941314e+00	-5.349161e-01	
7  12.3033	-1.024232e+00	1.168021e-01	4.321861e-02	7.200368e-01	9.528556e-01	8.134925e-01	4.497591e+00	5.433244e-02	3.114945e-01	1.096482e+00	1.216417e+00	1.266300e+00	1.310922e+00	1.354317e+00	1.391419e+00	1.439743e+00	1.490589e+00	1.554747e+00	1.732129e+00	1.951391e+00	-5.390519e-01	
3  11.9674	-1.029041e+00	1.763834e-01	4.537594e-02	7.542292e-01	9.368294e-01	8.156790e-01	4.652501e+00	5.093188e-02	3.105618e-01	1.093602e+00	1.211906e+00	1.261060e+00	1.305245e+00	1.346653e+00	1.384649e+00	1.431616e+00	1.481807e+00	1.546506e+00	1.724157e+00	1.892645e+00	-5.090872e-01	
4  12.791	-1.003282e+00	8.731590e-02	4.440261e-02	7.370050e-01	9.440610e-01	8.148687e-01	4.670114e+00	3.925668e-02	3.118016e-01	1.092722e+00	1.211304e+00	1.260906e+00	1.303668e+00	1.346775e+00	1.385423e+00	1.432368e+00	1.483265e+00	1.548241e+00	1.728057e+00	1.770858e+00	-4.304384e-01	
3  12.7654	-9.912226e-01	6.001847e-02	4.700949e-02	7.195244e-01	9.474403e-01	8.133157e-01	4.063141e+00	3.878300e-02	3.133226e-01	1.093208e+00	1.211115e+00	1.261483e+00	1.303870e+00	1.347356e+00	1.384455e+00	1.433335e+00	1.482639e+00	1.549218e+00	1.728873e+00	1.719578e+00	-4.008344e-01	
3  11.4472	-1.014326e+00	1.216740e-01	4.616483e-02	7.172212e-01	9.493390e-01	8.157353e-01	4.092457e+00	2.905045e-02	3.111427e-01	1.093220e+00	1.212388e+00	1.262753e+00	1.304335e+00	1.349103e+00	1.385244e+00	1.435554e+00	1.482343e+00	1.550848e+00	1.728667e+00	1.725862e+00	-4.024951e-01	
9  11.0401	-1.004902e+00	2.827018e-02	4.341302e-02	6.837627e-01	9.622952e-01	8.112488e-01	3.924821e+00	7.998365e-02	3.136879e-01	1.096004e+00	1.215523e+00	1.268667e+00	1.308635e+00	1.355587e+00	1.391384e+00	1.442311e+00	1.489333e+00	1.558685e+00	1.737474e+00	1.671722e+00	-3.785757e-01	
20  8.25271	-1.040134e+00	1.762070e-01	4.236287e-02	7.083287e-01	9.480352e-01	8.147744e-01	4.067043e+00	7.277086e-02	3.106128e-01	1.094741e+00	1.213725e+00	1.266013e+00	1.306693e+00	1.351226e+00	1.388293e+00	1.435544e+00	1.484012e+00	1.552717e+00	1.728538e+00	1.724949e+00	-4.109683e-01	
2  8.31679	-1.038662e+00	1.558155e-01	4.265917e-02	6.945566e-01	9.537437e-01	8.140671e-01	3.887928e+00	7.654881e-02	3.113586e-01	1.095646e+00	1.214883e+00	1.268212e+00	1.308565e+00	1.352450e+00	1.391121e+00	1.437350e+00	1.487442e+00	1.555037e+00	1.731041e+00	1.680161e+00	-3.871054e-01	
1  8.52484	-1.013043e+00	6.469227e-02	4.410010e-02	6.833894e-01	9.607532e-01	8.128684e-01	3.782128e+00	5.323216e-02	3.129937e-01	1.096364e+00	1.215953e+00	1.269179e+00	1.311620e+00	1.353851e+00	1.393373e+00	1.440187e+00	1.491655e+00	1.559263e+00	1.735811e+00	1.648973e+00	-3.726610e-01	
6  6.38423	-1.030158e+00	1.355709e-01	4.518629e-02	6.948862e-01	9.586998e-01	8.159994e-01	3.792776e+00	3.646150e-02	3.103737e-01	1.094677e+00	1.214303e+00	1.265929e+00	1.309711e+00	1.351678e+00	1.390091e+00	1.437912e+00	1.487591e+00	1.555680e+00	1.730681e+00	1.712138e+00	-4.108905e-01	
3  7.28471	-1.039260e+00	2.154611e-01	4.912289e-02	7.243840e-01	9.448581e-01	8.190700e-01	3.652801e+00	9.787991e-03	3.089158e-01	1.092833e+00	1.210488e+00	1.261452e+00	1.305802e+00	1.346164e+00	1.385002e+00	1.430476e+00	1.479556e+00	1.548421e+00	1.721247e+00	1.673829e+00	-3.870450e-01	
8  9.60716	-1.050523e+00	2.530857e-01	4.434647e-02	7.134855e-01	9.454837e-01	8.179881e-01	3.972237e+00	2.843224e-02	3.094747e-01	1.094572e+00	1.211495e+00	1.263782e+00	1.306943e+00	1.347426e+00	1.385389e+00	1.431760e+00	1.479845e+00	1.549557e+00	1.721364e+00	1.746883e+00	-4.319519e-01	
5  9.73157	-1.045808e+00	2.547396e-01	4.371829e-02	7.139407e-01	9.427948e-01	8.173806e-01	3.951048e+00	3.229848e-02	3.099813e-01	1.093950e+00	1.209917e+00	1.262232e+00	1.304619e+00	1.345713e+00	1.382852e+00	1.429250e+00	1.477102e+00	1.547375e+00	1.719071e+00	1.747472e+00	-4.262030e-01	
1  10.9874	-1.000557e+00	8.598682e-02	4.241407e-02	6.884946e-01	9.527091e-01	8.129616e-01	3.925814e+00	4.189528e-02	3.139978e-01	1.095279e+00	1.211543e+00	1.262806e+00	1.306886e+00	1.348180e+00	1.386386e+00	1.433952e+00	1.481836e+00	1.553367e+00	1.727188e+00	1.721646e+00	-4.169276e-01	
5  11.0182	-1.039536e+00	2.515161e-01	4.236602e-02	7.304571e-01	9.356246e-01	8.160017e-01	4.325464e+00	3.662835e-02	3.111852e-01	1.094870e+00	1.210433e+00	1.261968e+00	1.304393e+00	1.344863e+00	1.382748e+00	1.427910e+00	1.475772e+00	1.545962e+00	1.718616e+00	1.669631e+00	-3.815939e-01	
1  9.52846	-1.038734e+00	2.263103e-01	4.380148e-02	7.220699e-01	9.389360e-01	8.155882e-01	3.998465e+00	3.464939e-02	3.114649e-01	1.095990e+00	1.212753e+00	1.264117e+00	1.307338e+00	1.347250e+00	1.385278e+00	1.432145e+00	1.478956e+00	1.549980e+00	1.721618e+00	1.770683e+00	-4.471802e-01	
5  9.38303	-1.031747e+00	1.268032e-01	4.438001e-02	6.806290e-01	9.629235e-01	8.111618e-01	3.687243e+00	6.193117e-02	3.134825e-01	1.100839e+00	1.220821e+00	1.273411e+00	1.316806e+00	1.358865e+00	1.396105e+00	1.446334e+00	1.492614e+00	1.563923e+00	1.737323e+00	1.796318e+00	-4.617815e-01	
29  8.30713	-1.053945e+00	2.592454e-01	4.440102e-02	7.237188e-01	9.445631e-01	8.166978e-01	4.147149e+00	2.154004e-02	3.098959e-01	1.097367e+00	1.216187e+00	1.268249e+00	1.310028e+00	1.351519e+00	1.387867e+00	1.437277e+00	1.482983e+00	1.553197e+00	1.726749e+00	1.692810e+00	-3.970949e-01	
14  8.57033	-1.068956e+00	2.862101e-01	4.396622e-02	7.223424e-01	9.458670e-01	8.163686e-01	4.128333e+00	4.670165e-02	3.091577e-01	1.098056e+00	1.216951e+00	1.268844e+00	1.310839e+00	1.352887e+00	1.389909e+00	1.437532e+00	1.484191e+00	1.554842e+00	1.726183e+00	1.792011e+00	-4.556378e-01	
4  8.10613	-1.057958e+00	2.513388e-01	4.582895e-02	7.116190e-01	9.516049e-01	8.162335e-01	3.845980e+00	2.743989e-02	3.093526e-01	1.098424e+00	1.217567e+00	1.269820e+00	1.311364e+00	1.353618e+00	1.392005e+00	1.439099e+00	1.486339e+00	1.556748e+00	1.730230e+00	1.775987e+00	-4.536436e-01	
1  8.99858	-1.032082e+00	1.666978e-01	4.644811e-02	7.123433e-01	9.556779e-01	8.152485e-01	4.050753e+00	1.520793e-02	3.106630e-01	1.097943e+00	1.217404e+00	1.268645e+00	1.311469e+00	1.354553e+00	1.392513e+00	1.440104e+00	1.487906e+00	1.558752e+00	1.732471e+00	1.832583e+00	-4.861370e-01	
7  7.63154	-1.006886e+00	9.119538e-02	4.595953e-02	7.157970e-01	9.524991e-01	8.129879e-01	4.211687e+00	3.527893e-02	3.133135e-01	1.097150e+00	1.215111e+00	1.266969e+00	1.308533e+00	1.352278e+00	1.390518e+00	1.438012e+00	1.485517e+00	1.557412e+00	1.730616e+00	1.857124e+00	-5.026003e-01	
11  6.47699	-9.964539e-01	4.059416e-03	4.393079e-02	6.949250e-01	9.624982e-01	8.115701e-01	4.198729e+00	3.367803e-02	3.138595e-01	1.099515e+00	1.219191e+00	1.271258e+00	1.314117e+00	1.358956e+00	1.397260e+00	1.445519e+00	1.494054e+00	1.565008e+00	1.740573e+00	1.751752e+00	-4.291078e-01	
11  6.72918	-1.010297e+00	5.069963e-02	4.419259e-02	6.964349e-01	9.622808e-01	8.110625e-01	4.200491e+00	5.025709e-02	3.140184e-01	1.100708e+00	1.220444e+00	1.271837e+00	1.315864e+00	1.359039e+00	1.398166e+00	1.444946e+00	1.494323e+00	1.563192e+00	1.739691e+00	1.578455e+00	-3.164184e-01	
3  7.70878	-1.011744e+00	5.032918e-02	4.456210e-02	6.987225e-01	9.622948e-01	8.116913e-01	4.135999e+00	4.610914e-02	3.134356e-01	1.100506e+00	1.220422e+00	1.270932e+00	1.315779e+00	1.358457e+00	1.398488e+00	1.444675e+00	1.493711e+00	1.563978e+00	1.739372e+00	1.633654e+00	-3.625806e-01	
5  8.25654	-1.021958e+00	1.127808e-01	4.672273e-02	7.126089e-01	9.553597e-01	8.154893e-01	3.961418e+00	7.439678e-03	3.110116e-01	1.097813e+00	1.218184e+00	1.267689e+00	1.312696e+00	1.354636e+00	1.395547e+00	1.439202e+00	1.488907e+00	1.558118e+00	1.735192e+00	1.563800e+00	-3.182787e-01	
14  5.78887	-1.005250e+00	3.678963e-02	4.442257e-02	7.025822e-01	9.579777e-01	8.109107e-01	4.136722e+00	5.640359e-02	3.141704e-01	1.099385e+00	1.219727e+00	1.270278e+00	1.314130e+00	1.356009e+00	1.397959e+00	1.440992e+00	1.491794e+00	1.562304e+00	1.738483e+00	1.561163e+00	-3.181709e-01	
3  8.39319	-9.873840e-01	-4.070860e-02	4.306090e-02	6.841386e-01	9.642932e-01	8.088729e-01	4.069203e+00	6.106794e-02	3.156697e-01	1.100535e+00	1.220661e+00	1.271854e+00	1.315761e+00	1.359739e+00	1.400121e+00	1.444562e+00	1.495984e+00	1.566716e+00	1.744484e+00	1.491992e+00	-2.724812e-01	
7  9.53116	-9.815309e-01	-5.090607e-02	4.519146e-02	6.902605e-01	9.627332e-01	8.083187e-01	4.029292e+00	6.762920e-02	3.165451e-01	1.099969e+00	1.220250e+00	1.271299e+00	1.314673e+00	1.358404e+00	1.398773e+00	1.443445e+00	1.494767e+00	1.565591e+00	1.742842e+00	1.452724e+00	-2.435667e-01	
4  9.56787	-9.925630e-01	-3.052558e-03	4.642785e-02	7.141858e-01	9.557471e-01	8.100761e-01	4.245800e+00	4.506839e-02	3.151027e-01	1.100696e+00	1.221355e+00	1.272224e+00	1.315315e+00	1.358814e+00	1.398953e+00	1.442853e+00	1.494899e+00	1.565224e+00	1.743359e+00	1.467808e+00	-2.483774e-01	
2  11.1667	-1.007508e+00	8.110325e-02	4.557224e-02	7.375352e-01	9.411411e-01	8.125764e-01	4.437511e+00	4.708112e-02	3.138992e-01	1.097738e+00	1.216903e+00	1.267699e+00	1.309025e+00	1.352855e+00	1.391838e+00	1.435741e+00	1.486565e+00	1.555882e+00	1.733944e+00	1.481223e+00	-2.658703e-01	
# After 225 accepted steps: rescaled jumping factor from 2.400000 to 2.411070, due to updated covariance matrix 
# After 225 accepted steps: update proposal with max(R-1) = 0.553768 and jumping factor = 2.411070 
6  11.5716	-9.882151e-01	-1.815783e-02	4.563642e-02	7.255645e-01	9.511281e-01	8.110787e-01	4.460201e+00	3.586679e-02	3.148946e-01	1.099155e+00	1.219318e+00	1.270756e+00	1.313339e+00	1.356797e+00	1.396552e+00	1.441979e+00	1.493191e+00	1.563016e+00	1.742313e+00	1.464855e+00	-2.501266e-01	
1  14.3366	-1.012568e+00	2.963692e-02	4.639313e-02	7.261804e-01	9.555599e-01	8.125410e-01	4.442479e+00	2.855951e-02	3.129326e-01	1.101197e+00	1.223554e+00	1.273992e+00	1.318667e+00	1.361276e+00	1.401663e+00	1.446375e+00	1.498054e+00	1.566810e+00	1.746764e+00	1.463008e+00	-2.433445e-01	
4  14.4231	-1.009256e+00	6.683445e-02	4.710359e-02	7.410772e-01	9.451828e-01	8.139035e-01	4.462741e+00	2.214746e-02	3.131072e-01	1.097477e+00	1.218316e+00	1.268785e+00	1.313903e+00	1.353243e+00	1.394166e+00	1.439375e+00	1.488865e+00	1.557552e+00	1.737769e+00	1.549204e+00	-3.026294e-01	
41  15.1274	-1.024882e+00	1.553215e-01	4.658650e-02	7.736865e-01	9.307914e-01	8.169962e-01	4.831260e+00	1.035418e-02	3.110261e-01	1.094792e+00	1.214465e+00	1.264665e+00	1.307301e+00	1.348406e+00	1.387654e+00	1.432166e+00	1.481632e+00	1.549064e+00	1.729847e+00	1.583384e+00	-3.223093e-01	
1  14.8992	-1.039272e+00	2.205048e-01	4.616690e-02	7.884949e-01	9.246328e-01	8.179004e-01	4.975577e+00	2.414416e-02	3.097631e-01	1.093554e+00	1.212716e+00	1.261671e+00	1.304058e+00	1.345286e+00	1.384080e+00	1.426341e+00	1.477589e+00	1.544775e+00	1.724187e+00	1.783251e+00	-4.389381e-01	
6  15.2153	-1.039770e+00	1.633942e-01	4.500832e-02	7.555231e-01	9.411245e-01	8.156446e-01	4.730845e+00	1.495887e-02	3.103625e-01	1.099128e+00	1.220257e+00	1.270589e+00	1.313011e+00	1.357109e+00	1.394509e+00	1.438908e+00	1.489772e+00	1.557204e+00	1.738510e+00	1.751619e+00	-4.094348e-01	
23  15.025	-1.034304e+00	1.065347e-01	4.347422e-02	7.334066e-01	9.488859e-01	8.151671e-01	4.572792e+00	1.054582e-02	3.108743e-01	1.100989e+00	1.222911e+00	1.273816e+00	1.317422e+00	1.361406e+00	1.399174e+00	1.445512e+00	1.495855e+00	1.563453e+00	1.745088e+00	1.670793e+00	-3.558795e-01	
6  15.3523	-1.021017e+00	7.102148e-02	4.522599e-02	7.258115e-01	9.507512e-01	8.138555e-01	4.333688e+00	9.126671e-03	3.122391e-01	1.101511e+00	1.223567e+00	1.273244e+00	1.318224e+00	1.362117e+00	1.399747e+00	1.445076e+00	1.497955e+00	1.565229e+00	1.746899e+00	1.711089e+00	-3.850712e-01	
23  12.0908	-1.026457e+00	1.063355e-01	4.693612e-02	7.386673e-01	9.458413e-01	8.140739e-01	4.318721e+00	1.704134e-02	3.122727e-01	1.100705e+00	1.222180e+00	1.272900e+00	1.316893e+00	1.359492e+00	1.397218e+00	1.442241e+00	1.494456e+00	1.561645e+00	1.742294e+00	1.746697e+00	-4.140151e-01	
6  13.6639	-1.022408e+00	8.182370e-02	4.465673e-02	7.385388e-01	9.458354e-01	8.126530e-01	4.564165e+00	3.637778e-02	3.130800e-01	1.100991e+00	1.222141e+00	1.272207e+00	1.318413e+00	1.360273e+00	1.397589e+00	1.443254e+00	1.495122e+00	1.562471e+00	1.741076e+00	1.808774e+00	-4.578075e-01	
6  12.6411	-1.026094e+00	1.115567e-01	4.775705e-02	7.567777e-01	9.384567e-01	8.148514e-01	4.427984e+00	1.113619e-02	3.120846e-01	1.100181e+00	1.220980e+00	1.271722e+00	1.317023e+00	1.356925e+00	1.397196e+00	1.440267e+00	1.493163e+00	1.559562e+00	1.738080e+00	1.695099e+00	-3.872506e-01	
2  12.1051	-1.040384e+00	1.462484e-01	4.575579e-02	7.414043e-01	9.423058e-01	8.148973e-01	4.296157e+00	3.209196e-02	3.112805e-01	1.099767e+00	1.220764e+00	1.272043e+00	1.316599e+00	1.357179e+00	1.398123e+00	1.439309e+00	1.492897e+00	1.559606e+00	1.736575e+00	1.630805e+00	-3.449710e-01	
6  9.88148	-1.037644e+00	1.559661e-01	4.630416e-02	7.420726e-01	9.423223e-01	8.160114e-01	4.265154e+00	2.134845e-02	3.108219e-01	1.098076e+00	1.217791e+00	1.269473e+00	1.313285e+00	1.353846e+00	1.394655e+00	1.436052e+00	1.489940e+00	1.555486e+00	1.732720e+00	1.684754e+00	-3.715125e-01	
4  8.29188	-1.040641e+00	1.938671e-01	4.384692e-02	7.409716e-01	9.426186e-01	8.170275e-01	4.546492e+00	1.200541e-02	3.098298e-01	1.096602e+00	1.215552e+00	1.267445e+00	1.310656e+00	1.350300e+00	1.391632e+00	1.431605e+00	1.487382e+00	1.553287e+00	1.729984e+00	1.660348e+00	-3.490697e-01	
5  10.4143	-1.001258e+00	3.490642e-02	4.484239e-02	7.202757e-01	9.498329e-01	8.119594e-01	4.229509e+00	3.772367e-02	3.139380e-01	1.098227e+00	1.217236e+00	1.269574e+00	1.313365e+00	1.354078e+00	1.395265e+00	1.436619e+00	1.491899e+00	1.559716e+00	1.735992e+00	1.771744e+00	-4.240164e-01	
2  9.77977	-9.914372e-01	1.447528e-03	4.631710e-02	7.320946e-01	9.472571e-01	8.119407e-01	4.351046e+00	3.973278e-02	3.141602e-01	1.098041e+00	1.216803e+00	1.268379e+00	1.312644e+00	1.352385e+00	1.394654e+00	1.436066e+00	1.491182e+00	1.559915e+00	1.736752e+00	1.857219e+00	-4.810223e-01	
12  9.08143	-1.001501e+00	1.628845e-02	4.411439e-02	7.252302e-01	9.537393e-01	8.116879e-01	4.641652e+00	3.934733e-02	3.139075e-01	1.099840e+00	1.220544e+00	1.271080e+00	1.316457e+00	1.355696e+00	1.399617e+00	1.440064e+00	1.495482e+00	1.564497e+00	1.740750e+00	1.861229e+00	-4.891005e-01	
3  8.94583	-1.015436e+00	7.534527e-02	4.461332e-02	7.365878e-01	9.464643e-01	8.136922e-01	4.547007e+00	3.791232e-02	3.123392e-01	1.098269e+00	1.218222e+00	1.268885e+00	1.313782e+00	1.352899e+00	1.396338e+00	1.436623e+00	1.490858e+00	1.560312e+00	1.734449e+00	1.859171e+00	-4.807123e-01	
27  9.91364	-1.015782e+00	9.478588e-02	4.653348e-02	7.450276e-01	9.420465e-01	8.130736e-01	4.451727e+00	5.892731e-02	3.129522e-01	1.097319e+00	1.216563e+00	1.266521e+00	1.312283e+00	1.349676e+00	1.393671e+00	1.433285e+00	1.486753e+00	1.556773e+00	1.729701e+00	1.853191e+00	-4.731821e-01	
11  8.89974	-9.952149e-01	-3.814698e-02	4.610816e-02	6.995926e-01	9.641440e-01	8.083657e-01	4.095622e+00	6.889097e-02	3.157306e-01	1.102002e+00	1.223740e+00	1.275773e+00	1.321261e+00	1.361646e+00	1.405080e+00	1.445905e+00	1.499658e+00	1.569359e+00	1.745995e+00	1.738387e+00	-4.058489e-01	
4  8.86784	-9.868669e-01	-7.311005e-02	4.806296e-02	6.964526e-01	9.661203e-01	8.063978e-01	3.815357e+00	8.832289e-02	3.167278e-01	1.102481e+00	1.224201e+00	1.276424e+00	1.321431e+00	1.362596e+00	1.405678e+00	1.445792e+00	1.500600e+00	1.570538e+00	1.748706e+00	1.773862e+00	-4.323481e-01	
2  10.6365	-1.006436e+00	4.414433e-02	4.889531e-02	7.254783e-01	9.549174e-01	8.118434e-01	4.165154e+00	2.830570e-02	3.134901e-01	1.100847e+00	1.221962e+00	1.274125e+00	1.318567e+00	1.358482e+00	1.401395e+00	1.441432e+00	1.496882e+00	1.564618e+00	1.743097e+00	1.737627e+00	-4.113149e-01	
1  9.96417	-9.874573e-01	-5.280749e-02	4.854678e-02	6.925665e-01	9.683293e-01	8.073235e-01	3.805436e+00	4.252692e-02	3.165638e-01	1.104825e+00	1.226544e+00	1.280082e+00	1.323951e+00	1.365903e+00	1.407315e+00	1.450082e+00	1.504453e+00	1.573845e+00	1.751240e+00	1.795205e+00	-4.462315e-01	
2  9.82954	-9.683386e-01	-1.643187e-01	4.880072e-02	6.683885e-01	9.785379e-01	8.027233e-01	3.491401e+00	7.823455e-02	3.197055e-01	1.107794e+00	1.230205e+00	1.284837e+00	1.328387e+00	1.371237e+00	1.413663e+00	1.457006e+00	1.511762e+00	1.581418e+00	1.760329e+00	1.816989e+00	-4.652442e-01	
9  8.19614	-9.589948e-01	-1.965527e-01	4.883917e-02	6.668245e-01	9.766479e-01	8.026573e-01	3.350579e+00	8.478443e-02	3.201692e-01	1.105954e+00	1.227893e+00	1.282699e+00	1.325862e+00	1.368513e+00	1.412360e+00	1.455187e+00	1.509507e+00	1.578749e+00	1.757296e+00	1.771599e+00	-4.401634e-01	
9  7.15541	-9.657356e-01	-1.675559e-01	4.973523e-02	6.705189e-01	9.749017e-01	8.045231e-01	3.243475e+00	6.652108e-02	3.186314e-01	1.105477e+00	1.227151e+00	1.282506e+00	1.324685e+00	1.368339e+00	1.411027e+00	1.455059e+00	1.509249e+00	1.577846e+00	1.756442e+00	1.758435e+00	-4.287408e-01	
4  6.88093	-9.727059e-01	-6.301562e-02	4.935372e-02	7.095383e-01	9.511245e-01	8.080424e-01	3.557969e+00	6.361485e-02	3.170832e-01	1.100004e+00	1.218300e+00	1.272427e+00	1.314011e+00	1.355136e+00	1.397316e+00	1.440962e+00	1.493421e+00	1.561911e+00	1.738584e+00	1.768757e+00	-4.317995e-01	
1  7.73877	-9.738246e-01	-6.689697e-02	4.981771e-02	7.001594e-01	9.551806e-01	8.078526e-01	3.381020e+00	6.459028e-02	3.172684e-01	1.100340e+00	1.218869e+00	1.273336e+00	1.314901e+00	1.355195e+00	1.399891e+00	1.442076e+00	1.494359e+00	1.562924e+00	1.739116e+00	1.713259e+00	-3.974651e-01	
11  8.83918	-9.687385e-01	-7.237523e-02	4.955868e-02	6.938070e-01	9.557587e-01	8.077392e-01	3.371450e+00	5.716479e-02	3.176865e-01	1.100787e+00	1.219401e+00	1.272261e+00	1.315175e+00	1.354496e+00	1.400402e+00	1.440804e+00	1.494160e+00	1.563059e+00	1.740402e+00	1.711100e+00	-3.943645e-01	
9  6.04195	-9.815088e-01	-2.275166e-02	4.964696e-02	6.930072e-01	9.562628e-01	8.099495e-01	3.313183e+00	4.822712e-02	3.157042e-01	1.099098e+00	1.218366e+00	1.269881e+00	1.313233e+00	1.352444e+00	1.398095e+00	1.439430e+00	1.492502e+00	1.561254e+00	1.737746e+00	1.783937e+00	-4.410952e-01	
7  7.00466	-9.842977e-01	-2.695917e-02	4.758938e-02	6.785953e-01	9.612258e-01	8.091228e-01	3.386542e+00	5.501121e-02	3.164942e-01	1.100901e+00	1.220680e+00	1.271683e+00	1.315773e+00	1.354558e+00	1.400520e+00	1.442392e+00	1.495585e+00	1.565734e+00	1.740976e+00	1.744360e+00	-4.296765e-01	
11  6.19575	-9.657040e-01	-8.920450e-02	5.164012e-02	6.702595e-01	9.649982e-01	8.075830e-01	2.833855e+00	4.731393e-02	3.178359e-01	1.101355e+00	1.221048e+00	1.273205e+00	1.316180e+00	1.356419e+00	1.402041e+00	1.443773e+00	1.497928e+00	1.566615e+00	1.744812e+00	1.785560e+00	-4.461209e-01	
1  8.21898	-1.007968e+00	4.926967e-02	5.208903e-02	6.686970e-01	9.638173e-01	8.102759e-01	2.518874e+00	4.789088e-02	3.145529e-01	1.101867e+00	1.222242e+00	1.273379e+00	1.317334e+00	1.355934e+00	1.402657e+00	1.443142e+00	1.495934e+00	1.564294e+00	1.742790e+00	1.782379e+00	-4.449176e-01	
18  7.85463	-1.013087e+00	5.843222e-02	5.245622e-02	6.669623e-01	9.667980e-01	8.105564e-01	2.506819e+00	4.628342e-02	3.139391e-01	1.102302e+00	1.222892e+00	1.273986e+00	1.317238e+00	1.358757e+00	1.402905e+00	1.445920e+00	1.496783e+00	1.565398e+00	1.744595e+00	1.785303e+00	-4.466372e-01	
2  7.77435	-9.982043e-01	3.549430e-03	5.345535e-02	6.769426e-01	9.641965e-01	8.092388e-01	2.627575e+00	4.597248e-02	3.151700e-01	1.103238e+00	1.223324e+00	1.275210e+00	1.318583e+00	1.360256e+00	1.403042e+00	1.447770e+00	1.497679e+00	1.567202e+00	1.746241e+00	1.786541e+00	-4.534071e-01	
7  9.43453	-1.031353e+00	1.496096e-01	5.355026e-02	7.069366e-01	9.494435e-01	8.140533e-01	2.847233e+00	2.721070e-02	3.118626e-01	1.100722e+00	1.220536e+00	1.271344e+00	1.313609e+00	1.355598e+00	1.396302e+00	1.441922e+00	1.491328e+00	1.559386e+00	1.738097e+00	1.822825e+00	-4.759179e-01	
5  10.8987	-1.028084e+00	1.352942e-01	5.347765e-02	6.875547e-01	9.565595e-01	8.137406e-01	2.533967e+00	2.665091e-02	3.115715e-01	1.099987e+00	1.220433e+00	1.271957e+00	1.313125e+00	1.355859e+00	1.396848e+00	1.443169e+00	1.490565e+00	1.560092e+00	1.738923e+00	1.766054e+00	-4.379651e-01	
3  8.10421	-1.028481e+00	1.224298e-01	5.134291e-02	6.997410e-01	9.558446e-01	8.122463e-01	3.069695e+00	5.159079e-02	3.121860e-01	1.100600e+00	1.221177e+00	1.272295e+00	1.314271e+00	1.356815e+00	1.397204e+00	1.443798e+00	1.492150e+00	1.559928e+00	1.739235e+00	1.702311e+00	-4.010006e-01	
2  8.73513	-1.002571e+00	7.059616e-02	5.335769e-02	6.984582e-01	9.540873e-01	8.115172e-01	2.890393e+00	6.214487e-02	3.139736e-01	1.097088e+00	1.215913e+00	1.265795e+00	1.307862e+00	1.350174e+00	1.391107e+00	1.437141e+00	1.485002e+00	1.554062e+00	1.732276e+00	1.689239e+00	-3.944074e-01	
15  6.90139	-1.026416e+00	1.649243e-01	5.218562e-02	7.045948e-01	9.495721e-01	8.137568e-01	2.936706e+00	4.466885e-02	3.119849e-01	1.097210e+00	1.215475e+00	1.266628e+00	1.308065e+00	1.349361e+00	1.390629e+00	1.434056e+00	1.483766e+00	1.551690e+00	1.729851e+00	1.649432e+00	-3.660763e-01	
2  6.5258	-1.025240e+00	1.846574e-01	5.093808e-02	7.193480e-01	9.438690e-01	8.145963e-01	3.269393e+00	3.554213e-02	3.116402e-01	1.095680e+00	1.213573e+00	1.264352e+00	1.305949e+00	1.346224e+00	1.387171e+00	1.431081e+00	1.480923e+00	1.548228e+00	1.725644e+00	1.653256e+00	-3.773161e-01	
1  4.17785	-9.936837e-01	7.407945e-03	4.815346e-02	6.760689e-01	9.631416e-01	8.081584e-01	3.195262e+00	7.318835e-02	3.159744e-01	1.100572e+00	1.219072e+00	1.272406e+00	1.314686e+00	1.356623e+00	1.397401e+00	1.443956e+00	1.493693e+00	1.563845e+00	1.739135e+00	1.615354e+00	-3.520966e-01	
3  5.51977	-9.869232e-01	1.172745e-02	4.531299e-02	6.949384e-01	9.570298e-01	8.092438e-01	3.906560e+00	6.608609e-02	3.159803e-01	1.098282e+00	1.216379e+00	1.268400e+00	1.310433e+00	1.352394e+00	1.392737e+00	1.438864e+00	1.489647e+00	1.558661e+00	1.733285e+00	1.593261e+00	-3.473188e-01	
1  6.61163	-9.854228e-01	-3.679254e-02	4.503327e-02	6.724800e-01	9.645278e-01	8.092267e-01	3.458283e+00	6.593231e-02	3.157902e-01	1.098707e+00	1.218096e+00	1.269297e+00	1.313215e+00	1.355254e+00	1.397056e+00	1.442392e+00	1.493718e+00	1.563496e+00	1.737085e+00	1.594890e+00	-3.427083e-01	
1  6.4146	-1.020406e+00	7.942187e-02	4.457246e-02	6.867243e-01	9.593709e-01	8.120324e-01	3.558229e+00	6.871708e-02	3.129133e-01	1.097956e+00	1.217863e+00	1.269200e+00	1.312312e+00	1.353672e+00	1.395343e+00	1.440347e+00	1.491169e+00	1.559791e+00	1.734380e+00	1.669247e+00	-3.850312e-01	
28  5.49778	-1.026848e+00	1.107003e-01	4.452267e-02	6.785036e-01	9.620795e-01	8.151883e-01	3.440524e+00	2.578106e-02	3.106214e-01	1.097057e+00	1.217282e+00	1.268689e+00	1.312829e+00	1.352822e+00	1.395781e+00	1.441084e+00	1.491087e+00	1.560046e+00	1.733778e+00	1.689973e+00	-3.922586e-01	
3  6.07023	-1.046689e+00	2.185702e-01	4.473601e-02	7.184096e-01	9.439467e-01	8.188666e-01	3.783755e+00	1.508417e-02	3.082084e-01	1.093848e+00	1.212457e+00	1.263430e+00	1.307124e+00	1.345694e+00	1.388660e+00	1.430927e+00	1.482256e+00	1.549008e+00	1.724025e+00	1.854162e+00	-4.925333e-01	
5  6.563	-1.035970e+00	1.684589e-01	4.450852e-02	7.261390e-01	9.447720e-01	8.166376e-01	4.070053e+00	3.260149e-02	3.096598e-01	1.095086e+00	1.213939e+00	1.265764e+00	1.308231e+00	1.346909e+00	1.391274e+00	1.432013e+00	1.484484e+00	1.551001e+00	1.727621e+00	1.824103e+00	-4.712914e-01	
2  7.90699	-1.022433e+00	1.179636e-01	4.297804e-02	7.194984e-01	9.466179e-01	8.158853e-01	4.125051e+00	2.736748e-02	3.102140e-01	1.095141e+00	1.213240e+00	1.265428e+00	1.308507e+00	1.347680e+00	1.391403e+00	1.432939e+00	1.485928e+00	1.552461e+00	1.729678e+00	1.814110e+00	-4.629100e-01	
3  9.73829	-1.038323e+00	1.811439e-01	4.313837e-02	7.218624e-01	9.473636e-01	8.165584e-01	4.116631e+00	3.149966e-02	3.090463e-01	1.094413e+00	1.212607e+00	1.264759e+00	1.307979e+00	1.346138e+00	1.389348e+00	1.431010e+00	1.484674e+00	1.550628e+00	1.726041e+00	1.832619e+00	-4.767210e-01	
