3  2.71531	-1.015640e+00	5.940353e-02	4.983313e-02	6.814097e-01	9.631210e-01	8.105739e-01	3.006136e+00	7.615378e-02	3.138279e-01	1.099311e+00	1.219154e+00	1.270674e+00	1.315146e+00	1.355375e+00	1.399099e+00	1.440876e+00	1.493345e+00	1.562697e+00	1.737950e+00	1.805601e+00	-4.547907e-01	
11  2.99618	-1.017669e+00	6.087337e-02	4.810541e-02	6.898271e-01	9.614253e-01	8.109258e-01	3.373533e+00	8.152990e-02	3.133618e-01	1.099083e+00	1.218410e+00	1.270424e+00	1.315867e+00	1.355462e+00	1.397904e+00	1.440447e+00	1.493339e+00	1.562057e+00	1.738118e+00	1.725832e+00	-4.063233e-01	
4  2.52103	-1.028180e+00	9.550954e-02	4.803817e-02	6.905815e-01	9.614443e-01	8.107454e-01	3.378244e+00	8.079908e-02	3.132486e-01	1.100291e+00	1.220358e+00	1.271434e+00	1.317233e+00	1.357525e+00	1.398784e+00	1.441936e+00	1.494448e+00	1.563007e+00	1.740119e+00	1.700502e+00	-3.961558e-01	
8  3.10451	-1.027707e+00	1.087243e-01	4.906306e-02	6.945092e-01	9.582850e-01	8.102388e-01	3.219635e+00	9.170888e-02	3.134705e-01	1.099513e+00	1.219159e+00	1.270412e+00	1.315429e+00	1.355983e+00	1.396342e+00	1.439984e+00	1.490821e+00	1.560353e+00	1.737692e+00	1.726327e+00	-4.140710e-01	
2  3.03511	-1.019932e+00	6.901530e-02	4.768144e-02	6.889213e-01	9.615631e-01	8.109050e-01	3.391719e+00	7.051199e-02	3.131843e-01	1.099454e+00	1.220003e+00	1.271487e+00	1.317007e+00	1.356639e+00	1.398422e+00	1.441343e+00	1.493971e+00	1.562486e+00	1.741294e+00	1.697279e+00	-3.948637e-01	
7  3.34328	-1.002413e+00	-4.688035e-03	4.843751e-02	6.528852e-01	9.751533e-01	8.080040e-01	2.837427e+00	8.845044e-02	3.152370e-01	1.099514e+00	1.220686e+00	1.272987e+00	1.319070e+00	1.357561e+00	1.400741e+00	1.445964e+00	1.497094e+00	1.565850e+00	1.744215e+00	1.716111e+00	-4.146620e-01	
2  4.5687	-9.712221e-01	-1.060776e-01	4.811991e-02	6.451379e-01	9.755344e-01	8.071958e-01	2.858979e+00	7.542774e-02	3.172760e-01	1.099246e+00	1.220066e+00	1.271731e+00	1.318550e+00	1.357129e+00	1.400936e+00	1.445512e+00	1.497347e+00	1.568339e+00	1.747424e+00	1.758154e+00	-4.513472e-01	
1  5.87482	-9.701312e-01	-1.258234e-01	4.688939e-02	6.428781e-01	9.785153e-01	8.067038e-01	3.034911e+00	7.678300e-02	3.172320e-01	1.100272e+00	1.221402e+00	1.274053e+00	1.320991e+00	1.359460e+00	1.404782e+00	1.448230e+00	1.500427e+00	1.570580e+00	1.750628e+00	1.737861e+00	-4.342099e-01	
38  4.26551	-9.723432e-01	-1.385640e-01	4.702386e-02	6.434832e-01	9.800846e-01	8.064751e-01	3.051242e+00	6.656435e-02	3.171999e-01	1.102534e+00	1.223668e+00	1.277700e+00	1.323491e+00	1.363386e+00	1.407988e+00	1.451716e+00	1.503956e+00	1.574808e+00	1.754754e+00	1.818659e+00	-4.776540e-01	
4  5.45813	-9.880870e-01	-7.868137e-02	4.484803e-02	6.531210e-01	9.746446e-01	8.073500e-01	3.285885e+00	8.002993e-02	3.161647e-01	1.101563e+00	1.221671e+00	1.277912e+00	1.320135e+00	1.362238e+00	1.404385e+00	1.449149e+00	1.500803e+00	1.570739e+00	1.750049e+00	1.815503e+00	-4.676910e-01	
4  5.42339	-9.618018e-01	-1.863642e-01	4.671695e-02	6.465133e-01	9.777451e-01	8.042518e-01	3.052204e+00	9.715813e-02	3.186426e-01	1.102004e+00	1.223654e+00	1.278859e+00	1.321551e+00	1.363686e+00	1.407124e+00	1.452027e+00	1.504943e+00	1.574152e+00	1.756437e+00	1.775971e+00	-4.509756e-01	
7  4.68441	-9.740013e-01	-1.257968e-01	4.535127e-02	6.668571e-01	9.720563e-01	8.051152e-01	3.527496e+00	1.200790e-01	3.179669e-01	1.100213e+00	1.220365e+00	1.275073e+00	1.317551e+00	1.358900e+00	1.402144e+00	1.447275e+00	1.498720e+00	1.568309e+00	1.747248e+00	1.717435e+00	-4.184788e-01	
12  4.39625	-9.596671e-01	-1.542951e-01	4.554446e-02	6.554158e-01	9.741272e-01	8.045537e-01	3.356594e+00	9.629762e-02	3.192090e-01	1.101091e+00	1.219714e+00	1.274626e+00	1.318074e+00	1.359665e+00	1.402569e+00	1.446342e+00	1.500167e+00	1.568306e+00	1.747387e+00	1.645469e+00	-3.755533e-01	
1  3.82437	-9.770192e-01	-7.197108e-02	4.657465e-02	6.626343e-01	9.702784e-01	8.075214e-01	3.250491e+00	6.803740e-02	3.169385e-01	1.100327e+00	1.219036e+00	1.273158e+00	1.315364e+00	1.357640e+00	1.400990e+00	1.444291e+00	1.496911e+00	1.564764e+00	1.744220e+00	1.725547e+00	-4.305318e-01	
4  4.77035	-9.864928e-01	-2.011267e-02	4.743529e-02	6.856229e-01	9.613556e-01	8.099695e-01	3.441056e+00	4.845175e-02	3.153268e-01	1.099199e+00	1.217952e+00	1.271499e+00	1.312096e+00	1.355862e+00	1.397231e+00	1.441808e+00	1.494198e+00	1.560824e+00	1.739280e+00	1.671611e+00	-3.989423e-01	
7  5.19087	-9.798713e-01	-1.336842e-02	4.774548e-02	6.773675e-01	9.618388e-01	8.102014e-01	3.294148e+00	3.828207e-02	3.158278e-01	1.098010e+00	1.215604e+00	1.269397e+00	1.310179e+00	1.353162e+00	1.394988e+00	1.438859e+00	1.491147e+00	1.558705e+00	1.736766e+00	1.653570e+00	-3.892528e-01	
23  4.79374	-9.914461e-01	-3.064656e-02	4.825514e-02	6.443471e-01	9.754090e-01	8.079971e-01	2.718320e+00	7.247374e-02	3.158193e-01	1.100605e+00	1.219378e+00	1.273282e+00	1.316263e+00	1.359343e+00	1.401150e+00	1.446515e+00	1.496976e+00	1.565692e+00	1.744549e+00	1.644601e+00	-3.766703e-01	
7  4.99853	-9.907532e-01	-2.480403e-02	4.941855e-02	6.497873e-01	9.718617e-01	8.086769e-01	2.646857e+00	6.565670e-02	3.156423e-01	1.100136e+00	1.219829e+00	1.272131e+00	1.315483e+00	1.357607e+00	1.401109e+00	1.445562e+00	1.496091e+00	1.564344e+00	1.745172e+00	1.664012e+00	-3.919305e-01	
37  5.79324	-1.007391e+00	3.571536e-02	4.645964e-02	6.795599e-01	9.633661e-01	8.096540e-01	3.437807e+00	7.666229e-02	3.146964e-01	1.099982e+00	1.218948e+00	1.271952e+00	1.314175e+00	1.354890e+00	1.399994e+00	1.442361e+00	1.494286e+00	1.561274e+00	1.741451e+00	1.729702e+00	-4.319633e-01	
14  6.63228	-1.027392e+00	9.169606e-02	4.788642e-02	6.747907e-01	9.634667e-01	8.095964e-01	3.081202e+00	7.977187e-02	3.141027e-01	1.102986e+00	1.222333e+00	1.275739e+00	1.317364e+00	1.360007e+00	1.402420e+00	1.444984e+00	1.497447e+00	1.563812e+00	1.742407e+00	1.823691e+00	-4.892601e-01	
12  6.21859	-1.014583e+00	6.819765e-02	5.029628e-02	6.875410e-01	9.576570e-01	8.099525e-01	3.049797e+00	6.814731e-02	3.148362e-01	1.102292e+00	1.220604e+00	1.273038e+00	1.315985e+00	1.357049e+00	1.400936e+00	1.443065e+00	1.495655e+00	1.561537e+00	1.740879e+00	1.755431e+00	-4.386114e-01	
3  5.92384	-1.000443e+00	5.462930e-03	5.012549e-02	6.818195e-01	9.595505e-01	8.084894e-01	2.995683e+00	9.065691e-02	3.159997e-01	1.101342e+00	1.220233e+00	1.272380e+00	1.315258e+00	1.356598e+00	1.401349e+00	1.442438e+00	1.495834e+00	1.561377e+00	1.741799e+00	1.750389e+00	-4.366398e-01	
12  8.27095	-9.805179e-01	-7.039962e-02	5.065255e-02	6.744873e-01	9.638522e-01	8.074488e-01	2.948390e+00	8.825826e-02	3.168387e-01	1.100988e+00	1.220070e+00	1.272240e+00	1.316084e+00	1.357827e+00	1.402138e+00	1.444124e+00	1.497426e+00	1.563724e+00	1.746704e+00	1.839503e+00	-4.763137e-01	
1  8.07788	-9.966639e-01	-1.707204e-02	5.169723e-02	6.832104e-01	9.617527e-01	8.070494e-01	2.901849e+00	1.106929e-01	3.165398e-01	1.101162e+00	1.221306e+00	1.272766e+00	1.315471e+00	1.358064e+00	1.400815e+00	1.443161e+00	1.495402e+00	1.561833e+00	1.744535e+00	1.810977e+00	-4.545818e-01	
5  7.34152	-1.001439e+00	3.542378e-02	4.994075e-02	6.821035e-01	9.602090e-01	8.101150e-01	3.056384e+00	6.160777e-02	3.147861e-01	1.099645e+00	1.218909e+00	1.270168e+00	1.314220e+00	1.354499e+00	1.397665e+00	1.439899e+00	1.492871e+00	1.558927e+00	1.741604e+00	1.842888e+00	-4.714571e-01	
4  8.47178	-1.004893e+00	2.920944e-02	4.955604e-02	6.565707e-01	9.672170e-01	8.100086e-01	2.638601e+00	5.097396e-02	3.145723e-01	1.101059e+00	1.221198e+00	1.273096e+00	1.317389e+00	1.358602e+00	1.401261e+00	1.444614e+00	1.496712e+00	1.563779e+00	1.746203e+00	1.792631e+00	-4.434546e-01	
1  8.2078	-1.031006e+00	1.021602e-01	4.653096e-02	6.599696e-01	9.675399e-01	8.112549e-01	2.999459e+00	6.010671e-02	3.127637e-01	1.101256e+00	1.222403e+00	1.274619e+00	1.318152e+00	1.360213e+00	1.401119e+00	1.446167e+00	1.496548e+00	1.564051e+00	1.745427e+00	1.768751e+00	-4.247247e-01	
1  6.57386	-1.053495e+00	2.241055e-01	4.681749e-02	6.944829e-01	9.527755e-01	8.161231e-01	3.338658e+00	3.286691e-02	3.097184e-01	1.097830e+00	1.218531e+00	1.268991e+00	1.312840e+00	1.353204e+00	1.394070e+00	1.437888e+00	1.488433e+00	1.555037e+00	1.735095e+00	1.745902e+00	-4.168113e-01	
2  7.16847	-1.045239e+00	1.958533e-01	4.631230e-02	7.015236e-01	9.502912e-01	8.149031e-01	3.517954e+00	5.650062e-02	3.106232e-01	1.097057e+00	1.217293e+00	1.268059e+00	1.310858e+00	1.352581e+00	1.392335e+00	1.436277e+00	1.486533e+00	1.553606e+00	1.732378e+00	1.661472e+00	-3.643559e-01	
1  8.22903	-1.055145e+00	2.437234e-01	4.752946e-02	7.201550e-01	9.451366e-01	8.154252e-01	3.636030e+00	5.637498e-02	3.098598e-01	1.096587e+00	1.217420e+00	1.267126e+00	1.310573e+00	1.351790e+00	1.391175e+00	1.434791e+00	1.484695e+00	1.551186e+00	1.729879e+00	1.702141e+00	-3.890971e-01	
3  9.14643	-1.046231e+00	1.686843e-01	4.785705e-02	6.927867e-01	9.548163e-01	8.114602e-01	3.252264e+00	1.058468e-01	3.122180e-01	1.098630e+00	1.220899e+00	1.270046e+00	1.314452e+00	1.355905e+00	1.396640e+00	1.440244e+00	1.490296e+00	1.557586e+00	1.736750e+00	1.679580e+00	-3.833718e-01	
1  8.86842	-1.034801e+00	1.156132e-01	5.037001e-02	6.956017e-01	9.584000e-01	8.123141e-01	3.149453e+00	7.581522e-02	3.116659e-01	1.098530e+00	1.221213e+00	1.271312e+00	1.315067e+00	1.357132e+00	1.398119e+00	1.442158e+00	1.492888e+00	1.559347e+00	1.739550e+00	1.676717e+00	-3.762295e-01	
6  8.90128	-1.004988e+00	-1.301716e-02	5.196265e-02	6.787936e-01	9.672056e-01	8.095525e-01	2.840440e+00	8.065519e-02	3.138369e-01	1.099308e+00	1.221962e+00	1.273554e+00	1.316621e+00	1.360249e+00	1.400750e+00	1.446140e+00	1.496766e+00	1.565268e+00	1.746104e+00	1.566590e+00	-3.105863e-01	
3  11.0238	-9.959559e-01	-1.929171e-02	5.370851e-02	6.868362e-01	9.659397e-01	8.094781e-01	2.811558e+00	5.987991e-02	3.139840e-01	1.099533e+00	1.221102e+00	1.273317e+00	1.316497e+00	1.359480e+00	1.400270e+00	1.444607e+00	1.496798e+00	1.564582e+00	1.746161e+00	1.559435e+00	-2.962256e-01	
1  11.5618	-9.867244e-01	-5.565313e-02	5.536378e-02	6.864146e-01	9.674749e-01	8.085671e-01	2.662583e+00	6.186903e-02	3.146927e-01	1.100027e+00	1.222144e+00	1.273872e+00	1.317616e+00	1.359266e+00	1.401085e+00	1.445876e+00	1.498245e+00	1.566100e+00	1.747304e+00	1.592374e+00	-3.239529e-01	
2  8.39186	-9.807150e-01	-8.511416e-02	5.610553e-02	6.718707e-01	9.723253e-01	8.063766e-01	2.392098e+00	7.521932e-02	3.165501e-01	1.101938e+00	1.223870e+00	1.276573e+00	1.319209e+00	1.362158e+00	1.404146e+00	1.447922e+00	1.502098e+00	1.569114e+00	1.750342e+00	1.659172e+00	-3.671278e-01	
4  12.685	-9.923606e-01	-3.283693e-02	5.770142e-02	6.707409e-01	9.708237e-01	8.079996e-01	2.101379e+00	5.937316e-02	3.153030e-01	1.102129e+00	1.223764e+00	1.274649e+00	1.318007e+00	1.362774e+00	1.402954e+00	1.446975e+00	1.501502e+00	1.567841e+00	1.748454e+00	1.571991e+00	-3.100482e-01	
2  13.0463	-1.001407e+00	-5.635410e-02	5.640352e-02	6.744850e-01	9.728436e-01	8.079955e-01	2.329665e+00	6.953878e-02	3.143411e-01	1.103813e+00	1.226935e+00	1.279313e+00	1.322034e+00	1.368791e+00	1.406512e+00	1.453252e+00	1.506730e+00	1.573498e+00	1.755168e+00	1.657037e+00	-3.524392e-01	
3  13.2476	-1.033803e+00	5.474501e-02	5.524160e-02	6.916805e-01	9.677617e-01	8.110084e-01	2.636758e+00	5.228514e-02	3.116043e-01	1.103831e+00	1.227603e+00	1.281276e+00	1.322724e+00	1.368871e+00	1.406537e+00	1.452302e+00	1.506131e+00	1.573111e+00	1.753220e+00	1.760370e+00	-4.104217e-01	
8  12.4233	-1.043197e+00	8.693797e-02	5.539515e-02	6.888925e-01	9.731085e-01	8.113195e-01	2.677467e+00	5.490651e-02	3.108243e-01	1.103816e+00	1.227071e+00	1.281907e+00	1.323136e+00	1.369045e+00	1.407415e+00	1.452966e+00	1.506640e+00	1.573341e+00	1.752149e+00	1.781657e+00	-4.190247e-01	
1  10.4866	-1.047822e+00	1.201893e-01	5.492602e-02	6.981509e-01	9.662528e-01	8.124081e-01	2.785406e+00	5.076117e-02	3.104133e-01	1.103357e+00	1.225813e+00	1.278907e+00	1.321580e+00	1.367212e+00	1.407131e+00	1.449496e+00	1.504523e+00	1.571050e+00	1.749965e+00	1.713271e+00	-3.878951e-01	
3  11.5947	-1.041961e+00	9.178775e-02	5.357703e-02	6.965942e-01	9.675550e-01	8.107760e-01	3.043968e+00	5.832199e-02	3.118408e-01	1.105224e+00	1.227687e+00	1.281274e+00	1.323605e+00	1.369783e+00	1.408788e+00	1.452419e+00	1.507871e+00	1.573839e+00	1.753317e+00	1.669503e+00	-3.578505e-01	
1  8.81571	-1.016494e+00	1.342096e-02	5.392343e-02	6.905067e-01	9.677328e-01	8.094893e-01	2.966506e+00	6.004002e-02	3.137674e-01	1.104294e+00	1.225890e+00	1.279486e+00	1.322124e+00	1.367912e+00	1.408500e+00	1.450921e+00	1.506714e+00	1.573924e+00	1.752001e+00	1.609468e+00	-3.318899e-01	
6  9.75358	-1.013366e+00	1.047395e-02	5.338783e-02	6.862003e-01	9.701394e-01	8.100174e-01	3.028344e+00	3.541859e-02	3.137987e-01	1.105183e+00	1.226146e+00	1.281285e+00	1.323728e+00	1.368896e+00	1.409486e+00	1.452321e+00	1.507373e+00	1.575180e+00	1.752280e+00	1.680793e+00	-3.822395e-01	
4  10.6072	-9.961121e-01	-3.364365e-02	5.303360e-02	6.977345e-01	9.675163e-01	8.079403e-01	3.342804e+00	5.346933e-02	3.156674e-01	1.104749e+00	1.224938e+00	1.280081e+00	1.323151e+00	1.367018e+00	1.408600e+00	1.450840e+00	1.504678e+00	1.573964e+00	1.750876e+00	1.572348e+00	-3.144878e-01	
4  8.86253	-1.022415e+00	6.121244e-02	5.247334e-02	7.059856e-01	9.653944e-01	8.109501e-01	3.407584e+00	4.936202e-02	3.127317e-01	1.102654e+00	1.222724e+00	1.277024e+00	1.321074e+00	1.363666e+00	1.403348e+00	1.447056e+00	1.500314e+00	1.569152e+00	1.744565e+00	1.736918e+00	-4.109946e-01	
3  9.65808	-1.028364e+00	6.292304e-02	5.019645e-02	7.043127e-01	9.667051e-01	8.098471e-01	3.645917e+00	6.532863e-02	3.129991e-01	1.104122e+00	1.224786e+00	1.279669e+00	1.323423e+00	1.366513e+00	1.405306e+00	1.449876e+00	1.503027e+00	1.572509e+00	1.747929e+00	1.784616e+00	-4.383045e-01	
15  7.8246	-1.008183e+00	-2.416450e-02	4.987544e-02	6.832296e-01	9.753364e-01	8.088155e-01	3.478768e+00	5.175950e-02	3.140380e-01	1.104286e+00	1.227200e+00	1.281149e+00	1.326221e+00	1.368336e+00	1.409649e+00	1.454113e+00	1.508454e+00	1.577554e+00	1.755477e+00	1.847466e+00	-4.857467e-01	
10  6.7633	-1.002597e+00	-8.070117e-03	5.077677e-02	6.831447e-01	9.729652e-01	8.103999e-01	3.319075e+00	2.375396e-02	3.136445e-01	1.102418e+00	1.225174e+00	1.278542e+00	1.323201e+00	1.365134e+00	1.406025e+00	1.450355e+00	1.505025e+00	1.573241e+00	1.751660e+00	1.834683e+00	-4.752282e-01	
1  8.32051	-9.783575e-01	-1.118518e-01	5.214686e-02	6.686241e-01	9.787869e-01	8.077465e-01	3.049268e+00	1.861037e-02	3.160272e-01	1.105181e+00	1.228283e+00	1.282867e+00	1.327990e+00	1.369742e+00	1.411935e+00	1.456954e+00	1.511168e+00	1.581349e+00	1.759545e+00	1.687942e+00	-3.915333e-01	
13  9.44751	-9.938967e-01	-6.508244e-02	5.181665e-02	6.920712e-01	9.696656e-01	8.083763e-01	3.373304e+00	4.526572e-02	3.153172e-01	1.104784e+00	1.227090e+00	1.281422e+00	1.325487e+00	1.367441e+00	1.409555e+00	1.453840e+00	1.509702e+00	1.577664e+00	1.753068e+00	1.705980e+00	-4.003092e-01	
1  9.82895	-9.896146e-01	-7.634572e-02	5.216206e-02	6.929179e-01	9.697759e-01	8.081899e-01	3.355162e+00	4.046419e-02	3.154513e-01	1.104893e+00	1.227424e+00	1.281576e+00	1.325498e+00	1.368338e+00	1.409271e+00	1.454300e+00	1.509122e+00	1.576036e+00	1.753381e+00	1.684069e+00	-3.826324e-01	
2  12.2281	-9.838665e-01	-9.573010e-02	5.216149e-02	7.008877e-01	9.672616e-01	8.083226e-01	3.472132e+00	2.342017e-02	3.156013e-01	1.105457e+00	1.228774e+00	1.281822e+00	1.326925e+00	1.368556e+00	1.410897e+00	1.454564e+00	1.509563e+00	1.577636e+00	1.754461e+00	1.779462e+00	-4.421527e-01	
4  14.3982	-9.944186e-01	-4.503877e-02	5.096983e-02	7.006713e-01	9.652206e-01	8.079437e-01	3.543539e+00	3.550316e-02	3.159210e-01	1.106141e+00	1.228450e+00	1.282358e+00	1.326905e+00	1.367370e+00	1.409009e+00	1.453420e+00	1.507195e+00	1.575906e+00	1.749938e+00	1.741577e+00	-4.181598e-01	
4  15.2546	-9.856530e-01	-6.714462e-02	5.158659e-02	7.092306e-01	9.636580e-01	8.078183e-01	3.706075e+00	2.670585e-02	3.163188e-01	1.106161e+00	1.227640e+00	1.280990e+00	1.327049e+00	1.368562e+00	1.409680e+00	1.453897e+00	1.506074e+00	1.575938e+00	1.750867e+00	1.637903e+00	-3.593622e-01	
1  14.1795	-9.659786e-01	-1.245034e-01	5.066709e-02	7.228159e-01	9.569706e-01	8.060084e-01	3.949919e+00	6.295607e-02	3.181778e-01	1.104163e+00	1.224579e+00	1.276793e+00	1.322134e+00	1.363586e+00	1.406159e+00	1.448352e+00	1.501208e+00	1.571253e+00	1.747376e+00	1.675424e+00	-3.898765e-01	
4  12.1759	-9.779554e-01	-9.225159e-02	4.949935e-02	7.143952e-01	9.591082e-01	8.082971e-01	3.899179e+00	4.175305e-02	3.162393e-01	1.103652e+00	1.224303e+00	1.276032e+00	1.322634e+00	1.363730e+00	1.405668e+00	1.448582e+00	1.500693e+00	1.571884e+00	1.747338e+00	1.676606e+00	-3.755057e-01	
1  12.3924	-9.870971e-01	-5.638461e-02	4.992352e-02	7.092062e-01	9.597989e-01	8.101358e-01	3.699005e+00	2.959724e-02	3.147397e-01	1.102249e+00	1.223243e+00	1.274232e+00	1.321943e+00	1.362337e+00	1.404712e+00	1.447658e+00	1.498530e+00	1.570019e+00	1.745555e+00	1.732008e+00	-4.051730e-01	
3  10.9739	-9.783778e-01	-1.148562e-01	4.979403e-02	6.891801e-01	9.680650e-01	8.081449e-01	3.483997e+00	3.583438e-02	3.157254e-01	1.104717e+00	1.226829e+00	1.277943e+00	1.326012e+00	1.367057e+00	1.409047e+00	1.454040e+00	1.506050e+00	1.576920e+00	1.753417e+00	1.621769e+00	-3.374077e-01	
7  10.8821	-9.904890e-01	-4.731822e-02	4.990952e-02	6.967879e-01	9.643219e-01	8.100933e-01	3.528656e+00	2.430781e-02	3.143631e-01	1.102924e+00	1.225058e+00	1.275590e+00	1.321822e+00	1.364036e+00	1.405275e+00	1.450508e+00	1.501370e+00	1.571237e+00	1.748053e+00	1.637186e+00	-3.517381e-01	
1  8.1442	-1.011426e+00	2.567973e-02	4.745689e-02	7.037155e-01	9.623493e-01	8.111916e-01	3.903772e+00	3.370665e-02	3.133771e-01	1.102935e+00	1.224736e+00	1.276090e+00	1.321461e+00	1.363072e+00	1.403928e+00	1.448784e+00	1.500080e+00	1.568767e+00	1.744590e+00	1.634803e+00	-3.508517e-01	
5  6.74917	-1.025341e+00	9.817500e-02	4.526769e-02	7.074594e-01	9.575128e-01	8.129198e-01	4.010481e+00	2.790128e-02	3.118131e-01	1.100691e+00	1.221544e+00	1.273406e+00	1.317826e+00	1.359859e+00	1.399491e+00	1.443836e+00	1.495312e+00	1.563753e+00	1.739953e+00	1.632091e+00	-3.383361e-01	
16  6.62767	-1.029015e+00	9.269778e-02	4.546460e-02	7.156870e-01	9.599921e-01	8.122856e-01	4.253153e+00	4.111913e-02	3.116621e-01	1.100944e+00	1.222579e+00	1.274632e+00	1.319530e+00	1.360434e+00	1.401599e+00	1.446587e+00	1.495938e+00	1.566505e+00	1.741737e+00	1.727432e+00	-3.989729e-01	
3  4.55444	-1.005833e+00	3.191544e-03	4.664295e-02	6.859934e-01	9.662262e-01	8.093856e-01	3.608202e+00	5.610870e-02	3.142385e-01	1.102222e+00	1.223835e+00	1.276062e+00	1.320140e+00	1.362434e+00	1.403323e+00	1.448838e+00	1.498620e+00	1.568838e+00	1.745417e+00	1.749195e+00	-4.237728e-01	
7  4.39274	-9.829693e-01	-5.240334e-02	4.765816e-02	6.981359e-01	9.586178e-01	8.077421e-01	3.605819e+00	6.774062e-02	3.162348e-01	1.101235e+00	1.221029e+00	1.273540e+00	1.317366e+00	1.358185e+00	1.401397e+00	1.443812e+00	1.496320e+00	1.565386e+00	1.744095e+00	1.730819e+00	-4.135355e-01	
11  5.55813	-9.691809e-01	-1.277364e-01	4.953470e-02	6.740746e-01	9.685756e-01	8.045587e-01	3.114860e+00	8.043194e-02	3.184496e-01	1.104526e+00	1.224273e+00	1.277485e+00	1.321474e+00	1.364376e+00	1.406744e+00	1.450463e+00	1.502738e+00	1.572646e+00	1.751315e+00	1.724838e+00	-4.149018e-01	
4  6.81005	-9.660075e-01	-1.195656e-01	4.963045e-02	6.754096e-01	9.707459e-01	8.057242e-01	3.166939e+00	7.062267e-02	3.177712e-01	1.101480e+00	1.221213e+00	1.273087e+00	1.318934e+00	1.358734e+00	1.402389e+00	1.446314e+00	1.498901e+00	1.568070e+00	1.746806e+00	1.707620e+00	-4.079867e-01	
5  7.55492	-9.428347e-01	-2.305670e-01	4.974174e-02	6.460986e-01	9.827465e-01	8.018860e-01	2.858378e+00	9.431541e-02	3.205128e-01	1.103114e+00	1.223058e+00	1.276577e+00	1.322294e+00	1.363568e+00	1.407681e+00	1.452377e+00	1.503808e+00	1.574048e+00	1.754531e+00	1.803942e+00	-4.726303e-01	
4  6.93109	-9.502914e-01	-1.904933e-01	4.914566e-02	6.500802e-01	9.800119e-01	8.027494e-01	2.979042e+00	1.036600e-01	3.202075e-01	1.101642e+00	1.220946e+00	1.274866e+00	1.319880e+00	1.359890e+00	1.404576e+00	1.447564e+00	1.501022e+00	1.569610e+00	1.750141e+00	1.862170e+00	-5.028190e-01	
5  5.57688	-9.551230e-01	-1.796392e-01	4.932013e-02	6.377185e-01	9.817616e-01	8.029870e-01	2.668817e+00	9.180432e-02	3.199481e-01	1.102627e+00	1.223450e+00	1.276357e+00	1.321051e+00	1.361553e+00	1.406020e+00	1.449947e+00	1.503135e+00	1.570838e+00	1.751622e+00	1.804716e+00	-4.783928e-01	
12  7.15477	-9.772925e-01	-1.060695e-01	4.739746e-02	6.361422e-01	9.798224e-01	8.045706e-01	2.653048e+00	1.156777e-01	3.179824e-01	1.100132e+00	1.221197e+00	1.274126e+00	1.317435e+00	1.357620e+00	1.400526e+00	1.446770e+00	1.498947e+00	1.565747e+00	1.746979e+00	1.783122e+00	-4.591301e-01	
2  5.8641	-9.661498e-01	-1.334614e-01	4.822022e-02	6.342465e-01	9.806270e-01	8.045108e-01	2.600922e+00	9.459730e-02	3.186800e-01	1.100884e+00	1.221782e+00	1.273654e+00	1.318634e+00	1.358176e+00	1.402203e+00	1.447056e+00	1.500309e+00	1.567621e+00	1.748885e+00	1.744298e+00	-4.413850e-01	
10  6.23276	-9.592079e-01	-1.688533e-01	4.922115e-02	6.088643e-01	9.867400e-01	8.034067e-01	2.084535e+00	9.467550e-02	3.197061e-01	1.102167e+00	1.223358e+00	1.276067e+00	1.321124e+00	1.361703e+00	1.404749e+00	1.449978e+00	1.503325e+00	1.571381e+00	1.752346e+00	1.737510e+00	-4.345700e-01	
12  5.65831	-9.646671e-01	-1.252630e-01	4.949789e-02	6.396325e-01	9.747556e-01	8.043920e-01	2.457951e+00	1.053014e-01	3.190630e-01	1.100382e+00	1.219848e+00	1.272666e+00	1.317587e+00	1.356422e+00	1.400836e+00	1.443895e+00	1.497589e+00	1.565848e+00	1.746103e+00	1.569010e+00	-3.263158e-01	
7  5.53339	-9.750352e-01	-9.765356e-02	4.918298e-02	6.421347e-01	9.769286e-01	8.037996e-01	2.565320e+00	1.095511e-01	3.186490e-01	1.101595e+00	1.221892e+00	1.273997e+00	1.319628e+00	1.358566e+00	1.402158e+00	1.446181e+00	1.499332e+00	1.567247e+00	1.747341e+00	1.633493e+00	-3.613682e-01	
1  5.98084	-9.861345e-01	-6.800736e-02	4.889728e-02	6.433303e-01	9.775891e-01	8.043892e-01	2.579383e+00	1.067290e-01	3.178600e-01	1.101895e+00	1.222470e+00	1.274625e+00	1.321196e+00	1.359821e+00	1.403839e+00	1.446013e+00	1.500538e+00	1.568169e+00	1.747801e+00	1.684245e+00	-3.929328e-01	
14  5.66604	-9.897102e-01	-5.414655e-02	4.675677e-02	6.302086e-01	9.783911e-01	8.053416e-01	2.558984e+00	1.133634e-01	3.175120e-01	1.100385e+00	1.220959e+00	1.273036e+00	1.318310e+00	1.357476e+00	1.402653e+00	1.444585e+00	1.496534e+00	1.566247e+00	1.744210e+00	1.625176e+00	-3.419799e-01	
4  6.26078	-9.701683e-01	-1.156471e-01	4.737471e-02	6.364092e-01	9.783385e-01	8.042853e-01	2.655889e+00	1.072176e-01	3.185641e-01	1.100370e+00	1.219825e+00	1.272992e+00	1.317531e+00	1.357111e+00	1.402084e+00	1.444995e+00	1.496454e+00	1.567092e+00	1.746053e+00	1.663429e+00	-3.702569e-01	
2  6.51627	-9.805805e-01	-8.714338e-02	4.742367e-02	6.394807e-01	9.779016e-01	8.043156e-01	2.680325e+00	1.230673e-01	3.181290e-01	1.099775e+00	1.219763e+00	1.274180e+00	1.316581e+00	1.357855e+00	1.402071e+00	1.445093e+00	1.497015e+00	1.567285e+00	1.746165e+00	1.591379e+00	-3.361562e-01	
3  5.6108	-9.825084e-01	-8.347614e-02	4.744831e-02	6.511540e-01	9.731224e-01	8.050281e-01	2.784275e+00	1.295997e-01	3.175592e-01	1.098763e+00	1.219021e+00	1.272619e+00	1.314759e+00	1.356604e+00	1.399637e+00	1.444827e+00	1.494407e+00	1.565157e+00	1.743973e+00	1.710541e+00	-4.080050e-01	
5  5.8235	-9.939901e-01	-5.222982e-02	4.778720e-02	6.647370e-01	9.692617e-01	8.060907e-01	2.926658e+00	1.345450e-01	3.166838e-01	1.098786e+00	1.218553e+00	1.271795e+00	1.316221e+00	1.356179e+00	1.399508e+00	1.443164e+00	1.493815e+00	1.564323e+00	1.742798e+00	1.768186e+00	-4.359033e-01	
4  7.03615	-9.714453e-01	-1.249061e-01	4.751001e-02	6.456144e-01	9.744030e-01	8.049564e-01	2.735206e+00	1.290384e-01	3.182577e-01	1.098433e+00	1.217502e+00	1.271196e+00	1.315287e+00	1.356463e+00	1.400175e+00	1.443945e+00	1.493680e+00	1.564580e+00	1.744278e+00	1.774431e+00	-4.430891e-01	
1  8.7262	-9.839965e-01	-6.228992e-02	4.724106e-02	6.500977e-01	9.720697e-01	8.063589e-01	2.790172e+00	1.205382e-01	3.171599e-01	1.098157e+00	1.216350e+00	1.270331e+00	1.313445e+00	1.354503e+00	1.397266e+00	1.442798e+00	1.489870e+00	1.562256e+00	1.740180e+00	1.752707e+00	-4.265865e-01	
3  10.2379	-9.920906e-01	3.354524e-02	4.783912e-02	6.961082e-01	9.526537e-01	8.079400e-01	3.330846e+00	1.159455e-01	3.169621e-01	1.096764e+00	1.212659e+00	1.265794e+00	1.307170e+00	1.346820e+00	1.388114e+00	1.432931e+00	1.481746e+00	1.551302e+00	1.727982e+00	1.729158e+00	-4.145454e-01	
1  10.0793	-9.801989e-01	1.107718e-02	4.863168e-02	6.917006e-01	9.543758e-01	8.082356e-01	3.302146e+00	9.155632e-02	3.174004e-01	1.096687e+00	1.212457e+00	1.264919e+00	1.305946e+00	1.347696e+00	1.388128e+00	1.434336e+00	1.480568e+00	1.552185e+00	1.729068e+00	1.843162e+00	-4.905677e-01	
4  10.3951	-9.883922e-01	1.033689e-02	4.931232e-02	6.874858e-01	9.587481e-01	8.071209e-01	3.222641e+00	1.048878e-01	3.174724e-01	1.098858e+00	1.215610e+00	1.268846e+00	1.310037e+00	1.351520e+00	1.392718e+00	1.439310e+00	1.484169e+00	1.557670e+00	1.733367e+00	1.845748e+00	-4.970265e-01	
15  12.0249	-1.006610e+00	6.311173e-02	4.995008e-02	7.023883e-01	9.552655e-01	8.093240e-01	3.349259e+00	1.018393e-01	3.154180e-01	1.098177e+00	1.214946e+00	1.269034e+00	1.308807e+00	1.351537e+00	1.391369e+00	1.439056e+00	1.482935e+00	1.556727e+00	1.732354e+00	1.885457e+00	-5.114319e-01	
7  11.8272	-1.010041e+00	8.581426e-02	5.037380e-02	6.972392e-01	9.554852e-01	8.090430e-01	3.130533e+00	1.124377e-01	3.154022e-01	1.097190e+00	1.214923e+00	1.267897e+00	1.306842e+00	1.349930e+00	1.389448e+00	1.437073e+00	1.481041e+00	1.553344e+00	1.729140e+00	1.843985e+00	-4.894759e-01	
2  9.32165	-1.028821e+00	1.334068e-01	5.039528e-02	6.922283e-01	9.554476e-01	8.106191e-01	2.920853e+00	1.047865e-01	3.133808e-01	1.097858e+00	1.215358e+00	1.267929e+00	1.309830e+00	1.351559e+00	1.390216e+00	1.439273e+00	1.482766e+00	1.555167e+00	1.731032e+00	1.778980e+00	-4.401831e-01	
8  8.34179	-1.010390e+00	7.964391e-02	5.163807e-02	6.850725e-01	9.555811e-01	8.101981e-01	2.756150e+00	7.353140e-02	3.151146e-01	1.099780e+00	1.217503e+00	1.270078e+00	1.312043e+00	1.354322e+00	1.393287e+00	1.441714e+00	1.486494e+00	1.559364e+00	1.735768e+00	1.774223e+00	-4.478753e-01	
11  9.42712	-9.945687e-01	-1.451507e-02	5.105117e-02	6.814748e-01	9.619614e-01	8.078905e-01	3.013807e+00	7.927928e-02	3.164850e-01	1.102259e+00	1.220685e+00	1.272775e+00	1.317938e+00	1.358993e+00	1.400416e+00	1.447741e+00	1.493860e+00	1.567295e+00	1.745773e+00	1.760081e+00	-4.405264e-01	
5  11.8068	-9.679125e-01	-9.159930e-02	5.485328e-02	6.728397e-01	9.630636e-01	8.066556e-01	2.495652e+00	6.382328e-02	3.184022e-01	1.102834e+00	1.221224e+00	1.272034e+00	1.317349e+00	1.359347e+00	1.401262e+00	1.447684e+00	1.495203e+00	1.568554e+00	1.747944e+00	1.775985e+00	-4.562506e-01	
9  10.2935	-9.692820e-01	-1.338363e-01	5.295484e-02	6.522282e-01	9.733234e-01	8.046880e-01	2.397446e+00	9.134201e-02	3.187357e-01	1.103487e+00	1.222950e+00	1.275150e+00	1.320368e+00	1.362062e+00	1.404185e+00	1.451587e+00	1.498846e+00	1.572828e+00	1.751839e+00	1.858369e+00	-5.000609e-01	
1  14.6342	-9.485829e-01	-2.239493e-01	5.347908e-02	6.504022e-01	9.752194e-01	8.025638e-01	2.418371e+00	9.807978e-02	3.205374e-01	1.104676e+00	1.224574e+00	1.277332e+00	1.323009e+00	1.364137e+00	1.406481e+00	1.454775e+00	1.501808e+00	1.578276e+00	1.755142e+00	1.799010e+00	-4.634057e-01	
5  10.0449	-9.622269e-01	-1.807374e-01	5.226753e-02	6.505852e-01	9.775115e-01	8.040253e-01	2.554039e+00	1.006770e-01	3.188303e-01	1.103192e+00	1.223079e+00	1.276107e+00	1.322166e+00	1.363574e+00	1.405535e+00	1.454469e+00	1.499760e+00	1.576304e+00	1.752078e+00	1.794363e+00	-4.586404e-01	
5  11.5284	-9.530635e-01	-2.135892e-01	5.198847e-02	6.519702e-01	9.747431e-01	8.037551e-01	2.593852e+00	1.138618e-01	3.193404e-01	1.101764e+00	1.221763e+00	1.274965e+00	1.320846e+00	1.361549e+00	1.404193e+00	1.452494e+00	1.498734e+00	1.574532e+00	1.750160e+00	1.842872e+00	-4.877364e-01	
1  10.489	-9.450341e-01	-2.085263e-01	5.226351e-02	6.456363e-01	9.730416e-01	8.040080e-01	2.354401e+00	1.074242e-01	3.198826e-01	1.099477e+00	1.219065e+00	1.271493e+00	1.316711e+00	1.357510e+00	1.399563e+00	1.448735e+00	1.493940e+00	1.569819e+00	1.745508e+00	1.868297e+00	-5.040729e-01	
9  11.1531	-9.646078e-01	-1.216371e-01	5.116918e-02	6.459138e-01	9.702606e-01	8.068460e-01	2.281356e+00	8.971721e-02	3.174710e-01	1.097298e+00	1.217413e+00	1.269364e+00	1.314342e+00	1.354377e+00	1.396106e+00	1.445498e+00	1.490249e+00	1.564431e+00	1.740852e+00	1.940547e+00	-5.440341e-01	
1  11.9616	-9.566697e-01	-1.925714e-01	5.017409e-02	6.255907e-01	9.804606e-01	8.048531e-01	2.251247e+00	9.374483e-02	3.187276e-01	1.100533e+00	1.221977e+00	1.274502e+00	1.320049e+00	1.362708e+00	1.401983e+00	1.453924e+00	1.497891e+00	1.574026e+00	1.750575e+00	1.926766e+00	-5.323463e-01	
14  11.0247	-9.593218e-01	-1.962922e-01	4.991054e-02	6.210490e-01	9.827607e-01	8.051884e-01	2.199601e+00	9.093703e-02	3.180332e-01	1.100420e+00	1.222327e+00	1.275158e+00	1.320454e+00	1.364020e+00	1.402801e+00	1.455106e+00	1.499245e+00	1.575267e+00	1.752053e+00	1.754728e+00	-4.320696e-01	
3  11.801	-9.602839e-01	-1.363812e-01	5.143062e-02	6.642461e-01	9.686250e-01	8.060333e-01	2.805082e+00	7.532307e-02	3.182538e-01	1.100407e+00	1.221088e+00	1.272766e+00	1.318717e+00	1.359283e+00	1.400429e+00	1.450721e+00	1.493689e+00	1.569982e+00	1.744817e+00	1.780447e+00	-4.483621e-01	
3  10.8088	-9.529097e-01	-1.503036e-01	5.215090e-02	6.698956e-01	9.677692e-01	8.061426e-01	2.879483e+00	6.428266e-02	3.186623e-01	1.100013e+00	1.219998e+00	1.271721e+00	1.318444e+00	1.359067e+00	1.399958e+00	1.449784e+00	1.494006e+00	1.569588e+00	1.744462e+00	1.850819e+00	-4.980523e-01	
6  9.99908	-9.801763e-01	-4.950523e-02	5.181143e-02	6.778269e-01	9.612086e-01	8.099535e-01	2.838226e+00	5.255537e-02	3.157609e-01	1.098549e+00	1.219229e+00	1.268937e+00	1.316240e+00	1.356920e+00	1.397351e+00	1.446230e+00	1.491354e+00	1.564862e+00	1.740500e+00	1.808710e+00	-4.748391e-01	
1  10.687	-9.748725e-01	-5.237678e-02	4.949355e-02	6.799947e-01	9.576498e-01	8.098972e-01	3.054305e+00	5.419163e-02	3.162583e-01	1.097579e+00	1.217609e+00	1.266785e+00	1.314390e+00	1.355151e+00	1.395843e+00	1.443034e+00	1.490326e+00	1.561419e+00	1.738734e+00	1.745799e+00	-4.337505e-01	
8  9.47637	-9.992872e-01	1.574779e-02	4.866835e-02	7.047891e-01	9.524411e-01	8.101506e-01	3.507749e+00	9.015118e-02	3.146400e-01	1.097240e+00	1.217044e+00	1.265537e+00	1.314950e+00	1.353569e+00	1.394776e+00	1.440961e+00	1.489343e+00	1.559384e+00	1.735920e+00	1.731240e+00	-4.208402e-01	
4  11.2277	-9.854504e-01	-5.700653e-04	4.984404e-02	7.057141e-01	9.502885e-01	8.093309e-01	3.380525e+00	8.534912e-02	3.159119e-01	1.096771e+00	1.215662e+00	1.264075e+00	1.312405e+00	1.352250e+00	1.392501e+00	1.438485e+00	1.486947e+00	1.556726e+00	1.733608e+00	1.666937e+00	-3.816871e-01	
4  11.249	-9.729935e-01	-2.262094e-02	4.994899e-02	7.065352e-01	9.476455e-01	8.091812e-01	3.384831e+00	8.820543e-02	3.168432e-01	1.095508e+00	1.213003e+00	1.262008e+00	1.308673e+00	1.348985e+00	1.389458e+00	1.434123e+00	1.483920e+00	1.553615e+00	1.730052e+00	1.591539e+00	-3.447408e-01	
1  11.2916	-9.679652e-01	-4.485757e-02	4.942201e-02	7.178552e-01	9.451815e-01	8.081747e-01	3.664961e+00	1.120527e-01	3.173933e-01	1.095229e+00	1.212374e+00	1.261619e+00	1.306611e+00	1.350023e+00	1.387853e+00	1.433802e+00	1.482503e+00	1.552648e+00	1.728804e+00	1.643177e+00	-3.722981e-01	
1  13.6292	-9.634958e-01	-5.833377e-02	4.940600e-02	6.938583e-01	9.517386e-01	8.083137e-01	3.229986e+00	9.460620e-02	3.173707e-01	1.094988e+00	1.212232e+00	1.261717e+00	1.307011e+00	1.350375e+00	1.387802e+00	1.433870e+00	1.484428e+00	1.553957e+00	1.728930e+00	1.692018e+00	-3.991516e-01	
2  10.7924	-9.680047e-01	-6.395744e-02	4.876934e-02	6.964570e-01	9.540921e-01	8.076190e-01	3.413204e+00	1.143114e-01	3.172405e-01	1.095321e+00	1.213271e+00	1.262835e+00	1.307758e+00	1.351993e+00	1.389558e+00	1.435017e+00	1.485967e+00	1.555031e+00	1.730977e+00	1.723457e+00	-4.123547e-01	
6  9.86729	-1.003620e+00	6.395464e-02	4.846338e-02	7.120930e-01	9.502512e-01	8.113202e-01	3.601122e+00	1.140017e-01	3.135857e-01	1.093010e+00	1.211079e+00	1.261532e+00	1.304524e+00	1.348348e+00	1.385268e+00	1.430481e+00	1.481335e+00	1.549884e+00	1.724083e+00	1.717775e+00	-4.011085e-01	
18  8.67103	-9.890660e-01	-1.099151e-02	4.736465e-02	6.918648e-01	9.577088e-01	8.096664e-01	3.467115e+00	1.161745e-01	3.148540e-01	1.093517e+00	1.212071e+00	1.264011e+00	1.306850e+00	1.351024e+00	1.388664e+00	1.433365e+00	1.485409e+00	1.553655e+00	1.728819e+00	1.765652e+00	-4.359334e-01	
8  7.56123	-9.829789e-01	-2.927699e-02	4.887465e-02	6.956370e-01	9.580445e-01	8.083859e-01	3.428977e+00	1.226128e-01	3.159179e-01	1.094278e+00	1.213077e+00	1.265479e+00	1.307481e+00	1.351715e+00	1.389315e+00	1.435217e+00	1.486074e+00	1.555433e+00	1.729837e+00	1.679387e+00	-3.931303e-01	
2  8.2069	-9.882742e-01	8.442453e-03	4.952459e-02	7.052899e-01	9.521030e-01	8.105050e-01	3.412282e+00	1.064278e-01	3.146082e-01	1.092412e+00	1.210855e+00	1.262775e+00	1.303767e+00	1.348175e+00	1.385724e+00	1.430793e+00	1.482980e+00	1.550918e+00	1.725848e+00	1.717886e+00	-4.023764e-01	
18  8.62013	-9.911564e-01	3.466918e-02	4.996700e-02	7.107011e-01	9.469299e-01	8.116491e-01	3.354464e+00	9.130683e-02	3.142268e-01	1.092676e+00	1.209646e+00	1.261270e+00	1.304628e+00	1.345826e+00	1.386101e+00	1.428017e+00	1.482766e+00	1.549856e+00	1.724516e+00	1.830408e+00	-4.707445e-01	
1  10.898	-9.674942e-01	-4.593159e-02	5.208114e-02	7.134505e-01	9.476215e-01	8.103611e-01	3.301409e+00	8.082657e-02	3.159321e-01	1.093432e+00	1.210535e+00	1.261837e+00	1.305402e+00	1.347133e+00	1.387723e+00	1.429100e+00	1.484572e+00	1.553088e+00	1.727778e+00	1.799739e+00	-4.544557e-01	
3  10.3717	-9.510992e-01	-1.399764e-01	5.465450e-02	6.846259e-01	9.585684e-01	8.065236e-01	2.674067e+00	9.101785e-02	3.184966e-01	1.097872e+00	1.216343e+00	1.267547e+00	1.312133e+00	1.354533e+00	1.396364e+00	1.438418e+00	1.492875e+00	1.563563e+00	1.739673e+00	1.778567e+00	-4.519797e-01	
5  11.7478	-9.773455e-01	-6.195157e-02	5.303244e-02	6.802831e-01	9.615826e-01	8.082382e-01	2.752823e+00	1.004289e-01	3.163183e-01	1.096881e+00	1.216095e+00	1.267574e+00	1.312385e+00	1.353031e+00	1.396794e+00	1.437623e+00	1.492729e+00	1.563347e+00	1.737427e+00	1.796325e+00	-4.633482e-01	
2  11.2768	-9.766668e-01	-5.158788e-02	5.433168e-02	6.977711e-01	9.564249e-01	8.081613e-01	2.873572e+00	9.999615e-02	3.166352e-01	1.097044e+00	1.215584e+00	1.267168e+00	1.311580e+00	1.352101e+00	1.395952e+00	1.436004e+00	1.490507e+00	1.562424e+00	1.734630e+00	1.767772e+00	-4.502276e-01	
9  12.0281	-9.726429e-01	-7.983364e-02	5.275843e-02	6.905645e-01	9.622577e-01	8.085374e-01	3.078601e+00	1.035064e-01	3.162715e-01	1.095156e+00	1.214356e+00	1.264912e+00	1.311632e+00	1.349740e+00	1.396235e+00	1.436204e+00	1.489254e+00	1.562165e+00	1.734828e+00	1.692694e+00	-3.952210e-01	
3  11.0421	-9.400369e-01	-2.037202e-01	5.240494e-02	6.758903e-01	9.676432e-01	8.054741e-01	2.998470e+00	1.062898e-01	3.190103e-01	1.096526e+00	1.214829e+00	1.266599e+00	1.313914e+00	1.351911e+00	1.398043e+00	1.439170e+00	1.493215e+00	1.565293e+00	1.740476e+00	1.632678e+00	-3.562985e-01	
1  10.322	-9.708243e-01	-1.481511e-01	5.093249e-02	6.681669e-01	9.733733e-01	8.062119e-01	2.980534e+00	1.349933e-01	3.168685e-01	1.097231e+00	1.217201e+00	1.269971e+00	1.316014e+00	1.355856e+00	1.399813e+00	1.443576e+00	1.495276e+00	1.567958e+00	1.742382e+00	1.746138e+00	-4.238475e-01	
2  10.4291	-1.003858e+00	-1.851827e-02	5.202446e-02	6.846484e-01	9.687379e-01	8.090508e-01	2.956972e+00	1.236632e-01	3.138600e-01	1.096207e+00	1.216830e+00	1.268705e+00	1.314294e+00	1.353557e+00	1.398241e+00	1.440234e+00	1.491861e+00	1.564136e+00	1.736848e+00	1.741684e+00	-4.133123e-01	
5  10.2654	-9.852283e-01	-6.527052e-02	5.212486e-02	6.916483e-01	9.628702e-01	8.074335e-01	2.990885e+00	1.360941e-01	3.158312e-01	1.095796e+00	1.215762e+00	1.266762e+00	1.312669e+00	1.351312e+00	1.396032e+00	1.437202e+00	1.490191e+00	1.562533e+00	1.736379e+00	1.694743e+00	-3.988694e-01	
3  6.37653	-9.778073e-01	-1.114930e-01	5.117648e-02	6.664396e-01	9.700514e-01	8.059391e-01	2.706778e+00	1.349017e-01	3.169498e-01	1.097502e+00	1.218261e+00	1.269993e+00	1.315917e+00	1.355767e+00	1.400416e+00	1.441371e+00	1.495150e+00	1.565946e+00	1.743014e+00	1.703442e+00	-4.055619e-01	
2  8.35529	-1.007114e+00	9.291059e-03	5.190796e-02	6.690967e-01	9.674863e-01	8.094038e-01	2.559025e+00	1.038043e-01	3.142786e-01	1.097080e+00	1.218516e+00	1.269611e+00	1.315745e+00	1.354410e+00	1.399273e+00	1.440686e+00	1.492711e+00	1.563028e+00	1.739787e+00	1.730662e+00	-4.232058e-01	
1  9.30424	-1.009442e+00	2.682073e-02	5.252763e-02	6.730833e-01	9.674396e-01	8.098104e-01	2.607985e+00	9.064061e-02	3.141330e-01	1.097245e+00	1.219379e+00	1.270525e+00	1.315800e+00	1.355019e+00	1.399891e+00	1.440813e+00	1.493088e+00	1.562926e+00	1.739829e+00	1.695613e+00	-3.989863e-01	
5  6.75178	-1.003348e+00	-1.580204e-02	5.243258e-02	6.684636e-01	9.710211e-01	8.098814e-01	2.626464e+00	7.388304e-02	3.140312e-01	1.098553e+00	1.221073e+00	1.272442e+00	1.318582e+00	1.357338e+00	1.403602e+00	1.444341e+00	1.496710e+00	1.566587e+00	1.744253e+00	1.690324e+00	-4.000133e-01	
5  6.09664	-1.002967e+00	-1.607686e-03	5.192725e-02	6.870272e-01	9.636185e-01	8.110057e-01	2.941067e+00	6.682645e-02	3.136129e-01	1.097735e+00	1.219389e+00	1.270741e+00	1.316250e+00	1.355092e+00	1.399498e+00	1.441752e+00	1.493461e+00	1.562985e+00	1.740864e+00	1.641799e+00	-3.726346e-01	
12  7.41307	-1.018291e+00	9.346862e-02	5.632673e-02	7.251221e-01	9.487432e-01	8.138130e-01	2.834448e+00	3.961359e-02	3.117382e-01	1.097021e+00	1.217242e+00	1.268492e+00	1.313128e+00	1.351056e+00	1.394716e+00	1.438099e+00	1.487536e+00	1.557845e+00	1.735075e+00	1.588197e+00	-3.362403e-01	
11  6.35	-1.015981e+00	8.403737e-02	5.467888e-02	7.122743e-01	9.520929e-01	8.126506e-01	2.826441e+00	5.135513e-02	3.125084e-01	1.097208e+00	1.217244e+00	1.269116e+00	1.313148e+00	1.351299e+00	1.395593e+00	1.437998e+00	1.488407e+00	1.557885e+00	1.734604e+00	1.547981e+00	-3.106102e-01	
2  6.04842	-1.031899e+00	1.400092e-01	5.451621e-02	7.148404e-01	9.514094e-01	8.140200e-01	2.830391e+00	4.520398e-02	3.111371e-01	1.097121e+00	1.217229e+00	1.269228e+00	1.312535e+00	1.352360e+00	1.394754e+00	1.437247e+00	1.489012e+00	1.556100e+00	1.732733e+00	1.494969e+00	-2.650863e-01	
9  5.48098	-1.046792e+00	1.936187e-01	5.123164e-02	7.238140e-01	9.469737e-01	8.133852e-01	3.197809e+00	8.331973e-02	3.107146e-01	1.096291e+00	1.216068e+00	1.269236e+00	1.309645e+00	1.350752e+00	1.392130e+00	1.434835e+00	1.484723e+00	1.553049e+00	1.728071e+00	1.676988e+00	-3.806088e-01	
2  6.47636	-1.030980e+00	1.505000e-01	5.136820e-02	7.327663e-01	9.471820e-01	8.136314e-01	3.535491e+00	7.487703e-02	3.113342e-01	1.094499e+00	1.214283e+00	1.266880e+00	1.307451e+00	1.348593e+00	1.390596e+00	1.432674e+00	1.483132e+00	1.552100e+00	1.726177e+00	1.614907e+00	-3.319507e-01	
11  7.41877	-1.032253e+00	1.488696e-01	5.016151e-02	7.240725e-01	9.490223e-01	8.129922e-01	3.512925e+00	7.694938e-02	3.116309e-01	1.096148e+00	1.215151e+00	1.268655e+00	1.308798e+00	1.350361e+00	1.392527e+00	1.434558e+00	1.485061e+00	1.553213e+00	1.726491e+00	1.655294e+00	-3.492680e-01	
4  7.45765	-1.029778e+00	1.523840e-01	5.116465e-02	7.302048e-01	9.469723e-01	8.142285e-01	3.482276e+00	5.623028e-02	3.108375e-01	1.095295e+00	1.214689e+00	1.266415e+00	1.308406e+00	1.348293e+00	1.391199e+00	1.433902e+00	1.483660e+00	1.552301e+00	1.725865e+00	1.709627e+00	-3.767215e-01	
9  7.16589	-1.023666e+00	1.356259e-01	5.148558e-02	7.124069e-01	9.503274e-01	8.135113e-01	3.117562e+00	3.692577e-02	3.118144e-01	1.097494e+00	1.216276e+00	1.268759e+00	1.311247e+00	1.350507e+00	1.395398e+00	1.436297e+00	1.487675e+00	1.555502e+00	1.730163e+00	1.774798e+00	-4.200996e-01	
1  9.54954	-1.063324e+00	2.604016e-01	5.037863e-02	7.253763e-01	9.477349e-01	8.178482e-01	3.331995e+00	1.414177e-02	3.075599e-01	1.097299e+00	1.217154e+00	1.269341e+00	1.311528e+00	1.351314e+00	1.394162e+00	1.436964e+00	1.487524e+00	1.554895e+00	1.727282e+00	1.724128e+00	-3.786858e-01	
7  7.78686	-1.061016e+00	2.525361e-01	4.924362e-02	7.219811e-01	9.464765e-01	8.168949e-01	3.406926e+00	2.940307e-02	3.085695e-01	1.097850e+00	1.217444e+00	1.268137e+00	1.312901e+00	1.350396e+00	1.394349e+00	1.436251e+00	1.487733e+00	1.555502e+00	1.727559e+00	1.660800e+00	-3.416597e-01	
14  7.67383	-1.066230e+00	2.259457e-01	4.904361e-02	6.887790e-01	9.603023e-01	8.142053e-01	3.031002e+00	5.187930e-02	3.097226e-01	1.101474e+00	1.222522e+00	1.273656e+00	1.319007e+00	1.358903e+00	1.400816e+00	1.444318e+00	1.495472e+00	1.562391e+00	1.735555e+00	1.835369e+00	-4.509510e-01	
2  10.3715	-1.038034e+00	1.021980e-01	5.080900e-02	6.762244e-01	9.657427e-01	8.095970e-01	2.763688e+00	6.873715e-02	3.131746e-01	1.105215e+00	1.226260e+00	1.278030e+00	1.325290e+00	1.364655e+00	1.407629e+00	1.451711e+00	1.502755e+00	1.570984e+00	1.745951e+00	1.814234e+00	-4.382433e-01	
10  7.07888	-1.046919e+00	1.447866e-01	4.814810e-02	6.800949e-01	9.652820e-01	8.114687e-01	3.145543e+00	6.645184e-02	3.116121e-01	1.102355e+00	1.224030e+00	1.275669e+00	1.321919e+00	1.361011e+00	1.403067e+00	1.448172e+00	1.499618e+00	1.566425e+00	1.742208e+00	1.872956e+00	-4.707579e-01	
4  6.82128	-1.036895e+00	8.670616e-02	4.633587e-02	6.664283e-01	9.725295e-01	8.097199e-01	3.264023e+00	7.099016e-02	3.128012e-01	1.104284e+00	1.226932e+00	1.279150e+00	1.324396e+00	1.364210e+00	1.407135e+00	1.453739e+00	1.504249e+00	1.571778e+00	1.749053e+00	1.735656e+00	-3.942770e-01	
2  7.77487	-1.037773e+00	9.891914e-02	4.740494e-02	6.699905e-01	9.705104e-01	8.097102e-01	3.097921e+00	6.456392e-02	3.128099e-01	1.104521e+00	1.226450e+00	1.279097e+00	1.323635e+00	1.364779e+00	1.407046e+00	1.452649e+00	1.504223e+00	1.570846e+00	1.748011e+00	1.691700e+00	-3.718618e-01	
2  7.50592	-1.041171e+00	1.280649e-01	4.604670e-02	6.958311e-01	9.627203e-01	8.123072e-01	3.652407e+00	4.942427e-02	3.109845e-01	1.101173e+00	1.223449e+00	1.274970e+00	1.319859e+00	1.361030e+00	1.401596e+00	1.447903e+00	1.498655e+00	1.565683e+00	1.742624e+00	1.586073e+00	-2.968832e-01	
5  6.95703	-1.024558e+00	8.490836e-02	4.818147e-02	7.031232e-01	9.615974e-01	8.115126e-01	3.647927e+00	4.423892e-02	3.124356e-01	1.100928e+00	1.222533e+00	1.273537e+00	1.319395e+00	1.358976e+00	1.401989e+00	1.445841e+00	1.498872e+00	1.565166e+00	1.742197e+00	1.547552e+00	-2.770425e-01	
3  9.90317	-1.029666e+00	1.238701e-01	4.623866e-02	7.085089e-01	9.559837e-01	8.111107e-01	3.857574e+00	6.432403e-02	3.129917e-01	1.100169e+00	1.220622e+00	1.272272e+00	1.318249e+00	1.356259e+00	1.398934e+00	1.442953e+00	1.495150e+00	1.561234e+00	1.738536e+00	1.554055e+00	-2.887422e-01	
1  10.1241	-1.032346e+00	1.296305e-01	4.584586e-02	7.018336e-01	9.590819e-01	8.118796e-01	3.856668e+00	5.039389e-02	3.122103e-01	1.100482e+00	1.220968e+00	1.272132e+00	1.320275e+00	1.355953e+00	1.400666e+00	1.444188e+00	1.495841e+00	1.563528e+00	1.739434e+00	1.538987e+00	-2.837898e-01	
6  9.23344	-1.043487e+00	1.888009e-01	4.517622e-02	7.029081e-01	9.562055e-01	8.149597e-01	3.907925e+00	3.494699e-02	3.102941e-01	1.097589e+00	1.218458e+00	1.269141e+00	1.315127e+00	1.352648e+00	1.396018e+00	1.439592e+00	1.491192e+00	1.557716e+00	1.733642e+00	1.455021e+00	-2.317909e-01	
1  7.25898	-1.042139e+00	1.574643e-01	4.656772e-02	6.886672e-01	9.618162e-01	8.121179e-01	3.519147e+00	7.198257e-02	3.116315e-01	1.098912e+00	1.220440e+00	1.271555e+00	1.317158e+00	1.355730e+00	1.397838e+00	1.443317e+00	1.494601e+00	1.560441e+00	1.735738e+00	1.575096e+00	-3.121857e-01	
10  6.91953	-1.019343e+00	6.124238e-02	4.476952e-02	6.727101e-01	9.679425e-01	8.086536e-01	3.514227e+00	8.020134e-02	3.142982e-01	1.101586e+00	1.222813e+00	1.274792e+00	1.320471e+00	1.359907e+00	1.401593e+00	1.447687e+00	1.499361e+00	1.566229e+00	1.742120e+00	1.521474e+00	-2.861172e-01	
7  6.62386	-1.023677e+00	5.624453e-02	4.420998e-02	6.582497e-01	9.732896e-01	8.092605e-01	3.327500e+00	8.053421e-02	3.133360e-01	1.101606e+00	1.223400e+00	1.275447e+00	1.320289e+00	1.361254e+00	1.402207e+00	1.448820e+00	1.500053e+00	1.568593e+00	1.744978e+00	1.516483e+00	-2.837526e-01	
3  7.73784	-1.007010e+00	-2.557197e-02	4.447813e-02	6.454665e-01	9.826380e-01	8.082233e-01	3.329568e+00	7.167839e-02	3.141034e-01	1.102155e+00	1.225823e+00	1.277385e+00	1.323207e+00	1.364786e+00	1.405573e+00	1.454672e+00	1.504619e+00	1.574330e+00	1.752895e+00	1.699083e+00	-3.851433e-01	
4  8.00037	-1.011943e+00	3.696468e-03	4.331547e-02	6.729967e-01	9.717827e-01	8.091632e-01	3.834339e+00	8.141130e-02	3.135068e-01	1.100480e+00	1.223040e+00	1.275270e+00	1.319881e+00	1.360721e+00	1.402097e+00	1.448799e+00	1.500324e+00	1.569793e+00	1.746626e+00	1.636601e+00	-3.456365e-01	
17  5.34303	-1.023552e+00	5.780116e-02	4.495250e-02	6.909763e-01	9.653051e-01	8.111689e-01	3.835176e+00	7.175889e-02	3.119197e-01	1.099780e+00	1.221504e+00	1.273185e+00	1.317616e+00	1.358578e+00	1.399337e+00	1.445754e+00	1.496942e+00	1.566765e+00	1.743214e+00	1.722113e+00	-3.994731e-01	
1  6.86111	-1.016569e+00	7.216147e-02	4.426124e-02	7.081601e-01	9.575157e-01	8.123832e-01	4.202632e+00	5.275969e-02	3.120761e-01	1.098426e+00	1.219242e+00	1.269957e+00	1.314409e+00	1.355050e+00	1.396331e+00	1.439751e+00	1.493337e+00	1.562274e+00	1.738771e+00	1.716377e+00	-3.968988e-01	
1  6.76428	-1.007058e+00	9.551028e-03	4.294331e-02	6.935604e-01	9.642064e-01	8.103787e-01	4.190461e+00	6.465126e-02	3.134102e-01	1.099967e+00	1.221558e+00	1.272194e+00	1.317805e+00	1.358459e+00	1.400521e+00	1.444187e+00	1.498770e+00	1.567318e+00	1.744134e+00	1.673517e+00	-3.800787e-01	
8  8.65105	-9.952876e-01	-3.576799e-02	4.361985e-02	6.994748e-01	9.624942e-01	8.083425e-01	4.276492e+00	8.828787e-02	3.151558e-01	1.100771e+00	1.221571e+00	1.272836e+00	1.317934e+00	1.358827e+00	1.401992e+00	1.443537e+00	1.499687e+00	1.568655e+00	1.745173e+00	1.634380e+00	-3.574151e-01	
1  7.75424	-1.033713e+00	1.106409e-01	4.181421e-02	7.071215e-01	9.581349e-01	8.132910e-01	4.430348e+00	5.090055e-02	3.110487e-01	1.099605e+00	1.220271e+00	1.272540e+00	1.316216e+00	1.358379e+00	1.398750e+00	1.442211e+00	1.496441e+00	1.565054e+00	1.740822e+00	1.679692e+00	-3.744530e-01	
1  9.21041	-1.012912e+00	5.133426e-02	4.167605e-02	6.927292e-01	9.635477e-01	8.118987e-01	4.345937e+00	4.289664e-02	3.126278e-01	1.099576e+00	1.219574e+00	1.272235e+00	1.315785e+00	1.359248e+00	1.398321e+00	1.441419e+00	1.497799e+00	1.565095e+00	1.741884e+00	1.692437e+00	-3.879080e-01	
1  11.886	-1.008317e+00	2.515934e-02	4.338385e-02	6.893001e-01	9.664757e-01	8.099952e-01	4.132094e+00	5.834099e-02	3.138393e-01	1.100706e+00	1.220540e+00	1.272958e+00	1.317724e+00	1.360496e+00	1.401302e+00	1.441560e+00	1.500918e+00	1.567169e+00	1.744247e+00	1.724705e+00	-4.087406e-01	
1  11.9421	-1.019049e+00	8.575419e-02	4.297490e-02	6.967846e-01	9.609921e-01	8.108430e-01	4.198672e+00	7.014351e-02	3.133806e-01	1.098961e+00	1.218767e+00	1.269840e+00	1.314995e+00	1.355679e+00	1.397083e+00	1.437010e+00	1.495527e+00	1.562695e+00	1.738200e+00	1.782325e+00	-4.363871e-01	
1  11.6661	-1.021513e+00	5.718244e-02	4.352934e-02	6.861087e-01	9.667766e-01	8.088972e-01	4.014730e+00	1.003696e-01	3.140038e-01	1.100271e+00	1.221087e+00	1.272907e+00	1.317914e+00	1.360065e+00	1.400086e+00	1.442275e+00	1.499358e+00	1.567070e+00	1.742385e+00	1.877180e+00	-4.950285e-01	
8  10.5013	-1.020952e+00	3.090418e-02	4.395131e-02	6.609064e-01	9.764692e-01	8.085047e-01	3.657956e+00	9.110244e-02	3.140423e-01	1.102226e+00	1.223796e+00	1.276816e+00	1.321740e+00	1.365160e+00	1.404747e+00	1.449008e+00	1.504703e+00	1.572584e+00	1.749429e+00	1.913095e+00	-5.207237e-01	
3  11.6708	-1.010374e+00	3.616145e-02	4.398938e-02	6.669783e-01	9.692432e-01	8.075794e-01	3.607209e+00	1.018966e-01	3.153301e-01	1.100669e+00	1.220958e+00	1.274044e+00	1.317751e+00	1.360573e+00	1.400065e+00	1.444211e+00	1.498569e+00	1.567987e+00	1.742320e+00	1.850979e+00	-4.893498e-01	
1  10.0686	-1.003263e+00	-7.098697e-04	4.403540e-02	6.652453e-01	9.714642e-01	8.068385e-01	3.637927e+00	1.103352e-01	3.159588e-01	1.100721e+00	1.221493e+00	1.274266e+00	1.317742e+00	1.360938e+00	1.400581e+00	1.446162e+00	1.498933e+00	1.569449e+00	1.743120e+00	1.852508e+00	-4.819642e-01	
15  8.36607	-1.012926e+00	4.014827e-02	4.494320e-02	6.807844e-01	9.653906e-01	8.073704e-01	3.726022e+00	1.130395e-01	3.155295e-01	1.101185e+00	1.221481e+00	1.273667e+00	1.316335e+00	1.359425e+00	1.400303e+00	1.444018e+00	1.497430e+00	1.567306e+00	1.740533e+00	1.837425e+00	-4.737409e-01	
5  10.4671	-1.025637e+00	6.357444e-02	4.411516e-02	6.872729e-01	9.654332e-01	8.076798e-01	3.902336e+00	1.278499e-01	3.145841e-01	1.101589e+00	1.221796e+00	1.274993e+00	1.316714e+00	1.360773e+00	1.400485e+00	1.446642e+00	1.497574e+00	1.567936e+00	1.740446e+00	1.812376e+00	-4.454706e-01	
3  10.4881	-1.026843e+00	6.662998e-02	4.475122e-02	6.963257e-01	9.634339e-01	8.086841e-01	4.038277e+00	1.108406e-01	3.139699e-01	1.102222e+00	1.223022e+00	1.275680e+00	1.318166e+00	1.361576e+00	1.401449e+00	1.448787e+00	1.499912e+00	1.568367e+00	1.742049e+00	1.895252e+00	-5.014298e-01	
2  10.8769	-1.016918e+00	2.130584e-02	4.460478e-02	6.867554e-01	9.667589e-01	8.085424e-01	3.905766e+00	9.768324e-02	3.143694e-01	1.102380e+00	1.224187e+00	1.275584e+00	1.320295e+00	1.362461e+00	1.403562e+00	1.449775e+00	1.502896e+00	1.570745e+00	1.745144e+00	1.825558e+00	-4.549489e-01	
3  8.44615	-9.972625e-01	-6.202474e-02	4.611261e-02	6.652682e-01	9.713890e-01	8.059951e-01	3.394241e+00	1.024714e-01	3.166117e-01	1.104222e+00	1.226215e+00	1.277832e+00	1.323131e+00	1.364970e+00	1.407665e+00	1.453621e+00	1.507296e+00	1.575751e+00	1.751349e+00	1.825932e+00	-4.668376e-01	
13  7.92922	-1.006412e+00	-2.565298e-02	4.701856e-02	6.633466e-01	9.735505e-01	8.081344e-01	3.295638e+00	7.000452e-02	3.150573e-01	1.103950e+00	1.226795e+00	1.278726e+00	1.324323e+00	1.364949e+00	1.408371e+00	1.454629e+00	1.508097e+00	1.576009e+00	1.751373e+00	1.838291e+00	-4.666517e-01	
3  7.02413	-1.009551e+00	2.123268e-02	4.407007e-02	6.703192e-01	9.704231e-01	8.113981e-01	3.712627e+00	4.349015e-02	3.133461e-01	1.100254e+00	1.222261e+00	1.273329e+00	1.319707e+00	1.358311e+00	1.402991e+00	1.447773e+00	1.500682e+00	1.569614e+00	1.744046e+00	1.841384e+00	-4.725829e-01	
5  6.99965	-1.011432e+00	2.981105e-02	4.551167e-02	6.730413e-01	9.705878e-01	8.111485e-01	3.629621e+00	3.859806e-02	3.134558e-01	1.101342e+00	1.223048e+00	1.274850e+00	1.320990e+00	1.359282e+00	1.404530e+00	1.448046e+00	1.502094e+00	1.570248e+00	1.744112e+00	1.779780e+00	-4.347960e-01	
11  6.12494	-9.895118e-01	-4.193741e-02	4.469119e-02	6.659172e-01	9.726069e-01	8.089378e-01	3.653527e+00	4.669502e-02	3.154267e-01	1.101177e+00	1.222615e+00	1.275278e+00	1.320632e+00	1.359242e+00	1.404800e+00	1.448266e+00	1.502342e+00	1.570145e+00	1.746304e+00	1.836518e+00	-4.779476e-01	
2  6.15448	-1.001382e+00	-4.742840e-03	4.337966e-02	6.808217e-01	9.672701e-01	8.097429e-01	3.899715e+00	6.487355e-02	3.141528e-01	1.099709e+00	1.221100e+00	1.273713e+00	1.316942e+00	1.358058e+00	1.401006e+00	1.445084e+00	1.499037e+00	1.566038e+00	1.742022e+00	1.807374e+00	-4.597243e-01	
1  7.54217	-1.008963e+00	2.431016e-02	4.380487e-02	6.796607e-01	9.659220e-01	8.120486e-01	3.739935e+00	4.101491e-02	3.123737e-01	1.098746e+00	1.220907e+00	1.272735e+00	1.315506e+00	1.356995e+00	1.401003e+00	1.444570e+00	1.498301e+00	1.564740e+00	1.741500e+00	1.730504e+00	-4.124334e-01	
5  8.37198	-9.956603e-01	-1.505871e-02	4.518314e-02	6.804662e-01	9.632937e-01	8.108353e-01	3.573284e+00	4.205149e-02	3.136358e-01	1.099517e+00	1.221635e+00	1.272671e+00	1.315876e+00	1.358253e+00	1.401836e+00	1.445576e+00	1.498272e+00	1.565577e+00	1.742519e+00	1.642726e+00	-3.605918e-01	
15  8.62	-9.932274e-01	-3.760774e-02	4.616314e-02	6.826956e-01	9.632607e-01	8.101637e-01	3.545914e+00	5.895955e-02	3.141118e-01	1.099582e+00	1.221719e+00	1.272881e+00	1.315511e+00	1.359138e+00	1.401337e+00	1.447257e+00	1.499129e+00	1.566938e+00	1.743330e+00	1.698312e+00	-3.922602e-01	
12  6.88429	-1.001752e+00	1.101511e-02	4.739285e-02	6.789431e-01	9.619887e-01	8.118323e-01	3.192260e+00	3.756197e-02	3.129766e-01	1.098632e+00	1.220516e+00	1.271028e+00	1.314130e+00	1.358445e+00	1.399770e+00	1.444844e+00	1.496621e+00	1.564676e+00	1.741205e+00	1.670676e+00	-3.699350e-01	
12  7.81994	-9.917268e-01	-5.211209e-02	4.686940e-02	6.688700e-01	9.690831e-01	8.093286e-01	3.275305e+00	4.852288e-02	3.147654e-01	1.101363e+00	1.224229e+00	1.275286e+00	1.319452e+00	1.363520e+00	1.405598e+00	1.450847e+00	1.503272e+00	1.571353e+00	1.747372e+00	1.590934e+00	-3.226386e-01	
5  7.98962	-9.950439e-01	-4.897479e-02	4.672942e-02	6.603153e-01	9.695788e-01	8.079541e-01	3.012126e+00	6.393067e-02	3.152556e-01	1.102265e+00	1.225576e+00	1.276373e+00	1.320936e+00	1.364034e+00	1.407161e+00	1.450296e+00	1.504715e+00	1.572298e+00	1.748591e+00	1.629975e+00	-3.459837e-01	
6  7.14601	-9.978707e-01	-2.874566e-02	4.559051e-02	6.729047e-01	9.655017e-01	8.096279e-01	3.375889e+00	5.437432e-02	3.147407e-01	1.101082e+00	1.223660e+00	1.274310e+00	1.318890e+00	1.360948e+00	1.404754e+00	1.446844e+00	1.501879e+00	1.568770e+00	1.744622e+00	1.638210e+00	-3.457512e-01	
4  10.2388	-9.959429e-01	-5.042378e-02	4.514143e-02	6.947558e-01	9.609108e-01	8.070121e-01	3.820297e+00	1.025386e-01	3.162018e-01	1.101540e+00	1.224408e+00	1.274651e+00	1.318431e+00	1.360690e+00	1.404101e+00	1.447008e+00	1.500685e+00	1.568824e+00	1.744206e+00	1.671081e+00	-3.619927e-01	
8  10.1669	-1.002465e+00	-1.890959e-02	4.650264e-02	6.923976e-01	9.604768e-01	8.086613e-01	3.549705e+00	9.366833e-02	3.148843e-01	1.099510e+00	1.222174e+00	1.272131e+00	1.316057e+00	1.358731e+00	1.402177e+00	1.443686e+00	1.498344e+00	1.565712e+00	1.741277e+00	1.583284e+00	-3.103999e-01	
3  7.34426	-9.715159e-01	-1.420763e-01	4.752739e-02	6.625287e-01	9.698567e-01	8.066132e-01	3.124536e+00	9.085489e-02	3.171970e-01	1.100211e+00	1.222775e+00	1.273338e+00	1.318414e+00	1.360817e+00	1.405069e+00	1.447622e+00	1.503033e+00	1.569954e+00	1.748714e+00	1.662033e+00	-3.691547e-01	
# After 186 accepted steps: update proposal with max(R-1) = 0.794254 and jumping factor = 2.400000 
9  5.67488	-9.872285e-01	-5.120326e-02	4.879396e-02	6.936545e-01	9.573580e-01	8.079663e-01	3.307802e+00	9.620814e-02	3.161915e-01	1.098958e+00	1.219949e+00	1.271103e+00	1.313663e+00	1.357251e+00	1.399327e+00	1.441008e+00	1.496902e+00	1.563701e+00	1.741543e+00	1.691848e+00	-3.850942e-01	
1  4.26106	-1.017008e+00	8.506801e-02	5.014487e-02	7.179097e-01	9.481779e-01	8.107235e-01	3.462994e+00	8.940678e-02	3.140251e-01	1.098074e+00	1.217981e+00	1.268841e+00	1.311707e+00	1.353489e+00	1.395275e+00	1.436318e+00	1.490783e+00	1.558328e+00	1.732471e+00	1.694277e+00	-3.871688e-01	
5  6.08121	-1.024110e+00	1.543275e-01	5.053630e-02	7.421838e-01	9.378410e-01	8.138564e-01	3.719274e+00	6.885144e-02	3.121270e-01	1.094835e+00	1.213023e+00	1.264006e+00	1.306562e+00	1.346537e+00	1.389238e+00	1.427913e+00	1.483356e+00	1.549296e+00	1.722882e+00	1.695236e+00	-3.885669e-01	
28  3.92579	-1.009731e+00	8.157139e-02	5.069033e-02	7.286892e-01	9.462046e-01	8.115198e-01	3.634271e+00	7.011594e-02	3.136936e-01	1.097029e+00	1.215738e+00	1.267692e+00	1.311463e+00	1.350444e+00	1.393884e+00	1.434605e+00	1.488757e+00	1.555436e+00	1.729930e+00	1.695093e+00	-3.895166e-01	
5  3.91731	-1.032239e+00	1.668971e-01	5.113179e-02	7.309439e-01	9.435238e-01	8.133803e-01	3.479278e+00	6.625066e-02	3.119314e-01	1.096418e+00	1.215214e+00	1.266753e+00	1.310635e+00	1.348946e+00	1.391569e+00	1.432722e+00	1.485931e+00	1.552767e+00	1.726883e+00	1.706489e+00	-3.983571e-01	
1  4.12725	-1.027758e+00	9.838588e-02	4.931712e-02	7.003866e-01	9.550340e-01	8.096003e-01	3.276939e+00	9.520163e-02	3.141076e-01	1.100698e+00	1.220831e+00	1.272994e+00	1.317823e+00	1.357229e+00	1.399473e+00	1.441812e+00	1.495284e+00	1.563336e+00	1.738055e+00	1.768319e+00	-4.412480e-01	
1  4.45167	-1.001145e+00	-2.922440e-02	4.940394e-02	6.654607e-01	9.720671e-01	8.052770e-01	3.049828e+00	1.064970e-01	3.174438e-01	1.104244e+00	1.225153e+00	1.278569e+00	1.323204e+00	1.364636e+00	1.406922e+00	1.450370e+00	1.505517e+00	1.572663e+00	1.749985e+00	1.751024e+00	-4.329133e-01	
1  7.18318	-1.016638e+00	3.920436e-03	4.748425e-02	6.661932e-01	9.724384e-01	8.056335e-01	3.188237e+00	1.003280e-01	3.162639e-01	1.106229e+00	1.227824e+00	1.282674e+00	1.326513e+00	1.367337e+00	1.411174e+00	1.452856e+00	1.508572e+00	1.574621e+00	1.753193e+00	1.621174e+00	-3.574634e-01	
17  6.27469	-1.021844e+00	1.864414e-02	4.462975e-02	6.617760e-01	9.732488e-01	8.069215e-01	3.331665e+00	9.655345e-02	3.151015e-01	1.104268e+00	1.227059e+00	1.281346e+00	1.325193e+00	1.366546e+00	1.408651e+00	1.452697e+00	1.506434e+00	1.573364e+00	1.750595e+00	1.675942e+00	-3.898802e-01	
10  5.48183	-9.998468e-01	-5.970481e-02	4.611564e-02	6.565918e-01	9.773336e-01	8.049520e-01	3.268361e+00	1.122918e-01	3.170060e-01	1.103791e+00	1.225915e+00	1.281033e+00	1.323411e+00	1.366486e+00	1.408122e+00	1.453746e+00	1.506306e+00	1.573604e+00	1.752309e+00	1.531281e+00	-2.904330e-01	
2  7.28231	-9.769798e-01	-1.155837e-01	4.615823e-02	6.739038e-01	9.730215e-01	8.041633e-01	3.675095e+00	8.922977e-02	3.184637e-01	1.104440e+00	1.225698e+00	1.279958e+00	1.324457e+00	1.365897e+00	1.408030e+00	1.454180e+00	1.507617e+00	1.574058e+00	1.752686e+00	1.677172e+00	-3.816473e-01	
14  7.36745	-9.714334e-01	-1.405888e-01	4.558146e-02	6.636608e-01	9.746947e-01	8.040217e-01	3.572180e+00	7.549746e-02	3.187250e-01	1.105570e+00	1.227501e+00	1.281048e+00	1.326844e+00	1.367037e+00	1.411276e+00	1.454924e+00	1.510291e+00	1.577084e+00	1.756412e+00	1.611798e+00	-3.372219e-01	
25  5.87305	-9.855884e-01	-4.408272e-02	4.985658e-02	6.905242e-01	9.631960e-01	8.084880e-01	3.339464e+00	3.614148e-02	3.160077e-01	1.102656e+00	1.224019e+00	1.275966e+00	1.322542e+00	1.360897e+00	1.404914e+00	1.448338e+00	1.503374e+00	1.569187e+00	1.748143e+00	1.709483e+00	-4.068277e-01	
2  4.84255	-9.730054e-01	-8.592073e-02	4.808993e-02	6.694878e-01	9.660004e-01	8.074594e-01	3.106748e+00	5.241800e-02	3.169095e-01	1.101541e+00	1.221950e+00	1.273391e+00	1.320086e+00	1.359030e+00	1.403248e+00	1.447796e+00	1.499706e+00	1.568090e+00	1.744919e+00	1.714923e+00	-4.079926e-01	
2  6.20892	-9.701914e-01	-1.297830e-01	4.806049e-02	6.290187e-01	9.802537e-01	8.057082e-01	2.515051e+00	7.686339e-02	3.178733e-01	1.101590e+00	1.223161e+00	1.274772e+00	1.321448e+00	1.361385e+00	1.405224e+00	1.452588e+00	1.502937e+00	1.572214e+00	1.747678e+00	1.716345e+00	-4.055661e-01	
23  6.5386	-1.019473e+00	7.267642e-02	5.034220e-02	6.689259e-01	9.662161e-01	8.124268e-01	2.675749e+00	4.663616e-02	3.123804e-01	1.098585e+00	1.220187e+00	1.269925e+00	1.317254e+00	1.354470e+00	1.400010e+00	1.443636e+00	1.495260e+00	1.561923e+00	1.738420e+00	1.601186e+00	-3.279204e-01	
1  8.02602	-9.778437e-01	-9.255329e-02	5.014225e-02	6.597970e-01	9.710147e-01	8.093825e-01	2.710529e+00	5.596029e-02	3.154651e-01	1.098311e+00	1.219832e+00	1.270184e+00	1.318117e+00	1.356041e+00	1.401795e+00	1.446851e+00	1.497531e+00	1.565629e+00	1.743531e+00	1.687212e+00	-3.909436e-01	
4  8.69759	-9.602594e-01	-1.981221e-01	4.901762e-02	6.216686e-01	9.865661e-01	8.054204e-01	2.428794e+00	6.531798e-02	3.179067e-01	1.103044e+00	1.225535e+00	1.276562e+00	1.325729e+00	1.364363e+00	1.411126e+00	1.458236e+00	1.507244e+00	1.578171e+00	1.756189e+00	1.644051e+00	-3.598903e-01	
5  9.55622	-9.560072e-01	-1.611092e-01	4.798355e-02	6.455675e-01	9.732520e-01	8.071462e-01	2.813686e+00	6.567306e-02	3.177803e-01	1.099051e+00	1.219049e+00	1.270139e+00	1.317615e+00	1.357440e+00	1.402273e+00	1.449660e+00	1.497473e+00	1.568222e+00	1.745373e+00	1.751466e+00	-4.213690e-01	
17  8.32065	-9.567182e-01	-1.429416e-01	4.955372e-02	6.610258e-01	9.662159e-01	8.063495e-01	2.815961e+00	8.197736e-02	3.185308e-01	1.099032e+00	1.218154e+00	1.269425e+00	1.315777e+00	1.355273e+00	1.400127e+00	1.446802e+00	1.494794e+00	1.564306e+00	1.742581e+00	1.768734e+00	-4.369374e-01	
4  9.57186	-9.692671e-01	-1.339338e-01	4.977827e-02	6.373518e-01	9.748246e-01	8.050382e-01	2.425358e+00	9.021628e-02	3.185381e-01	1.101994e+00	1.222962e+00	1.274342e+00	1.321116e+00	1.360350e+00	1.406261e+00	1.452078e+00	1.501529e+00	1.569598e+00	1.751403e+00	1.901645e+00	-5.130307e-01	
8  9.95666	-9.875431e-01	-9.788913e-02	4.816294e-02	6.265498e-01	9.809871e-01	8.058227e-01	2.389696e+00	1.018340e-01	3.170054e-01	1.101629e+00	1.223646e+00	1.274741e+00	1.321279e+00	1.360818e+00	1.406617e+00	1.453226e+00	1.502978e+00	1.569952e+00	1.750576e+00	2.003763e+00	-5.739926e-01	
18  11.3742	-9.947456e-01	-6.543677e-02	4.856109e-02	6.372745e-01	9.732253e-01	8.051937e-01	2.368519e+00	1.293648e-01	3.175581e-01	1.101275e+00	1.222946e+00	1.274283e+00	1.319797e+00	1.359104e+00	1.405110e+00	1.450433e+00	1.501184e+00	1.567309e+00	1.745641e+00	1.983771e+00	-5.664208e-01	
1  10.7142	-1.022812e+00	5.396298e-02	4.781898e-02	6.715647e-01	9.645419e-01	8.077733e-01	2.996164e+00	1.240715e-01	3.150848e-01	1.100716e+00	1.221741e+00	1.273419e+00	1.318004e+00	1.355625e+00	1.401687e+00	1.446476e+00	1.496881e+00	1.561894e+00	1.740657e+00	1.891388e+00	-5.109639e-01	
5  7.44508	-1.038739e+00	1.225507e-01	4.912371e-02	6.999721e-01	9.539798e-01	8.116504e-01	3.206555e+00	8.640966e-02	3.122454e-01	1.100525e+00	1.221758e+00	1.271837e+00	1.318014e+00	1.355293e+00	1.400196e+00	1.444553e+00	1.495737e+00	1.560539e+00	1.737706e+00	1.822020e+00	-4.649265e-01	
1  7.42206	-1.018249e+00	7.881410e-02	4.977668e-02	7.089551e-01	9.497886e-01	8.123215e-01	3.326033e+00	7.270418e-02	3.127698e-01	1.097519e+00	1.218225e+00	1.268154e+00	1.313474e+00	1.351763e+00	1.395782e+00	1.440931e+00	1.491719e+00	1.557422e+00	1.733802e+00	1.813001e+00	-4.691093e-01	
5  9.25279	-1.006338e+00	8.894259e-03	5.009459e-02	6.758420e-01	9.588947e-01	8.094130e-01	2.711444e+00	9.582826e-02	3.147246e-01	1.099226e+00	1.220483e+00	1.271196e+00	1.316203e+00	1.355094e+00	1.399508e+00	1.445024e+00	1.496053e+00	1.562969e+00	1.738431e+00	1.805637e+00	-4.688405e-01	
2  9.05462	-1.005638e+00	1.314754e-02	4.843636e-02	6.788468e-01	9.577781e-01	8.101102e-01	3.036727e+00	9.219840e-02	3.144591e-01	1.098432e+00	1.219354e+00	1.270150e+00	1.316249e+00	1.353860e+00	1.399073e+00	1.443511e+00	1.494894e+00	1.562284e+00	1.739158e+00	1.794507e+00	-4.649697e-01	
13  9.77894	-1.025175e+00	6.726137e-02	4.884656e-02	6.865717e-01	9.543478e-01	8.109514e-01	2.972690e+00	9.191611e-02	3.132958e-01	1.100119e+00	1.221151e+00	1.272662e+00	1.317764e+00	1.355485e+00	1.400250e+00	1.445623e+00	1.495475e+00	1.563486e+00	1.739526e+00	1.757897e+00	-4.440612e-01	
2  8.43483	-1.022496e+00	6.036942e-02	5.250750e-02	6.867253e-01	9.563900e-01	8.115243e-01	2.591110e+00	6.289967e-02	3.130037e-01	1.101073e+00	1.222328e+00	1.273993e+00	1.319636e+00	1.356642e+00	1.401913e+00	1.447163e+00	1.498224e+00	1.565561e+00	1.743256e+00	1.737195e+00	-4.189277e-01	
10  8.38427	-1.002558e+00	-4.181845e-02	5.279983e-02	6.502580e-01	9.732171e-01	8.070900e-01	2.244280e+00	8.752615e-02	3.158704e-01	1.103766e+00	1.225774e+00	1.278403e+00	1.324163e+00	1.362027e+00	1.408308e+00	1.453730e+00	1.505704e+00	1.573509e+00	1.753029e+00	1.684126e+00	-3.866822e-01	
7  8.25693	-9.890585e-01	-7.424237e-02	5.213349e-02	6.465042e-01	9.740034e-01	8.058891e-01	2.374469e+00	8.509428e-02	3.175306e-01	1.104094e+00	1.225849e+00	1.278045e+00	1.324806e+00	1.362111e+00	1.408582e+00	1.453309e+00	1.506232e+00	1.573796e+00	1.754364e+00	1.684589e+00	-3.895668e-01	
1  7.95844	-9.997574e-01	-5.201317e-02	5.036761e-02	6.430893e-01	9.763805e-01	8.067589e-01	2.517077e+00	7.710770e-02	3.162098e-01	1.104931e+00	1.227364e+00	1.279826e+00	1.326929e+00	1.364616e+00	1.411256e+00	1.455260e+00	1.508207e+00	1.576589e+00	1.756471e+00	1.666063e+00	-3.748130e-01	
10  8.44775	-9.992852e-01	-7.964171e-02	5.100903e-02	6.331177e-01	9.822937e-01	8.051829e-01	2.368748e+00	8.970014e-02	3.169667e-01	1.106578e+00	1.229694e+00	1.283284e+00	1.328841e+00	1.368245e+00	1.413757e+00	1.459492e+00	1.511897e+00	1.579963e+00	1.760904e+00	1.658252e+00	-3.705126e-01	
1  9.76163	-1.008959e+00	-2.127628e-02	4.957912e-02	6.415472e-01	9.759878e-01	8.075074e-01	2.512917e+00	8.028611e-02	3.154101e-01	1.104181e+00	1.226286e+00	1.279309e+00	1.325765e+00	1.363966e+00	1.409172e+00	1.454358e+00	1.506596e+00	1.574184e+00	1.754942e+00	1.639884e+00	-3.597966e-01	
1  9.37439	-9.904080e-01	-6.245602e-02	5.118266e-02	6.543830e-01	9.703702e-01	8.075816e-01	2.551170e+00	7.087577e-02	3.160751e-01	1.103089e+00	1.224089e+00	1.276273e+00	1.323226e+00	1.361461e+00	1.406319e+00	1.452671e+00	1.502518e+00	1.573151e+00	1.752887e+00	1.542714e+00	-2.927809e-01	
2  9.39957	-1.003189e+00	-1.450314e-02	5.075660e-02	6.735690e-01	9.636294e-01	8.072174e-01	2.793746e+00	9.791084e-02	3.157990e-01	1.102649e+00	1.222725e+00	1.275689e+00	1.321223e+00	1.359787e+00	1.404430e+00	1.449319e+00	1.499358e+00	1.569529e+00	1.748031e+00	1.480959e+00	-2.615368e-01	
5  8.2583	-1.016622e+00	5.342435e-02	4.951172e-02	6.746066e-01	9.589695e-01	8.100145e-01	2.723106e+00	8.211342e-02	3.137030e-01	1.100591e+00	1.219767e+00	1.272283e+00	1.317056e+00	1.356937e+00	1.401040e+00	1.444592e+00	1.494426e+00	1.564095e+00	1.741469e+00	1.530878e+00	-2.897541e-01	
2  9.03502	-9.911552e-01	-4.410993e-02	4.839347e-02	6.488798e-01	9.676435e-01	8.070737e-01	2.534372e+00	9.175022e-02	3.163401e-01	1.101448e+00	1.220295e+00	1.273115e+00	1.318448e+00	1.358598e+00	1.404643e+00	1.446262e+00	1.497827e+00	1.566965e+00	1.744710e+00	1.592197e+00	-3.280952e-01	
13  9.22591	-9.719734e-01	-9.533384e-02	5.176331e-02	6.637759e-01	9.649573e-01	8.093972e-01	2.484577e+00	4.606862e-02	3.156717e-01	1.099291e+00	1.218344e+00	1.272156e+00	1.315495e+00	1.356269e+00	1.403060e+00	1.444400e+00	1.497844e+00	1.565550e+00	1.747878e+00	1.653515e+00	-3.767992e-01	
2  7.64821	-9.716754e-01	-1.376841e-01	5.083309e-02	6.442864e-01	9.753208e-01	8.055700e-01	2.448829e+00	8.160684e-02	3.176428e-01	1.102407e+00	1.222754e+00	1.278150e+00	1.321948e+00	1.362244e+00	1.409007e+00	1.450465e+00	1.505920e+00	1.571887e+00	1.754919e+00	1.683202e+00	-3.907539e-01	
12  6.41083	-9.770639e-01	-1.321814e-01	5.038949e-02	6.429826e-01	9.787943e-01	8.067570e-01	2.571958e+00	7.520941e-02	3.166299e-01	1.102205e+00	1.222826e+00	1.278228e+00	1.321701e+00	1.364390e+00	1.408196e+00	1.453889e+00	1.507089e+00	1.572846e+00	1.754297e+00	1.720998e+00	-4.177836e-01	
3  7.07294	-1.004366e+00	-2.005603e-02	4.956712e-02	6.565082e-01	9.728166e-01	8.083265e-01	2.713870e+00	7.834066e-02	3.149531e-01	1.101485e+00	1.222301e+00	1.277383e+00	1.320739e+00	1.363260e+00	1.405457e+00	1.450535e+00	1.503254e+00	1.568185e+00	1.747233e+00	1.711763e+00	-4.062582e-01	
3  7.05939	-9.879784e-01	-6.325622e-02	5.125296e-02	6.350806e-01	9.773624e-01	8.074969e-01	2.177133e+00	7.104147e-02	3.162640e-01	1.100924e+00	1.221490e+00	1.276249e+00	1.318975e+00	1.362292e+00	1.404302e+00	1.450403e+00	1.502580e+00	1.569571e+00	1.748319e+00	1.733534e+00	-4.233523e-01	
1  6.02587	-1.002244e+00	-1.200994e-02	5.079116e-02	6.412256e-01	9.765118e-01	8.092536e-01	2.286832e+00	5.855164e-02	3.145017e-01	1.100568e+00	1.221451e+00	1.276306e+00	1.318863e+00	1.362315e+00	1.404554e+00	1.449058e+00	1.501202e+00	1.569731e+00	1.747158e+00	1.714476e+00	-4.079357e-01	
1  6.33561	-1.015374e+00	7.477726e-02	4.851636e-02	6.740671e-01	9.615110e-01	8.120489e-01	2.879346e+00	4.353188e-02	3.130082e-01	1.098295e+00	1.217847e+00	1.272720e+00	1.314831e+00	1.356959e+00	1.397490e+00	1.442228e+00	1.493774e+00	1.561419e+00	1.737977e+00	1.771068e+00	-4.431036e-01	
23  4.62073	-1.008429e+00	7.032122e-02	4.865657e-02	6.764146e-01	9.623608e-01	8.135970e-01	2.996797e+00	1.768095e-02	3.124947e-01	1.097033e+00	1.216218e+00	1.269371e+00	1.313365e+00	1.354972e+00	1.396075e+00	1.439794e+00	1.492821e+00	1.559939e+00	1.737065e+00	1.758185e+00	-4.228001e-01	
3  5.56634	-1.015129e+00	1.136225e-01	5.032346e-02	6.884117e-01	9.572018e-01	8.147670e-01	2.970195e+00	1.570587e-02	3.119257e-01	1.096157e+00	1.214643e+00	1.267836e+00	1.311131e+00	1.352180e+00	1.392501e+00	1.437432e+00	1.489878e+00	1.556034e+00	1.733101e+00	1.723887e+00	-4.143815e-01	
1  5.61608	-9.945944e-01	1.319856e-02	4.951085e-02	6.768438e-01	9.645454e-01	8.123171e-01	3.053800e+00	2.924252e-02	3.137669e-01	1.096914e+00	1.216052e+00	1.269244e+00	1.313393e+00	1.354896e+00	1.396419e+00	1.440364e+00	1.494937e+00	1.560724e+00	1.739512e+00	1.846415e+00	-4.880314e-01	
13  5.5201	-9.980340e-01	2.492300e-02	4.964206e-02	6.670819e-01	9.696293e-01	8.129013e-01	3.042856e+00	2.511829e-02	3.132622e-01	1.097148e+00	1.216561e+00	1.269173e+00	1.314111e+00	1.354904e+00	1.397784e+00	1.441274e+00	1.495173e+00	1.561800e+00	1.742514e+00	1.746272e+00	-4.208005e-01	
# After 236 accepted steps: rescaled jumping factor from 2.400000 to 2.425976, due to updated covariance matrix 
# After 236 accepted steps: update proposal with max(R-1) = 0.595772 and jumping factor = 2.425976 
25  4.65866	-9.692353e-01	-6.768047e-02	5.073899e-02	6.668417e-01	9.674061e-01	8.107785e-01	2.861195e+00	2.731014e-02	3.157020e-01	1.096640e+00	1.215474e+00	1.268449e+00	1.312606e+00	1.354351e+00	1.396489e+00	1.441686e+00	1.494239e+00	1.561703e+00	1.742243e+00	1.785854e+00	-4.549029e-01	
1  4.40864	-9.740645e-01	-6.359385e-02	4.944816e-02	6.641913e-01	9.685704e-01	8.103102e-01	2.953028e+00	2.986654e-02	3.158063e-01	1.098377e+00	1.217004e+00	1.270879e+00	1.314740e+00	1.356739e+00	1.398861e+00	1.444302e+00	1.496757e+00	1.563712e+00	1.744140e+00	1.683636e+00	-3.972559e-01	
4  3.11226	-9.877082e-01	-6.083127e-02	4.747520e-02	6.447295e-01	9.788517e-01	8.099369e-01	2.869884e+00	3.221669e-02	3.147437e-01	1.100989e+00	1.221504e+00	1.275376e+00	1.319760e+00	1.363311e+00	1.404092e+00	1.449459e+00	1.503501e+00	1.570101e+00	1.751220e+00	1.793863e+00	-4.552153e-01	
19  3.77112	-1.000070e+00	-3.382021e-03	4.900483e-02	6.725245e-01	9.684916e-01	8.126313e-01	3.076263e+00	8.045062e-03	3.129940e-01	1.100477e+00	1.220970e+00	1.274947e+00	1.319956e+00	1.361310e+00	1.402839e+00	1.447599e+00	1.501732e+00	1.568274e+00	1.748656e+00	1.767647e+00	-4.457064e-01	
22  5.66809	-9.924453e-01	1.409530e-02	5.081071e-02	6.864128e-01	9.572191e-01	8.135209e-01	2.865061e+00	7.602899e-03	3.131177e-01	1.097110e+00	1.215532e+00	1.269577e+00	1.313122e+00	1.354786e+00	1.394994e+00	1.439927e+00	1.492968e+00	1.559609e+00	1.738739e+00	1.832545e+00	-4.793127e-01	
1  7.67968	-9.454363e-01	-1.443951e-01	5.011246e-02	6.752674e-01	9.644462e-01	8.079093e-01	3.130021e+00	4.385595e-02	3.180875e-01	1.097017e+00	1.215114e+00	1.269942e+00	1.311905e+00	1.354684e+00	1.395574e+00	1.441541e+00	1.494553e+00	1.562305e+00	1.741072e+00	1.895006e+00	-5.315014e-01	
4  7.22162	-9.755216e-01	-4.652938e-02	4.969692e-02	6.656035e-01	9.664368e-01	8.110151e-01	2.846332e+00	2.225963e-02	3.149381e-01	1.097292e+00	1.215832e+00	1.269517e+00	1.313516e+00	1.355147e+00	1.397274e+00	1.442021e+00	1.495244e+00	1.563291e+00	1.740119e+00	1.905847e+00	-5.281008e-01	
1  6.84407	-9.788304e-01	-3.609602e-02	4.737668e-02	6.858624e-01	9.589259e-01	8.122444e-01	3.360085e+00	2.052303e-02	3.138630e-01	1.096598e+00	1.215135e+00	1.268774e+00	1.311589e+00	1.354447e+00	1.395011e+00	1.440371e+00	1.493422e+00	1.561351e+00	1.739492e+00	1.935936e+00	-5.384591e-01	
3  7.91091	-9.917264e-01	1.702834e-02	4.745490e-02	6.884513e-01	9.562401e-01	8.141004e-01	3.322385e+00	1.693787e-02	3.123952e-01	1.095030e+00	1.213367e+00	1.266998e+00	1.310708e+00	1.351716e+00	1.393040e+00	1.438303e+00	1.489063e+00	1.559396e+00	1.734729e+00	1.871482e+00	-4.929428e-01	
2  10.9248	-9.871813e-01	-2.967730e-02	4.835784e-02	6.750172e-01	9.623211e-01	8.129076e-01	2.983413e+00	1.541854e-02	3.129647e-01	1.096440e+00	1.216000e+00	1.270752e+00	1.313930e+00	1.356628e+00	1.397029e+00	1.442430e+00	1.494767e+00	1.563809e+00	1.740496e+00	1.934890e+00	-5.285869e-01	
4  8.52222	-1.003475e+00	3.173975e-02	5.133324e-02	6.891186e-01	9.577579e-01	8.143566e-01	2.841779e+00	1.427257e-02	3.118656e-01	1.096303e+00	1.216068e+00	1.270589e+00	1.313227e+00	1.355607e+00	1.397196e+00	1.440920e+00	1.493073e+00	1.562442e+00	1.738327e+00	1.903376e+00	-5.205745e-01	
6  8.70358	-1.041633e+00	2.046278e-01	5.138101e-02	7.264686e-01	9.412863e-01	8.180054e-01	3.191323e+00	8.786223e-03	3.090697e-01	1.095008e+00	1.213403e+00	1.267178e+00	1.309051e+00	1.349777e+00	1.391448e+00	1.432230e+00	1.485432e+00	1.553216e+00	1.728079e+00	1.878038e+00	-4.898517e-01	
2  4.54665	-1.016284e+00	2.156620e-02	5.013781e-02	6.674054e-01	9.710963e-01	8.115173e-01	2.880310e+00	4.354818e-02	3.129463e-01	1.101495e+00	1.222971e+00	1.277088e+00	1.321520e+00	1.362938e+00	1.405866e+00	1.449163e+00	1.503104e+00	1.572934e+00	1.750136e+00	1.829278e+00	-4.640559e-01	
65  4.96507	-1.019168e+00	4.247839e-02	4.970789e-02	6.649086e-01	9.698641e-01	8.124715e-01	2.832470e+00	4.021778e-02	3.125394e-01	1.100382e+00	1.220705e+00	1.275588e+00	1.319666e+00	1.360340e+00	1.402968e+00	1.447171e+00	1.499778e+00	1.570334e+00	1.746340e+00	1.815187e+00	-4.537595e-01	
5  6.16984	-1.030366e+00	6.557008e-02	4.926059e-02	6.588797e-01	9.713464e-01	8.129430e-01	2.702948e+00	4.301835e-02	3.114875e-01	1.100546e+00	1.222208e+00	1.276684e+00	1.320106e+00	1.362049e+00	1.404444e+00	1.447608e+00	1.501318e+00	1.572390e+00	1.748046e+00	1.839706e+00	-4.719000e-01	
4  9.47068	-9.873420e-01	-4.496343e-02	5.207579e-02	6.557726e-01	9.675535e-01	8.100008e-01	2.301549e+00	5.499131e-02	3.151552e-01	1.098019e+00	1.217870e+00	1.272453e+00	1.313839e+00	1.357024e+00	1.399963e+00	1.441952e+00	1.496374e+00	1.566641e+00	1.743599e+00	1.913671e+00	-5.259981e-01	
3  9.59653	-9.749800e-01	-1.260068e-01	5.075623e-02	6.322487e-01	9.794974e-01	8.071966e-01	2.240464e+00	5.302091e-02	3.166904e-01	1.101779e+00	1.223271e+00	1.278890e+00	1.320806e+00	1.365048e+00	1.408294e+00	1.451125e+00	1.506183e+00	1.577266e+00	1.754511e+00	1.852497e+00	-4.914678e-01	
9  11.1473	-9.761795e-01	-1.914195e-01	4.958610e-02	5.951227e-01	9.988178e-01	8.041620e-01	1.943688e+00	6.995498e-02	3.178536e-01	1.106310e+00	1.229102e+00	1.287093e+00	1.327764e+00	1.374025e+00	1.416981e+00	1.463597e+00	1.515992e+00	1.588954e+00	1.766573e+00	1.808485e+00	-4.686908e-01	
12  10.6196	-9.775399e-01	-1.716079e-01	4.952665e-02	6.038659e-01	9.975752e-01	8.036531e-01	2.129194e+00	7.447053e-02	3.176916e-01	1.106481e+00	1.228877e+00	1.286575e+00	1.327907e+00	1.372792e+00	1.416658e+00	1.461618e+00	1.515413e+00	1.587902e+00	1.764167e+00	1.738712e+00	-4.198861e-01	
11  13.4114	-9.980447e-01	-1.017639e-01	5.129254e-02	6.067699e-01	9.972431e-01	8.060626e-01	1.918278e+00	4.777297e-02	3.156063e-01	1.107319e+00	1.231178e+00	1.288255e+00	1.330361e+00	1.373630e+00	1.419151e+00	1.462239e+00	1.517858e+00	1.587837e+00	1.766800e+00	1.642228e+00	-3.584091e-01	
4  12.7011	-9.801784e-01	-1.643478e-01	5.035211e-02	6.063002e-01	9.995397e-01	8.031043e-01	2.228889e+00	6.382285e-02	3.181125e-01	1.108606e+00	1.232965e+00	1.289549e+00	1.333382e+00	1.374330e+00	1.421950e+00	1.463829e+00	1.520504e+00	1.590555e+00	1.769913e+00	1.696847e+00	-3.985218e-01	
2  13.1822	-1.001303e+00	-8.562018e-02	5.108245e-02	6.131070e-01	9.961310e-01	8.040372e-01	2.140669e+00	7.370324e-02	3.172267e-01	1.108126e+00	1.232486e+00	1.289089e+00	1.332649e+00	1.372090e+00	1.419906e+00	1.461845e+00	1.516736e+00	1.586586e+00	1.764012e+00	1.709307e+00	-4.072430e-01	
3  12.6379	-9.916085e-01	-1.416028e-01	4.789836e-02	6.089963e-01	1.001516e+00	8.019084e-01	2.592799e+00	9.764500e-02	3.183381e-01	1.108944e+00	1.233796e+00	1.290074e+00	1.334117e+00	1.374695e+00	1.421763e+00	1.465096e+00	1.519227e+00	1.589000e+00	1.766855e+00	1.761836e+00	-4.374891e-01	
3  9.55828	-9.744462e-01	-1.654611e-01	4.770659e-02	6.353589e-01	9.891040e-01	8.015909e-01	2.919466e+00	9.867941e-02	3.195752e-01	1.106803e+00	1.230136e+00	1.285564e+00	1.329415e+00	1.370949e+00	1.416052e+00	1.458456e+00	1.513246e+00	1.583176e+00	1.759684e+00	1.847356e+00	-4.867295e-01	
16  10.8205	-9.787642e-01	-1.816570e-01	4.795328e-02	6.216491e-01	9.964624e-01	8.016531e-01	2.745986e+00	8.407155e-02	3.188937e-01	1.109048e+00	1.233595e+00	1.289610e+00	1.333977e+00	1.375549e+00	1.422166e+00	1.464122e+00	1.519868e+00	1.589963e+00	1.767013e+00	1.810296e+00	-4.637383e-01	
1  10.105	-9.476091e-01	-2.719247e-01	4.817913e-02	6.222367e-01	9.948306e-01	8.015119e-01	2.814625e+00	7.391695e-02	3.201991e-01	1.106785e+00	1.230897e+00	1.284908e+00	1.330894e+00	1.371608e+00	1.420419e+00	1.460441e+00	1.516778e+00	1.586692e+00	1.766263e+00	1.873899e+00	-5.106573e-01	
3  8.7949	-9.555825e-01	-2.113622e-01	4.847188e-02	6.475194e-01	9.806591e-01	8.034795e-01	2.907786e+00	7.815862e-02	3.187388e-01	1.104095e+00	1.226165e+00	1.279896e+00	1.324960e+00	1.366228e+00	1.412968e+00	1.452134e+00	1.508568e+00	1.578003e+00	1.757223e+00	1.807856e+00	-4.773514e-01	
7  9.18556	-9.848935e-01	-1.410166e-01	4.895901e-02	6.514312e-01	9.778869e-01	8.043838e-01	2.755791e+00	1.022445e-01	3.173211e-01	1.105231e+00	1.227328e+00	1.282431e+00	1.326330e+00	1.367208e+00	1.413895e+00	1.452181e+00	1.509810e+00	1.577606e+00	1.757211e+00	1.840403e+00	-4.911270e-01	
3  7.96035	-9.789747e-01	-1.613950e-01	4.906090e-02	6.387842e-01	9.828270e-01	8.066607e-01	2.611457e+00	6.203543e-02	3.161641e-01	1.104092e+00	1.226910e+00	1.281419e+00	1.326960e+00	1.367381e+00	1.415684e+00	1.453556e+00	1.511696e+00	1.579560e+00	1.760941e+00	1.769559e+00	-4.438192e-01	
12  10.0851	-9.801953e-01	-1.696678e-01	5.098740e-02	6.202615e-01	9.908869e-01	8.045647e-01	2.217228e+00	7.255385e-02	3.172801e-01	1.106734e+00	1.230520e+00	1.285917e+00	1.330551e+00	1.371712e+00	1.420316e+00	1.457793e+00	1.516746e+00	1.584056e+00	1.765977e+00	1.755857e+00	-4.315623e-01	
4  9.87233	-9.766336e-01	-1.620123e-01	5.081224e-02	6.275925e-01	9.871468e-01	8.058217e-01	2.339977e+00	6.988720e-02	3.168683e-01	1.104284e+00	1.227548e+00	1.282115e+00	1.326291e+00	1.366871e+00	1.415488e+00	1.452789e+00	1.511464e+00	1.578887e+00	1.760955e+00	1.789202e+00	-4.483331e-01	
5  9.85574	-9.713540e-01	-1.937966e-01	5.033756e-02	6.275569e-01	9.889204e-01	8.047499e-01	2.490003e+00	8.016360e-02	3.175089e-01	1.105043e+00	1.228962e+00	1.282683e+00	1.328296e+00	1.368314e+00	1.416149e+00	1.455151e+00	1.513885e+00	1.581425e+00	1.763905e+00	1.841105e+00	-4.822689e-01	
5  10.5271	-9.424501e-01	-2.936131e-01	4.893248e-02	6.324017e-01	9.842269e-01	8.012225e-01	2.694734e+00	1.081701e-01	3.207989e-01	1.105135e+00	1.228669e+00	1.282585e+00	1.327274e+00	1.368689e+00	1.415246e+00	1.455145e+00	1.513437e+00	1.581586e+00	1.761905e+00	1.818110e+00	-4.700039e-01	
21  7.15199	-9.467603e-01	-2.528364e-01	4.934133e-02	6.291360e-01	9.860018e-01	8.035675e-01	2.641819e+00	6.916334e-02	3.197187e-01	1.104347e+00	1.227656e+00	1.281242e+00	1.326514e+00	1.367843e+00	1.414302e+00	1.454297e+00	1.512365e+00	1.580629e+00	1.761011e+00	1.860074e+00	-5.027854e-01	
3  8.74379	-1.002192e+00	-6.677206e-02	4.940628e-02	6.471416e-01	9.779207e-01	8.056668e-01	2.636994e+00	9.671010e-02	3.167898e-01	1.105311e+00	1.228071e+00	1.282486e+00	1.326113e+00	1.367013e+00	1.412108e+00	1.452385e+00	1.509939e+00	1.576694e+00	1.753783e+00	1.934772e+00	-5.467512e-01	
8  9.17061	-9.948402e-01	-8.580175e-02	5.004707e-02	6.452775e-01	9.802649e-01	8.054539e-01	2.591680e+00	8.169675e-02	3.168633e-01	1.105646e+00	1.228260e+00	1.282921e+00	1.326411e+00	1.368401e+00	1.412698e+00	1.453053e+00	1.510631e+00	1.577990e+00	1.754416e+00	1.988717e+00	-5.739172e-01	
21  7.68755	-9.724413e-01	-1.727295e-01	4.902080e-02	6.214689e-01	9.891968e-01	8.030306e-01	2.461229e+00	9.552327e-02	3.189492e-01	1.105467e+00	1.227952e+00	1.282299e+00	1.325529e+00	1.369764e+00	1.412313e+00	1.455843e+00	1.510984e+00	1.579537e+00	1.757333e+00	2.043201e+00	-6.046566e-01	
2  7.59997	-9.922651e-01	-1.040139e-01	4.583227e-02	6.274342e-01	9.828863e-01	8.041468e-01	2.659803e+00	1.054255e-01	3.175388e-01	1.105081e+00	1.228025e+00	1.281420e+00	1.325054e+00	1.368907e+00	1.411363e+00	1.454748e+00	1.508389e+00	1.577424e+00	1.754522e+00	2.034675e+00	-6.045924e-01	
1  8.6242	-9.804777e-01	-1.338749e-01	4.695333e-02	6.487891e-01	9.790881e-01	8.064675e-01	2.974279e+00	5.965789e-02	3.161545e-01	1.104250e+00	1.227295e+00	1.280348e+00	1.324760e+00	1.368615e+00	1.411257e+00	1.454614e+00	1.509315e+00	1.578089e+00	1.756625e+00	1.979071e+00	-5.762992e-01	
2  11.2489	-1.003638e+00	-3.915073e-02	4.686995e-02	6.573890e-01	9.760076e-01	8.099034e-01	3.057147e+00	3.815608e-02	3.132184e-01	1.103271e+00	1.226381e+00	1.278813e+00	1.322049e+00	1.365912e+00	1.409350e+00	1.451618e+00	1.506871e+00	1.574161e+00	1.753250e+00	1.900277e+00	-5.147068e-01	
2  9.69976	-1.011282e+00	-1.434991e-02	4.503820e-02	6.634927e-01	9.743449e-01	8.096210e-01	3.384243e+00	5.666855e-02	3.132461e-01	1.102681e+00	1.226515e+00	1.278104e+00	1.321949e+00	1.365067e+00	1.408228e+00	1.450186e+00	1.506278e+00	1.572472e+00	1.751685e+00	1.920185e+00	-5.357293e-01	
10  8.59639	-1.013156e+00	8.419871e-03	4.567540e-02	6.702403e-01	9.711300e-01	8.110404e-01	3.393861e+00	4.191145e-02	3.126314e-01	1.101894e+00	1.224684e+00	1.276294e+00	1.319796e+00	1.363450e+00	1.404987e+00	1.448435e+00	1.504255e+00	1.570392e+00	1.748915e+00	1.884091e+00	-5.134364e-01	
2  8.31091	-9.907673e-01	-5.908917e-02	4.856507e-02	6.677390e-01	9.718960e-01	8.081022e-01	3.126996e+00	6.394594e-02	3.151770e-01	1.101891e+00	1.223772e+00	1.276275e+00	1.318477e+00	1.361491e+00	1.404909e+00	1.446972e+00	1.504283e+00	1.569827e+00	1.747699e+00	1.847053e+00	-4.949888e-01	
8  11.8859	-9.878706e-01	-9.240276e-02	4.649655e-02	6.485604e-01	9.784888e-01	8.056174e-01	3.132445e+00	9.396492e-02	3.167608e-01	1.103958e+00	1.225722e+00	1.278725e+00	1.320016e+00	1.365636e+00	1.407136e+00	1.451016e+00	1.507423e+00	1.573159e+00	1.751353e+00	1.898899e+00	-5.203884e-01	
