2  3.7591	-9.834210e-01	-3.874548e-02	4.875393e-02	6.811734e-01	9.655063e-01	8.104751e-01	3.413003e+00	3.475925e-02	3.151001e-01	1.099277e+00	1.219063e+00	1.270923e+00	1.316275e+00	1.358061e+00	1.398585e+00	1.443744e+00	1.496725e+00	1.565021e+00	1.744946e+00	1.730303e+00	-4.073006e-01	
9  5.34469	-9.730795e-01	-7.134124e-02	4.881831e-02	6.801680e-01	9.687049e-01	8.086226e-01	3.505905e+00	3.592955e-02	3.162905e-01	1.100383e+00	1.221066e+00	1.273098e+00	1.317439e+00	1.360410e+00	1.400345e+00	1.447072e+00	1.499605e+00	1.567538e+00	1.748223e+00	1.723514e+00	-4.049377e-01	
1  4.79824	-9.825796e-01	-3.483690e-02	4.869775e-02	6.844716e-01	9.649127e-01	8.108330e-01	3.409854e+00	1.873685e-02	3.146360e-01	1.099024e+00	1.220348e+00	1.272178e+00	1.316223e+00	1.358634e+00	1.398818e+00	1.443989e+00	1.498050e+00	1.565271e+00	1.746577e+00	1.704451e+00	-3.948778e-01	
9  5.41816	-9.750449e-01	-6.331737e-02	4.785715e-02	6.681449e-01	9.686110e-01	8.099797e-01	3.300967e+00	2.390198e-02	3.158405e-01	1.099342e+00	1.220863e+00	1.272568e+00	1.316830e+00	1.360123e+00	1.398970e+00	1.445757e+00	1.498938e+00	1.567008e+00	1.747447e+00	1.676588e+00	-3.797397e-01	
1  7.14355	-9.874988e-01	-1.719770e-02	4.815215e-02	6.702306e-01	9.682087e-01	8.102808e-01	3.288922e+00	3.202760e-02	3.152087e-01	1.099323e+00	1.220689e+00	1.273099e+00	1.316738e+00	1.359953e+00	1.398236e+00	1.444624e+00	1.498286e+00	1.566761e+00	1.746632e+00	1.809737e+00	-4.607514e-01	
17  7.5826	-9.622601e-01	-1.180547e-01	4.931764e-02	6.632935e-01	9.708403e-01	8.079789e-01	3.115642e+00	4.910002e-02	3.169922e-01	1.099037e+00	1.219845e+00	1.272113e+00	1.317408e+00	1.360169e+00	1.398908e+00	1.446001e+00	1.499824e+00	1.569334e+00	1.747995e+00	1.803762e+00	-4.595024e-01	
3  8.37054	-9.776116e-01	-4.382413e-02	4.959402e-02	6.778450e-01	9.640904e-01	8.095140e-01	3.222782e+00	3.517957e-02	3.159638e-01	1.099652e+00	1.220764e+00	1.271781e+00	1.317067e+00	1.359502e+00	1.397589e+00	1.444103e+00	1.498728e+00	1.565979e+00	1.744889e+00	1.786314e+00	-4.542214e-01	
5  8.79394	-9.832859e-01	-4.847468e-04	4.803409e-02	6.907135e-01	9.589180e-01	8.109936e-01	3.502548e+00	2.610487e-02	3.150419e-01	1.097979e+00	1.218029e+00	1.268460e+00	1.313751e+00	1.355502e+00	1.393842e+00	1.438437e+00	1.494908e+00	1.559813e+00	1.739728e+00	1.879575e+00	-5.076054e-01	
2  7.92567	-9.888161e-01	7.176159e-03	4.684639e-02	6.837490e-01	9.596871e-01	8.107508e-01	3.468811e+00	4.385811e-02	3.148829e-01	1.098052e+00	1.217431e+00	1.268197e+00	1.312897e+00	1.355954e+00	1.393289e+00	1.437781e+00	1.494300e+00	1.559499e+00	1.738104e+00	1.827938e+00	-4.699205e-01	
4  9.03727	-9.876862e-01	-1.323875e-02	4.860736e-02	6.972107e-01	9.571356e-01	8.096342e-01	3.493440e+00	5.514240e-02	3.155346e-01	1.099189e+00	1.219055e+00	1.270302e+00	1.314555e+00	1.357645e+00	1.395127e+00	1.438306e+00	1.496064e+00	1.560490e+00	1.739951e+00	1.884250e+00	-5.009611e-01	
5  11.1162	-9.673324e-01	-9.050163e-02	4.712770e-02	6.984107e-01	9.597086e-01	8.081499e-01	3.852420e+00	4.698018e-02	3.169618e-01	1.099713e+00	1.220832e+00	1.271996e+00	1.316591e+00	1.360052e+00	1.397052e+00	1.442475e+00	1.498817e+00	1.563770e+00	1.744200e+00	1.787893e+00	-4.431901e-01	
1  8.55755	-9.804742e-01	-1.189617e-01	4.384587e-02	6.653172e-01	9.730794e-01	8.047142e-01	3.663966e+00	1.036800e-01	3.176512e-01	1.103297e+00	1.225239e+00	1.277880e+00	1.322816e+00	1.367477e+00	1.404662e+00	1.451460e+00	1.506541e+00	1.572002e+00	1.753851e+00	1.823211e+00	-4.719056e-01	
4  7.22573	-9.792835e-01	-1.002598e-01	4.460548e-02	6.817457e-01	9.668071e-01	8.057266e-01	3.864664e+00	9.473386e-02	3.175469e-01	1.102087e+00	1.223094e+00	1.275365e+00	1.321504e+00	1.363026e+00	1.402974e+00	1.447437e+00	1.503959e+00	1.569388e+00	1.749967e+00	1.826232e+00	-4.810758e-01	
3  7.50314	-9.810355e-01	-1.331600e-01	4.355632e-02	6.593477e-01	9.765498e-01	8.038518e-01	3.693890e+00	1.117115e-01	3.182155e-01	1.103886e+00	1.226067e+00	1.279483e+00	1.326373e+00	1.368052e+00	1.409226e+00	1.454022e+00	1.508180e+00	1.576623e+00	1.754746e+00	1.800204e+00	-4.646599e-01	
7  7.05951	-9.677431e-01	-1.254600e-01	4.602979e-02	6.743290e-01	9.664540e-01	8.048026e-01	3.522707e+00	8.253026e-02	3.187953e-01	1.102382e+00	1.223218e+00	1.276918e+00	1.321599e+00	1.363287e+00	1.404856e+00	1.449108e+00	1.503204e+00	1.572427e+00	1.748686e+00	1.760588e+00	-4.514290e-01	
7  6.93746	-9.844501e-01	-5.945037e-02	4.524353e-02	6.777589e-01	9.671958e-01	8.095192e-01	3.715233e+00	4.077673e-02	3.154316e-01	1.100198e+00	1.221191e+00	1.273942e+00	1.319244e+00	1.360512e+00	1.402211e+00	1.446780e+00	1.501772e+00	1.569404e+00	1.745289e+00	1.896311e+00	-5.195089e-01	
1  6.77672	-9.768599e-01	-6.504018e-02	4.579596e-02	6.844770e-01	9.641870e-01	8.098309e-01	3.815848e+00	2.798415e-02	3.159528e-01	1.100227e+00	1.221221e+00	1.273255e+00	1.317812e+00	1.360410e+00	1.402151e+00	1.446308e+00	1.499460e+00	1.568795e+00	1.744689e+00	1.900674e+00	-5.346124e-01	
2  5.82402	-9.778419e-01	-1.044303e-01	4.646877e-02	6.532914e-01	9.772844e-01	8.070562e-01	3.277299e+00	5.304651e-02	3.168542e-01	1.102600e+00	1.224931e+00	1.277337e+00	1.322680e+00	1.366052e+00	1.406500e+00	1.453096e+00	1.505442e+00	1.574914e+00	1.751696e+00	1.930674e+00	-5.481785e-01	
11  6.64596	-9.629853e-01	-1.459691e-01	4.779688e-02	6.568364e-01	9.780331e-01	8.067237e-01	3.263445e+00	4.409715e-02	3.176381e-01	1.101897e+00	1.223641e+00	1.276061e+00	1.321903e+00	1.365413e+00	1.405898e+00	1.451862e+00	1.504294e+00	1.574125e+00	1.752037e+00	1.923793e+00	-5.480430e-01	
2  6.55273	-9.518166e-01	-1.753267e-01	4.810634e-02	6.613157e-01	9.763513e-01	8.060189e-01	3.301130e+00	4.857741e-02	3.182739e-01	1.100671e+00	1.222574e+00	1.274560e+00	1.320079e+00	1.363263e+00	1.404283e+00	1.451242e+00	1.502785e+00	1.572598e+00	1.751942e+00	1.898125e+00	-5.299363e-01	
5  6.58641	-9.603212e-01	-1.272955e-01	4.682777e-02	6.697113e-01	9.714213e-01	8.055630e-01	3.529549e+00	5.528183e-02	3.185765e-01	1.101508e+00	1.223286e+00	1.275063e+00	1.318874e+00	1.362885e+00	1.402851e+00	1.449560e+00	1.500964e+00	1.569691e+00	1.748361e+00	1.765744e+00	-4.552154e-01	
7  5.99404	-9.688877e-01	-1.120960e-01	4.695412e-02	6.624928e-01	9.740346e-01	8.056806e-01	3.384742e+00	6.901125e-02	3.178873e-01	1.101339e+00	1.222896e+00	1.276231e+00	1.319255e+00	1.363199e+00	1.402674e+00	1.450572e+00	1.501529e+00	1.569953e+00	1.748100e+00	1.781179e+00	-4.644901e-01	
2  6.61982	-9.654905e-01	-1.033634e-01	4.896701e-02	6.775607e-01	9.681117e-01	8.052318e-01	3.398804e+00	6.089472e-02	3.190404e-01	1.102839e+00	1.223820e+00	1.276689e+00	1.319087e+00	1.363099e+00	1.402778e+00	1.448696e+00	1.500575e+00	1.569065e+00	1.746464e+00	1.747551e+00	-4.507698e-01	
11  9.43896	-9.573646e-01	-7.999074e-02	4.841409e-02	6.977370e-01	9.584057e-01	8.071034e-01	3.707028e+00	3.323383e-02	3.186404e-01	1.100378e+00	1.220169e+00	1.271072e+00	1.313378e+00	1.357565e+00	1.395994e+00	1.441962e+00	1.494077e+00	1.560867e+00	1.740031e+00	1.745823e+00	-4.467144e-01	
2  9.27651	-9.592222e-01	-4.382264e-02	4.886056e-02	7.116622e-01	9.519256e-01	8.084167e-01	3.826906e+00	2.287249e-02	3.181061e-01	1.099007e+00	1.217907e+00	1.268201e+00	1.310696e+00	1.353730e+00	1.392426e+00	1.438010e+00	1.490240e+00	1.556221e+00	1.735103e+00	1.673529e+00	-4.096166e-01	
2  9.06348	-9.608687e-01	-4.851974e-02	4.856261e-02	7.159241e-01	9.534828e-01	8.088537e-01	4.037262e+00	2.979500e-02	3.172175e-01	1.097951e+00	1.216705e+00	1.267310e+00	1.311631e+00	1.352206e+00	1.393669e+00	1.436265e+00	1.490228e+00	1.556748e+00	1.734596e+00	1.580769e+00	-3.458033e-01	
1  10.5642	-9.772433e-01	1.338021e-02	4.697985e-02	7.237511e-01	9.502035e-01	8.105097e-01	4.226942e+00	2.777830e-02	3.155820e-01	1.096993e+00	1.215557e+00	1.266443e+00	1.310100e+00	1.351597e+00	1.392265e+00	1.432847e+00	1.487935e+00	1.554288e+00	1.730638e+00	1.625945e+00	-3.706598e-01	
1  10.6669	-9.811034e-01	1.761142e-02	4.727361e-02	7.121269e-01	9.514511e-01	8.117200e-01	3.852687e+00	2.049323e-02	3.144851e-01	1.096635e+00	1.214358e+00	1.264728e+00	1.308206e+00	1.351422e+00	1.390107e+00	1.433066e+00	1.486667e+00	1.553743e+00	1.731043e+00	1.737983e+00	-4.312967e-01	
1  10.4192	-9.832892e-01	2.361724e-02	4.731220e-02	7.057762e-01	9.525550e-01	8.109608e-01	3.714785e+00	3.277986e-02	3.151646e-01	1.096743e+00	1.215008e+00	1.265632e+00	1.307695e+00	1.351996e+00	1.389318e+00	1.433352e+00	1.486920e+00	1.552811e+00	1.729658e+00	1.820545e+00	-4.852905e-01	
6  9.72863	-9.783827e-01	1.762620e-02	4.721256e-02	7.185346e-01	9.486536e-01	8.117626e-01	3.976515e+00	2.281535e-02	3.150435e-01	1.095928e+00	1.213600e+00	1.263690e+00	1.306869e+00	1.350587e+00	1.387589e+00	1.431355e+00	1.485736e+00	1.551917e+00	1.730253e+00	1.837867e+00	-4.900235e-01	
9  9.72912	-9.817139e-01	-3.151061e-03	4.827942e-02	7.285251e-01	9.471543e-01	8.110856e-01	4.002889e+00	5.038747e-02	3.147428e-01	1.096235e+00	1.214924e+00	1.264389e+00	1.308396e+00	1.351546e+00	1.388576e+00	1.433725e+00	1.487286e+00	1.552880e+00	1.732287e+00	1.890237e+00	-5.113543e-01	
1  9.7498	-9.611370e-01	-6.368522e-02	4.946403e-02	7.154198e-01	9.496277e-01	8.094633e-01	3.743304e+00	4.481244e-02	3.169881e-01	1.097067e+00	1.214186e+00	1.264797e+00	1.308399e+00	1.351477e+00	1.390128e+00	1.432757e+00	1.489348e+00	1.554740e+00	1.734551e+00	1.729130e+00	-4.212751e-01	
2  10.5029	-9.765315e-01	-3.607663e-04	5.025655e-02	7.275004e-01	9.446591e-01	8.110632e-01	3.736941e+00	5.406199e-02	3.156032e-01	1.095280e+00	1.212584e+00	1.262093e+00	1.305234e+00	1.348959e+00	1.385931e+00	1.429054e+00	1.485579e+00	1.550246e+00	1.730324e+00	1.815330e+00	-4.718313e-01	
5  5.98824	-9.829200e-01	3.299857e-02	4.933274e-02	7.243501e-01	9.449805e-01	8.112945e-01	3.798560e+00	4.453585e-02	3.154368e-01	1.095952e+00	1.213191e+00	1.263038e+00	1.306973e+00	1.349235e+00	1.386835e+00	1.430800e+00	1.484886e+00	1.550964e+00	1.728907e+00	1.764937e+00	-4.408858e-01	
2  8.0513	-9.849719e-01	5.802243e-02	4.877009e-02	7.267113e-01	9.408809e-01	8.127100e-01	3.792986e+00	4.856239e-02	3.147091e-01	1.093601e+00	1.209750e+00	1.258533e+00	1.303492e+00	1.343561e+00	1.383245e+00	1.425399e+00	1.480821e+00	1.545478e+00	1.723405e+00	1.670162e+00	-3.861806e-01	
5  7.38431	-9.701803e-01	-1.036452e-03	4.886549e-02	7.174208e-01	9.441140e-01	8.099493e-01	3.705641e+00	4.924463e-02	3.167743e-01	1.096275e+00	1.213078e+00	1.262377e+00	1.307531e+00	1.348282e+00	1.387515e+00	1.430842e+00	1.485128e+00	1.552064e+00	1.729656e+00	1.663594e+00	-3.918440e-01	
7  7.72485	-9.548472e-01	-8.071552e-02	4.972972e-02	7.146663e-01	9.493818e-01	8.070252e-01	3.729795e+00	8.506470e-02	3.184385e-01	1.096185e+00	1.214219e+00	1.263029e+00	1.309354e+00	1.348960e+00	1.390181e+00	1.433781e+00	1.487259e+00	1.554134e+00	1.733774e+00	1.648228e+00	-3.825455e-01	
1  9.05443	-9.449849e-01	-1.287734e-01	5.079226e-02	7.054872e-01	9.547879e-01	8.059965e-01	3.566081e+00	8.425266e-02	3.190666e-01	1.096847e+00	1.215468e+00	1.264638e+00	1.311460e+00	1.351444e+00	1.392650e+00	1.436980e+00	1.490090e+00	1.557456e+00	1.738317e+00	1.590096e+00	-3.501879e-01	
4  9.1919	-9.392870e-01	-1.478024e-01	4.920024e-02	6.909921e-01	9.592130e-01	8.061887e-01	3.578689e+00	6.131095e-02	3.193077e-01	1.097804e+00	1.216532e+00	1.266494e+00	1.313486e+00	1.352769e+00	1.393967e+00	1.438851e+00	1.493273e+00	1.559588e+00	1.740468e+00	1.565443e+00	-3.300319e-01	
13  11.5589	-9.333704e-01	-1.709533e-01	4.816639e-02	6.993717e-01	9.575597e-01	8.057844e-01	3.886960e+00	5.241193e-02	3.197760e-01	1.098831e+00	1.217664e+00	1.267550e+00	1.314743e+00	1.353519e+00	1.395474e+00	1.440372e+00	1.494609e+00	1.561134e+00	1.742271e+00	1.599536e+00	-3.511061e-01	
2  12.388	-9.328569e-01	-1.376269e-01	4.652504e-02	7.033826e-01	9.534818e-01	8.076421e-01	4.097412e+00	4.107184e-02	3.190650e-01	1.095876e+00	1.213271e+00	1.263254e+00	1.310099e+00	1.348445e+00	1.390249e+00	1.434953e+00	1.488764e+00	1.554763e+00	1.737215e+00	1.631014e+00	-3.711641e-01	
12  12.7964	-9.311030e-01	-1.775801e-01	4.508304e-02	7.030229e-01	9.573260e-01	8.052337e-01	4.328649e+00	5.919434e-02	3.202195e-01	1.098893e+00	1.217376e+00	1.268583e+00	1.314362e+00	1.353674e+00	1.394160e+00	1.441413e+00	1.494789e+00	1.560758e+00	1.743698e+00	1.612652e+00	-3.633033e-01	
3  14.2368	-9.370970e-01	-1.380641e-01	4.454771e-02	7.132107e-01	9.506364e-01	8.082877e-01	4.393723e+00	3.807294e-02	3.181971e-01	1.096268e+00	1.214400e+00	1.265562e+00	1.309887e+00	1.349547e+00	1.390354e+00	1.437007e+00	1.490068e+00	1.555772e+00	1.738841e+00	1.678416e+00	-4.040610e-01	
16  12.7714	-9.295175e-01	-1.720376e-01	4.388250e-02	6.970072e-01	9.557668e-01	8.071819e-01	4.266757e+00	4.601482e-02	3.192833e-01	1.096401e+00	1.215233e+00	1.265334e+00	1.311344e+00	1.349633e+00	1.391965e+00	1.437770e+00	1.491780e+00	1.557411e+00	1.740275e+00	1.679657e+00	-4.001332e-01	
6  10.778	-9.239824e-01	-2.072105e-01	4.638995e-02	6.850666e-01	9.606858e-01	8.061578e-01	3.776748e+00	3.925850e-02	3.196983e-01	1.097802e+00	1.216723e+00	1.267955e+00	1.314448e+00	1.353303e+00	1.395328e+00	1.441724e+00	1.494911e+00	1.562656e+00	1.745049e+00	1.715601e+00	-4.235016e-01	
14  11.1278	-9.525502e-01	-9.572935e-02	4.516378e-02	7.060112e-01	9.535665e-01	8.087883e-01	4.060736e+00	3.208156e-02	3.170433e-01	1.097112e+00	1.215002e+00	1.267427e+00	1.311506e+00	1.351984e+00	1.391249e+00	1.438816e+00	1.491250e+00	1.557446e+00	1.739693e+00	1.681786e+00	-4.019260e-01	
2  12.8631	-9.690899e-01	5.938131e-03	4.570507e-02	7.261756e-01	9.441819e-01	8.124562e-01	4.242699e+00	1.214268e-02	3.149269e-01	1.094258e+00	1.210632e+00	1.262478e+00	1.306596e+00	1.345737e+00	1.385134e+00	1.431876e+00	1.484169e+00	1.549411e+00	1.730020e+00	1.687361e+00	-4.033220e-01	
9  10.1412	-9.667734e-01	-3.531821e-02	4.559854e-02	7.163374e-01	9.469494e-01	8.098989e-01	4.087314e+00	5.228772e-02	3.164612e-01	1.095729e+00	1.213061e+00	1.264732e+00	1.308515e+00	1.348510e+00	1.387984e+00	1.434929e+00	1.487290e+00	1.552853e+00	1.734315e+00	1.760395e+00	-4.400401e-01	
3  8.77255	-9.779755e-01	9.218839e-04	4.636453e-02	7.130837e-01	9.502016e-01	8.113725e-01	4.006109e+00	4.072873e-02	3.151325e-01	1.095809e+00	1.213303e+00	1.264987e+00	1.308915e+00	1.348053e+00	1.388150e+00	1.435419e+00	1.487128e+00	1.553340e+00	1.732439e+00	1.809652e+00	-4.673402e-01	
2  6.94734	-9.758611e-01	-3.204081e-02	4.711012e-02	7.130051e-01	9.531522e-01	8.096100e-01	3.992922e+00	5.426406e-02	3.159648e-01	1.098028e+00	1.215646e+00	1.268181e+00	1.311786e+00	1.352329e+00	1.391342e+00	1.439148e+00	1.489786e+00	1.557887e+00	1.736667e+00	1.860407e+00	-4.945359e-01	
5  6.81509	-9.782879e-01	-2.743605e-02	4.616793e-02	6.973499e-01	9.568810e-01	8.083001e-01	3.788131e+00	6.955123e-02	3.167373e-01	1.099013e+00	1.216285e+00	1.268979e+00	1.312608e+00	1.353198e+00	1.392662e+00	1.440616e+00	1.489909e+00	1.559147e+00	1.737067e+00	1.860958e+00	-4.991871e-01	
3  7.40956	-9.956824e-01	3.781151e-02	4.803622e-02	7.360787e-01	9.439535e-01	8.091614e-01	4.056559e+00	8.901167e-02	3.156446e-01	1.098541e+00	1.215727e+00	1.267630e+00	1.312141e+00	1.350364e+00	1.391167e+00	1.435799e+00	1.487147e+00	1.555794e+00	1.732520e+00	1.845351e+00	-4.907175e-01	
2  7.62479	-1.014581e+00	1.125722e-01	4.892594e-02	7.324147e-01	9.424943e-01	8.108949e-01	3.768204e+00	7.452034e-02	3.142186e-01	1.098951e+00	1.216051e+00	1.267979e+00	1.311495e+00	1.350508e+00	1.389963e+00	1.434587e+00	1.485542e+00	1.555363e+00	1.729945e+00	1.806459e+00	-4.635212e-01	
23  7.96038	-1.015712e+00	8.324418e-02	4.763162e-02	7.305797e-01	9.457356e-01	8.096074e-01	3.930356e+00	1.097238e-01	3.141640e-01	1.098920e+00	1.216925e+00	1.268090e+00	1.313363e+00	1.352276e+00	1.391570e+00	1.438539e+00	1.486803e+00	1.558219e+00	1.730444e+00	1.730578e+00	-4.199855e-01	
13  8.19105	-1.004297e+00	5.214547e-02	4.881641e-02	7.325812e-01	9.429245e-01	8.091859e-01	3.786121e+00	1.176118e-01	3.149208e-01	1.097995e+00	1.215406e+00	1.266315e+00	1.311606e+00	1.350297e+00	1.389762e+00	1.436594e+00	1.485460e+00	1.556103e+00	1.729110e+00	1.713377e+00	-4.009719e-01	
3  10.0454	-1.021583e+00	1.064661e-01	5.103205e-02	7.227939e-01	9.456209e-01	8.115980e-01	3.335082e+00	1.019330e-01	3.128429e-01	1.097181e+00	1.214635e+00	1.265467e+00	1.311528e+00	1.349554e+00	1.389347e+00	1.436517e+00	1.485998e+00	1.556043e+00	1.726583e+00	1.794316e+00	-4.545684e-01	
5  12.2483	-1.007638e+00	1.281347e-02	5.004204e-02	7.191449e-01	9.540838e-01	8.105315e-01	3.688046e+00	9.491180e-02	3.133949e-01	1.098715e+00	1.218403e+00	1.270004e+00	1.316534e+00	1.355791e+00	1.395323e+00	1.444304e+00	1.494010e+00	1.564098e+00	1.735361e+00	1.771678e+00	-4.369001e-01	
3  12.1681	-1.007150e+00	1.738698e-02	5.107054e-02	7.258851e-01	9.515584e-01	8.099514e-01	3.622442e+00	1.079883e-01	3.138040e-01	1.098175e+00	1.217985e+00	1.270376e+00	1.315004e+00	1.355259e+00	1.394107e+00	1.443016e+00	1.492640e+00	1.563293e+00	1.733608e+00	1.786946e+00	-4.448346e-01	
4  11.0918	-9.950593e-01	-1.354940e-02	5.104225e-02	7.302703e-01	9.465969e-01	8.100125e-01	3.599720e+00	9.820823e-02	3.144242e-01	1.097925e+00	1.216751e+00	1.268780e+00	1.313812e+00	1.353636e+00	1.394107e+00	1.440978e+00	1.491386e+00	1.561484e+00	1.732732e+00	1.719248e+00	-4.075377e-01	
1  11.5753	-1.008986e+00	1.935228e-02	5.051548e-02	7.370042e-01	9.488675e-01	8.087875e-01	3.806004e+00	1.206878e-01	3.143993e-01	1.099127e+00	1.218908e+00	1.271939e+00	1.316296e+00	1.357000e+00	1.395499e+00	1.444493e+00	1.492195e+00	1.563182e+00	1.733819e+00	1.725981e+00	-4.127535e-01	
3  8.66359	-1.024496e+00	7.724587e-02	5.044546e-02	7.291394e-01	9.470881e-01	8.101716e-01	3.527609e+00	1.190975e-01	3.135295e-01	1.098946e+00	1.218278e+00	1.271106e+00	1.314945e+00	1.356496e+00	1.394645e+00	1.442289e+00	1.491614e+00	1.561048e+00	1.731870e+00	1.690541e+00	-3.937571e-01	
28  7.04063	-1.024223e+00	9.380346e-02	4.895590e-02	7.297528e-01	9.433930e-01	8.097204e-01	3.611289e+00	1.329101e-01	3.140829e-01	1.098316e+00	1.217302e+00	1.269595e+00	1.312322e+00	1.353642e+00	1.392350e+00	1.439293e+00	1.489498e+00	1.558313e+00	1.730541e+00	1.617070e+00	-3.548738e-01	
15  9.18696	-1.034789e+00	1.347493e-01	5.001749e-02	7.368247e-01	9.432173e-01	8.116046e-01	3.686442e+00	1.164576e-01	3.128338e-01	1.097745e+00	1.216931e+00	1.270522e+00	1.310937e+00	1.353740e+00	1.391166e+00	1.439252e+00	1.488935e+00	1.556266e+00	1.728727e+00	1.698641e+00	-3.928528e-01	
2  10.4379	-1.060300e+00	1.940263e-01	4.977618e-02	7.183378e-01	9.479419e-01	8.111600e-01	3.292109e+00	1.420280e-01	3.121080e-01	1.099763e+00	1.219873e+00	1.273841e+00	1.313811e+00	1.358318e+00	1.395017e+00	1.443084e+00	1.491653e+00	1.559486e+00	1.731224e+00	1.751523e+00	-4.220406e-01	
10  11.0903	-1.058588e+00	1.858292e-01	4.851335e-02	7.206146e-01	9.472022e-01	8.097560e-01	3.518423e+00	1.574918e-01	3.131197e-01	1.100892e+00	1.221506e+00	1.275392e+00	1.315160e+00	1.358555e+00	1.398302e+00	1.444197e+00	1.492181e+00	1.561177e+00	1.732325e+00	1.766649e+00	-4.391972e-01	
4  15.4595	-1.093268e+00	2.900885e-01	4.923886e-02	7.370264e-01	9.443502e-01	8.120307e-01	3.608407e+00	1.499136e-01	3.101039e-01	1.102237e+00	1.223164e+00	1.278014e+00	1.317202e+00	1.360831e+00	1.399189e+00	1.446278e+00	1.493269e+00	1.561804e+00	1.733922e+00	1.842930e+00	-4.768770e-01	
2  16.9393	-1.088248e+00	2.751999e-01	4.722886e-02	7.236553e-01	9.504213e-01	8.122298e-01	3.706220e+00	1.412373e-01	3.102818e-01	1.101240e+00	1.222535e+00	1.277565e+00	1.317001e+00	1.360087e+00	1.399913e+00	1.445567e+00	1.492990e+00	1.561097e+00	1.733067e+00	1.792289e+00	-4.479296e-01	
4  18.1289	-1.071062e+00	2.074300e-01	4.759445e-02	7.262454e-01	9.497828e-01	8.096104e-01	3.802113e+00	1.493539e-01	3.126884e-01	1.103582e+00	1.225344e+00	1.280716e+00	1.320958e+00	1.364434e+00	1.402271e+00	1.450146e+00	1.495362e+00	1.566065e+00	1.737807e+00	1.753489e+00	-4.206625e-01	
2  18.0729	-1.041649e+00	1.141920e-01	4.750900e-02	7.210860e-01	9.494527e-01	8.061595e-01	3.791838e+00	1.668153e-01	3.160980e-01	1.104388e+00	1.225607e+00	1.280808e+00	1.322186e+00	1.364371e+00	1.402572e+00	1.450813e+00	1.496911e+00	1.566525e+00	1.739840e+00	1.659270e+00	-3.673627e-01	
30  18.8019	-1.039193e+00	1.172126e-01	4.854253e-02	7.277921e-01	9.491856e-01	8.064728e-01	3.850607e+00	1.525665e-01	3.159557e-01	1.104079e+00	1.225785e+00	1.280911e+00	1.321974e+00	1.362979e+00	1.402942e+00	1.449343e+00	1.496425e+00	1.567443e+00	1.738060e+00	1.644772e+00	-3.697783e-01	
2  20.5882	-1.049642e+00	1.315952e-01	4.789337e-02	6.951657e-01	9.597271e-01	8.062651e-01	3.386068e+00	1.573721e-01	3.155148e-01	1.105175e+00	1.227989e+00	1.282323e+00	1.325358e+00	1.365035e+00	1.404585e+00	1.453594e+00	1.499170e+00	1.570342e+00	1.740781e+00	1.711712e+00	-4.165749e-01	
10  18.8329	-1.052023e+00	1.488322e-01	4.838181e-02	6.969824e-01	9.558235e-01	8.068473e-01	3.192346e+00	1.617007e-01	3.150407e-01	1.103649e+00	1.225859e+00	1.280465e+00	1.322470e+00	1.362654e+00	1.401466e+00	1.451257e+00	1.495718e+00	1.565969e+00	1.737037e+00	1.649442e+00	-3.685081e-01	
8  16.7243	-1.062287e+00	2.264245e-01	5.092131e-02	7.230720e-01	9.445999e-01	8.094281e-01	3.194460e+00	1.357876e-01	3.136709e-01	1.102006e+00	1.223213e+00	1.276571e+00	1.318673e+00	1.357469e+00	1.397314e+00	1.443456e+00	1.490791e+00	1.559454e+00	1.729477e+00	1.701903e+00	-3.923062e-01	
13  16.6006	-1.061224e+00	2.045943e-01	5.285991e-02	7.217687e-01	9.455534e-01	8.084630e-01	2.861796e+00	1.481700e-01	3.136592e-01	1.102561e+00	1.223466e+00	1.277515e+00	1.320251e+00	1.359041e+00	1.399527e+00	1.445000e+00	1.493070e+00	1.561374e+00	1.733145e+00	1.689190e+00	-3.920907e-01	
2  17.1255	-1.064135e+00	2.303782e-01	5.123425e-02	7.254358e-01	9.445273e-01	8.099892e-01	3.124958e+00	1.329786e-01	3.126453e-01	1.101077e+00	1.221996e+00	1.276177e+00	1.318590e+00	1.357369e+00	1.396309e+00	1.443716e+00	1.490250e+00	1.558490e+00	1.730961e+00	1.617438e+00	-3.452357e-01	
2  16.3092	-1.067624e+00	2.522219e-01	5.095723e-02	7.339264e-01	9.403377e-01	8.123376e-01	3.220842e+00	1.189167e-01	3.109130e-01	1.098528e+00	1.219410e+00	1.272516e+00	1.315608e+00	1.353922e+00	1.391825e+00	1.439773e+00	1.486746e+00	1.553021e+00	1.726562e+00	1.683726e+00	-3.773512e-01	
1  17.3883	-1.068669e+00	2.322646e-01	5.023902e-02	7.297632e-01	9.450677e-01	8.131533e-01	3.329256e+00	1.116075e-01	3.099004e-01	1.098185e+00	1.219520e+00	1.273405e+00	1.317151e+00	1.354206e+00	1.393484e+00	1.440800e+00	1.488978e+00	1.556067e+00	1.729774e+00	1.612932e+00	-3.261605e-01	
11  18.917	-1.096853e+00	3.448889e-01	5.259729e-02	7.415123e-01	9.396005e-01	8.157136e-01	3.081858e+00	1.035452e-01	3.076003e-01	1.097737e+00	1.218836e+00	1.271705e+00	1.315729e+00	1.352271e+00	1.391102e+00	1.438468e+00	1.485076e+00	1.551985e+00	1.723694e+00	1.743718e+00	-4.074486e-01	
7  14.46	-1.087541e+00	3.051407e-01	5.338147e-02	7.340084e-01	9.439938e-01	8.145828e-01	2.941460e+00	1.059263e-01	3.085417e-01	1.098312e+00	1.219782e+00	1.270807e+00	1.317458e+00	1.352350e+00	1.393494e+00	1.439889e+00	1.486987e+00	1.554225e+00	1.726625e+00	1.737237e+00	-4.044595e-01	
5  17.3922	-1.074715e+00	3.026587e-01	5.422937e-02	7.522102e-01	9.357673e-01	8.163281e-01	3.087174e+00	7.896338e-02	3.083320e-01	1.095723e+00	1.215659e+00	1.266415e+00	1.313444e+00	1.346555e+00	1.388405e+00	1.433484e+00	1.482208e+00	1.548274e+00	1.721070e+00	1.666625e+00	-3.581900e-01	
7  17.3389	-1.098519e+00	3.872922e-01	5.508947e-02	7.555793e-01	9.350817e-01	8.178143e-01	2.969725e+00	8.506207e-02	3.064346e-01	1.095247e+00	1.215540e+00	1.265697e+00	1.312059e+00	1.346716e+00	1.387250e+00	1.431936e+00	1.481506e+00	1.546708e+00	1.718080e+00	1.736495e+00	-4.127688e-01	
6  17.5542	-1.091708e+00	3.202498e-01	5.361893e-02	7.359326e-01	9.467438e-01	8.165744e-01	2.929762e+00	9.080481e-02	3.065535e-01	1.095889e+00	1.216729e+00	1.268350e+00	1.314398e+00	1.350377e+00	1.389980e+00	1.436517e+00	1.486376e+00	1.552908e+00	1.724655e+00	1.721539e+00	-4.068306e-01	
1  17.7655	-1.091439e+00	3.418385e-01	5.252948e-02	7.347659e-01	9.429406e-01	8.178003e-01	2.941372e+00	6.880431e-02	3.062751e-01	1.095738e+00	1.216156e+00	1.266900e+00	1.312486e+00	1.348885e+00	1.388794e+00	1.433897e+00	1.485405e+00	1.550754e+00	1.723685e+00	1.596923e+00	-3.315495e-01	
1  16.6869	-1.071253e+00	2.454681e-01	5.340729e-02	7.505782e-01	9.416869e-01	8.149921e-01	3.237283e+00	9.151003e-02	3.083629e-01	1.097464e+00	1.218586e+00	1.267999e+00	1.315593e+00	1.351174e+00	1.392650e+00	1.435704e+00	1.491602e+00	1.555390e+00	1.729989e+00	1.691215e+00	-3.913120e-01	
1  18.0007	-1.057345e+00	1.961573e-01	5.278891e-02	7.466376e-01	9.435421e-01	8.144816e-01	3.385590e+00	7.337659e-02	3.095117e-01	1.099413e+00	1.218902e+00	1.270452e+00	1.317609e+00	1.353347e+00	1.395448e+00	1.438463e+00	1.494103e+00	1.559467e+00	1.733446e+00	1.737266e+00	-4.201025e-01	
2  17.2988	-1.083940e+00	2.648843e-01	5.033891e-02	7.500189e-01	9.432442e-01	8.166944e-01	3.610477e+00	8.053194e-02	3.068428e-01	1.098625e+00	1.219044e+00	1.269286e+00	1.316742e+00	1.353825e+00	1.394633e+00	1.438563e+00	1.492618e+00	1.558973e+00	1.731933e+00	1.667255e+00	-3.685971e-01	
3  17.5206	-1.098066e+00	3.127517e-01	5.111588e-02	7.570120e-01	9.440703e-01	8.198229e-01	3.705724e+00	4.941854e-02	3.041927e-01	1.097589e+00	1.218707e+00	1.268623e+00	1.315579e+00	1.353570e+00	1.394572e+00	1.439000e+00	1.490765e+00	1.558539e+00	1.729622e+00	1.702860e+00	-3.754975e-01	
8  19.3973	-1.101509e+00	3.384632e-01	4.908036e-02	7.546728e-01	9.428199e-01	8.228271e-01	3.853704e+00	1.542834e-02	3.023723e-01	1.095559e+00	1.216348e+00	1.266353e+00	1.313627e+00	1.351214e+00	1.393307e+00	1.436240e+00	1.488820e+00	1.555841e+00	1.728477e+00	1.717550e+00	-3.894637e-01	
6  19.5975	-1.092608e+00	2.982962e-01	4.846142e-02	7.188312e-01	9.513263e-01	8.222444e-01	3.270562e+00	6.654357e-03	3.029204e-01	1.096225e+00	1.216791e+00	1.267745e+00	1.315054e+00	1.354488e+00	1.395714e+00	1.440468e+00	1.491430e+00	1.557558e+00	1.731849e+00	1.737186e+00	-4.051819e-01	
5  19.3697	-1.082306e+00	2.356112e-01	4.805402e-02	7.044745e-01	9.562321e-01	8.202067e-01	3.091824e+00	2.376145e-02	3.041444e-01	1.097518e+00	1.218403e+00	1.269886e+00	1.316439e+00	1.357169e+00	1.398038e+00	1.443769e+00	1.493379e+00	1.561806e+00	1.735442e+00	1.785158e+00	-4.284260e-01	
1  22.2809	-1.085172e+00	2.574981e-01	4.768903e-02	7.184262e-01	9.526268e-01	8.193889e-01	3.409191e+00	3.925762e-02	3.049276e-01	1.098092e+00	1.218155e+00	1.269897e+00	1.317019e+00	1.355862e+00	1.398705e+00	1.441083e+00	1.492522e+00	1.561077e+00	1.733416e+00	1.748821e+00	-4.121714e-01	
9  19.8373	-1.091496e+00	2.912789e-01	4.910024e-02	7.215494e-01	9.502757e-01	8.217146e-01	3.209819e+00	6.187735e-03	3.033991e-01	1.097685e+00	1.218229e+00	1.268674e+00	1.316330e+00	1.356526e+00	1.396851e+00	1.439242e+00	1.493644e+00	1.559559e+00	1.733964e+00	1.792487e+00	-4.297251e-01	
1  18.6512	-1.083016e+00	2.745185e-01	4.903772e-02	7.184695e-01	9.494012e-01	8.211535e-01	3.141318e+00	5.783021e-03	3.038448e-01	1.097106e+00	1.217651e+00	1.268400e+00	1.314314e+00	1.355664e+00	1.395284e+00	1.438131e+00	1.492184e+00	1.558925e+00	1.734101e+00	1.809449e+00	-4.290842e-01	
6  15.9961	-1.090693e+00	2.860524e-01	4.575325e-02	7.171987e-01	9.499380e-01	8.206136e-01	3.522712e+00	2.048798e-02	3.041170e-01	1.097942e+00	1.219164e+00	1.270412e+00	1.315337e+00	1.357387e+00	1.395187e+00	1.439688e+00	1.493168e+00	1.559313e+00	1.734328e+00	1.711169e+00	-3.664594e-01	
3  22.3934	-1.107048e+00	3.737835e-01	4.654770e-02	7.416098e-01	9.381213e-01	8.237149e-01	3.619154e+00	7.519802e-03	3.018728e-01	1.095331e+00	1.216401e+00	1.266192e+00	1.310643e+00	1.350927e+00	1.390644e+00	1.432251e+00	1.487346e+00	1.552858e+00	1.726548e+00	1.626295e+00	-3.112526e-01	
1  22.3546	-1.103391e+00	3.821754e-01	4.429877e-02	7.205749e-01	9.397862e-01	8.240310e-01	3.407447e+00	7.267626e-03	3.022335e-01	1.093959e+00	1.213204e+00	1.263879e+00	1.308301e+00	1.348970e+00	1.388554e+00	1.428734e+00	1.483573e+00	1.548919e+00	1.723245e+00	1.612268e+00	-3.015092e-01	
16  24.1057	-1.098349e+00	3.681932e-01	4.343998e-02	7.175271e-01	9.411324e-01	8.228714e-01	3.482375e+00	9.599687e-03	3.028614e-01	1.094542e+00	1.213774e+00	1.264944e+00	1.308747e+00	1.350256e+00	1.389456e+00	1.429408e+00	1.483531e+00	1.550291e+00	1.724857e+00	1.542121e+00	-2.562313e-01	
7  22.5598	-1.085874e+00	2.839479e-01	4.448721e-02	7.049375e-01	9.467389e-01	8.211913e-01	3.250875e+00	1.667399e-02	3.041307e-01	1.096644e+00	1.216483e+00	1.267896e+00	1.312931e+00	1.354349e+00	1.394686e+00	1.436308e+00	1.489349e+00	1.557926e+00	1.732870e+00	1.479569e+00	-2.294714e-01	
18  20.6895	-1.041937e+00	1.226211e-01	4.541218e-02	6.890534e-01	9.542749e-01	8.177211e-01	3.111404e+00	1.373425e-02	3.074296e-01	1.097673e+00	1.217970e+00	1.269267e+00	1.314191e+00	1.357843e+00	1.398656e+00	1.440914e+00	1.494711e+00	1.563402e+00	1.740572e+00	1.486131e+00	-2.394087e-01	
7  20.2843	-1.024496e+00	3.219855e-02	4.675163e-02	6.652950e-01	9.666973e-01	8.156952e-01	2.814670e+00	1.102573e-02	3.089920e-01	1.099739e+00	1.220276e+00	1.273483e+00	1.318315e+00	1.363801e+00	1.404820e+00	1.447913e+00	1.501726e+00	1.570218e+00	1.748690e+00	1.542966e+00	-2.809223e-01	
3  17.4368	-1.028859e+00	1.084271e-02	4.479713e-02	6.513942e-01	9.753660e-01	8.128082e-01	2.998403e+00	4.630768e-02	3.103079e-01	1.102651e+00	1.224756e+00	1.278620e+00	1.323045e+00	1.369696e+00	1.409540e+00	1.455045e+00	1.506854e+00	1.576447e+00	1.754322e+00	1.605890e+00	-3.156041e-01	
3  16.4985	-1.022235e+00	1.804344e-02	4.691106e-02	6.622830e-01	9.702856e-01	8.141527e-01	2.887109e+00	2.252330e-02	3.099143e-01	1.101183e+00	1.222182e+00	1.275701e+00	1.319987e+00	1.366354e+00	1.406261e+00	1.450590e+00	1.503282e+00	1.573297e+00	1.749523e+00	1.520722e+00	-2.595134e-01	
4  18.3414	-1.022155e+00	2.842955e-02	4.778904e-02	6.682656e-01	9.703180e-01	8.140658e-01	2.956461e+00	1.549667e-02	3.099730e-01	1.101664e+00	1.222047e+00	1.276255e+00	1.320301e+00	1.366140e+00	1.405791e+00	1.450909e+00	1.503506e+00	1.572874e+00	1.748880e+00	1.436725e+00	-2.085879e-01	
1  17.9902	-1.020117e+00	8.101678e-03	4.856489e-02	6.839277e-01	9.691538e-01	8.129941e-01	3.187439e+00	3.166376e-02	3.103118e-01	1.101783e+00	1.223056e+00	1.276410e+00	1.321554e+00	1.366116e+00	1.406852e+00	1.450353e+00	1.503389e+00	1.574158e+00	1.749647e+00	1.484177e+00	-2.283554e-01	
3  17.8616	-1.016691e+00	2.804286e-03	4.759719e-02	6.822785e-01	9.734258e-01	8.129106e-01	3.404461e+00	1.379730e-02	3.104217e-01	1.101658e+00	1.224415e+00	1.277926e+00	1.321062e+00	1.366681e+00	1.406811e+00	1.451537e+00	1.504455e+00	1.574270e+00	1.750926e+00	1.526944e+00	-2.552462e-01	
21  14.1603	-1.020853e+00	1.095143e-02	4.764508e-02	6.818338e-01	9.756139e-01	8.129863e-01	3.481843e+00	2.612268e-02	3.100665e-01	1.101412e+00	1.224106e+00	1.277806e+00	1.321447e+00	1.364637e+00	1.408014e+00	1.451971e+00	1.504295e+00	1.573960e+00	1.751078e+00	1.562514e+00	-2.837730e-01	
9  13.9172	-1.032108e+00	7.188568e-02	4.722615e-02	6.826809e-01	9.715387e-01	8.143049e-01	3.441084e+00	1.653333e-02	3.094222e-01	1.100878e+00	1.223787e+00	1.276758e+00	1.319280e+00	1.363470e+00	1.404579e+00	1.449139e+00	1.502397e+00	1.570460e+00	1.748133e+00	1.444316e+00	-2.103821e-01	
2  15.3421	-1.038374e+00	8.675449e-02	4.591719e-02	6.832104e-01	9.722487e-01	8.138361e-01	3.572427e+00	2.392964e-02	3.094531e-01	1.101856e+00	1.224544e+00	1.277139e+00	1.320806e+00	1.364409e+00	1.404497e+00	1.450672e+00	1.502232e+00	1.571437e+00	1.748843e+00	1.400092e+00	-1.927248e-01	
5  14.5666	-1.048992e+00	1.484983e-01	4.647271e-02	7.005827e-01	9.658343e-01	8.137985e-01	3.756496e+00	3.894153e-02	3.093734e-01	1.101482e+00	1.223144e+00	1.274940e+00	1.319904e+00	1.360695e+00	1.401724e+00	1.446725e+00	1.497710e+00	1.568348e+00	1.742685e+00	1.465231e+00	-2.340182e-01	
1  11.6637	-1.013843e+00	2.337272e-02	4.691378e-02	6.811904e-01	9.718932e-01	8.107505e-01	3.549515e+00	4.380123e-02	3.125460e-01	1.101676e+00	1.223335e+00	1.274640e+00	1.321297e+00	1.361366e+00	1.403951e+00	1.448656e+00	1.499982e+00	1.571777e+00	1.747123e+00	1.401072e+00	-1.941230e-01	
3  12.2471	-1.011902e+00	2.250372e-02	4.782792e-02	6.782767e-01	9.702530e-01	8.101542e-01	3.343727e+00	4.565759e-02	3.130591e-01	1.102057e+00	1.224436e+00	1.274966e+00	1.321116e+00	1.361490e+00	1.405089e+00	1.446828e+00	1.501405e+00	1.571894e+00	1.748405e+00	1.411480e+00	-2.013201e-01	
2  12.6275	-9.922276e-01	-4.907504e-02	4.718548e-02	6.670582e-01	9.742161e-01	8.070061e-01	3.361627e+00	5.821250e-02	3.156652e-01	1.104483e+00	1.226751e+00	1.277533e+00	1.324072e+00	1.363802e+00	1.408367e+00	1.450209e+00	1.505769e+00	1.575715e+00	1.753407e+00	1.500508e+00	-2.648112e-01	
12  11.8411	-9.677970e-01	-1.693549e-01	4.789058e-02	6.394603e-01	9.851169e-01	8.038311e-01	2.976136e+00	7.982244e-02	3.179874e-01	1.105412e+00	1.227591e+00	1.280338e+00	1.326247e+00	1.367003e+00	1.411613e+00	1.455670e+00	1.510442e+00	1.581171e+00	1.759256e+00	1.463259e+00	-2.396297e-01	
5  10.986	-9.824432e-01	-1.274760e-01	4.748643e-02	6.441909e-01	9.870726e-01	8.046698e-01	3.217867e+00	7.341595e-02	3.172965e-01	1.106540e+00	1.229217e+00	1.281442e+00	1.328994e+00	1.369051e+00	1.413913e+00	1.457773e+00	1.512794e+00	1.582784e+00	1.761410e+00	1.493600e+00	-2.507794e-01	
4  13.3567	-9.689787e-01	-1.788688e-01	4.809644e-02	6.372709e-01	9.900460e-01	8.033628e-01	3.077662e+00	7.096449e-02	3.182639e-01	1.107124e+00	1.229564e+00	1.282499e+00	1.330621e+00	1.371063e+00	1.415533e+00	1.460850e+00	1.513990e+00	1.585425e+00	1.763954e+00	1.409044e+00	-2.036926e-01	
8  11.7258	-9.672740e-01	-1.628059e-01	4.728432e-02	6.358825e-01	9.875129e-01	8.036388e-01	3.056026e+00	7.397165e-02	3.184708e-01	1.105700e+00	1.226725e+00	1.280455e+00	1.327239e+00	1.367568e+00	1.410929e+00	1.458033e+00	1.510546e+00	1.580652e+00	1.759154e+00	1.411885e+00	-2.060238e-01	
9  12.8473	-9.720352e-01	-1.684191e-01	4.826645e-02	6.471646e-01	9.885707e-01	8.036173e-01	3.216754e+00	7.184725e-02	3.179377e-01	1.106990e+00	1.229053e+00	1.283158e+00	1.329334e+00	1.371201e+00	1.413679e+00	1.460740e+00	1.514242e+00	1.584625e+00	1.762574e+00	1.470840e+00	-2.380499e-01	
6  12.2058	-9.742502e-01	-1.920079e-01	4.777656e-02	6.366657e-01	9.935381e-01	8.029767e-01	3.113611e+00	7.833108e-02	3.179690e-01	1.108108e+00	1.231296e+00	1.285564e+00	1.332464e+00	1.374771e+00	1.416515e+00	1.464683e+00	1.517170e+00	1.588199e+00	1.765984e+00	1.451913e+00	-2.268626e-01	
7  13.2724	-9.685487e-01	-2.359663e-01	5.010717e-02	6.197529e-01	1.001699e+00	8.024106e-01	2.694489e+00	6.566026e-02	3.183399e-01	1.110426e+00	1.234393e+00	1.289104e+00	1.336456e+00	1.379379e+00	1.422277e+00	1.470769e+00	1.522727e+00	1.594420e+00	1.772928e+00	1.499668e+00	-2.642810e-01	
8  12.3641	-9.613084e-01	-2.553872e-01	5.289968e-02	5.972387e-01	1.006706e+00	8.024640e-01	1.961969e+00	5.592369e-02	3.187128e-01	1.109433e+00	1.234446e+00	1.287695e+00	1.336082e+00	1.377994e+00	1.423028e+00	1.471186e+00	1.522192e+00	1.594493e+00	1.772558e+00	1.545439e+00	-2.987744e-01	
10  13.5267	-9.626138e-01	-2.195723e-01	5.358545e-02	6.231756e-01	9.975099e-01	8.049371e-01	2.233336e+00	3.716449e-02	3.173924e-01	1.106770e+00	1.230386e+00	1.284421e+00	1.330343e+00	1.373632e+00	1.418094e+00	1.464564e+00	1.517315e+00	1.588740e+00	1.766039e+00	1.516704e+00	-2.863232e-01	
2  15.4549	-9.687051e-01	-2.069444e-01	5.264617e-02	6.111221e-01	1.002059e+00	8.046843e-01	2.152553e+00	5.598760e-02	3.172591e-01	1.106749e+00	1.230329e+00	1.283407e+00	1.330530e+00	1.372454e+00	1.418539e+00	1.464698e+00	1.516814e+00	1.588483e+00	1.765364e+00	1.650213e+00	-3.639835e-01	
3  14.4242	-9.914559e-01	-1.274917e-01	5.171221e-02	6.015384e-01	1.003369e+00	8.070511e-01	1.960152e+00	5.099161e-02	3.151651e-01	1.105630e+00	1.229398e+00	1.282890e+00	1.328845e+00	1.372670e+00	1.415902e+00	1.463945e+00	1.514879e+00	1.585509e+00	1.761506e+00	1.705957e+00	-3.911551e-01	
25  14.8519	-9.937767e-01	-1.162359e-01	5.102486e-02	5.867663e-01	1.006785e+00	8.073295e-01	1.727032e+00	5.316456e-02	3.147801e-01	1.104499e+00	1.228360e+00	1.280711e+00	1.328119e+00	1.370903e+00	1.414275e+00	1.463416e+00	1.513950e+00	1.584088e+00	1.760668e+00	1.724827e+00	-4.050861e-01	
13  13.7662	-9.851281e-01	-1.519614e-01	5.025378e-02	5.820792e-01	1.010002e+00	8.069213e-01	1.817171e+00	5.736922e-02	3.151372e-01	1.103338e+00	1.227993e+00	1.280108e+00	1.326594e+00	1.371243e+00	1.412800e+00	1.463361e+00	1.512892e+00	1.584596e+00	1.762117e+00	1.768307e+00	-4.247717e-01	
27  16.174	-9.837003e-01	-1.622091e-01	4.995558e-02	5.674877e-01	1.015309e+00	8.060571e-01	1.648427e+00	5.978591e-02	3.155709e-01	1.104344e+00	1.228858e+00	1.281871e+00	1.326719e+00	1.372361e+00	1.414297e+00	1.465292e+00	1.513799e+00	1.586234e+00	1.763556e+00	1.772403e+00	-4.267200e-01	
8  13.4347	-9.804137e-01	-1.685809e-01	4.975479e-02	5.826372e-01	1.009250e+00	8.063534e-01	1.871024e+00	6.021655e-02	3.156536e-01	1.103612e+00	1.228674e+00	1.279907e+00	1.326302e+00	1.370714e+00	1.413216e+00	1.462179e+00	1.512168e+00	1.584781e+00	1.762382e+00	1.738408e+00	-4.082090e-01	
44  13.3313	-9.666578e-01	-2.024040e-01	5.087267e-02	5.864860e-01	1.007491e+00	8.064001e-01	1.873767e+00	5.109553e-02	3.164729e-01	1.102837e+00	1.227156e+00	1.277742e+00	1.326075e+00	1.368645e+00	1.412918e+00	1.459475e+00	1.512308e+00	1.582819e+00	1.759557e+00	1.737979e+00	-4.151419e-01	
17  12.522	-9.598065e-01	-2.283517e-01	5.039320e-02	6.010454e-01	1.003587e+00	8.065373e-01	2.179065e+00	5.060660e-02	3.165169e-01	1.102111e+00	1.225332e+00	1.277325e+00	1.325119e+00	1.367253e+00	1.412062e+00	1.459287e+00	1.511358e+00	1.582225e+00	1.759687e+00	1.607717e+00	-3.390729e-01	
7  13.2952	-9.678271e-01	-2.164144e-01	4.879033e-02	5.893313e-01	1.007802e+00	8.067823e-01	2.131268e+00	5.587229e-02	3.159693e-01	1.101819e+00	1.224992e+00	1.278134e+00	1.325052e+00	1.367401e+00	1.412602e+00	1.459465e+00	1.512409e+00	1.581737e+00	1.761270e+00	1.664939e+00	-3.700772e-01	
3  14.352	-9.544488e-01	-2.236807e-01	4.686708e-02	5.946043e-01	1.001823e+00	8.067081e-01	2.355772e+00	6.078527e-02	3.170756e-01	1.099790e+00	1.220854e+00	1.273897e+00	1.320066e+00	1.362046e+00	1.407269e+00	1.452766e+00	1.507124e+00	1.574819e+00	1.754265e+00	1.728980e+00	-4.090777e-01	
1  13.209	-9.504730e-01	-2.295121e-01	4.707874e-02	6.040967e-01	9.960187e-01	8.054273e-01	2.399225e+00	7.890548e-02	3.179054e-01	1.099795e+00	1.219985e+00	1.273089e+00	1.318356e+00	1.361673e+00	1.405581e+00	1.451766e+00	1.504848e+00	1.573743e+00	1.752843e+00	1.667249e+00	-3.698723e-01	
14  11.0238	-9.476492e-01	-1.872552e-01	4.631390e-02	6.351140e-01	9.822432e-01	8.078825e-01	2.932972e+00	5.342701e-02	3.171143e-01	1.097078e+00	1.216295e+00	1.267419e+00	1.314140e+00	1.355142e+00	1.399972e+00	1.444600e+00	1.497103e+00	1.566739e+00	1.744807e+00	1.648801e+00	-3.566860e-01	
3  13.0632	-9.670226e-01	-8.883487e-02	4.655289e-02	6.574208e-01	9.740651e-01	8.103133e-01	3.185579e+00	4.483982e-02	3.152951e-01	1.095542e+00	1.214182e+00	1.265386e+00	1.310418e+00	1.352199e+00	1.396108e+00	1.439978e+00	1.491083e+00	1.560097e+00	1.737989e+00	1.555129e+00	-2.914526e-01	
9  13.7943	-9.448425e-01	-1.731154e-01	4.614909e-02	6.495354e-01	9.761182e-01	8.095960e-01	3.189596e+00	4.059210e-02	3.162814e-01	1.094949e+00	1.214160e+00	1.264299e+00	1.310776e+00	1.352020e+00	1.396439e+00	1.442190e+00	1.491785e+00	1.561574e+00	1.741751e+00	1.616735e+00	-3.324412e-01	
3  14.2215	-9.657388e-01	-7.581222e-02	4.338336e-02	6.655343e-01	9.663973e-01	8.118737e-01	3.526145e+00	4.819151e-02	3.144618e-01	1.092119e+00	1.210281e+00	1.261159e+00	1.305277e+00	1.346421e+00	1.390421e+00	1.434900e+00	1.484078e+00	1.553840e+00	1.732588e+00	1.623006e+00	-3.311785e-01	
12  14.927	-9.756769e-01	-5.359038e-02	4.393059e-02	6.597707e-01	9.678139e-01	8.120888e-01	3.321711e+00	4.825812e-02	3.137448e-01	1.092876e+00	1.210907e+00	1.264266e+00	1.305679e+00	1.349372e+00	1.390471e+00	1.437876e+00	1.485874e+00	1.555124e+00	1.734023e+00	1.520155e+00	-2.599925e-01	
5  16.2981	-9.565701e-01	-1.391901e-01	4.559835e-02	6.377299e-01	9.739608e-01	8.096765e-01	2.796145e+00	5.397636e-02	3.156045e-01	1.094456e+00	1.213288e+00	1.267655e+00	1.308096e+00	1.353389e+00	1.395185e+00	1.442601e+00	1.490822e+00	1.560424e+00	1.740535e+00	1.490621e+00	-2.436342e-01	
1  16.3222	-9.643749e-01	-9.820907e-02	4.655115e-02	6.646987e-01	9.662774e-01	8.107230e-01	3.124805e+00	5.654451e-02	3.149899e-01	1.093455e+00	1.211978e+00	1.265363e+00	1.305661e+00	1.351351e+00	1.392130e+00	1.438857e+00	1.487413e+00	1.556263e+00	1.735852e+00	1.437920e+00	-2.031794e-01	
1  19.4677	-9.740983e-01	-6.276843e-02	4.504471e-02	6.661727e-01	9.657391e-01	8.123092e-01	3.324662e+00	3.255361e-02	3.139045e-01	1.094208e+00	1.213226e+00	1.266043e+00	1.306616e+00	1.352523e+00	1.393220e+00	1.439635e+00	1.487753e+00	1.557738e+00	1.736198e+00	1.499504e+00	-2.379715e-01	
1  16.1786	-9.432530e-01	-1.737070e-01	4.564005e-02	6.567485e-01	9.703817e-01	8.086431e-01	3.263584e+00	4.104960e-02	3.172116e-01	1.096380e+00	1.214494e+00	1.268315e+00	1.309562e+00	1.354854e+00	1.396587e+00	1.443280e+00	1.491873e+00	1.562039e+00	1.740652e+00	1.453398e+00	-2.240469e-01	
11  13.8538	-9.557419e-01	-1.570615e-01	4.689736e-02	6.530834e-01	9.751813e-01	8.084463e-01	3.112051e+00	5.034740e-02	3.164133e-01	1.097187e+00	1.217245e+00	1.270306e+00	1.312761e+00	1.355647e+00	1.401056e+00	1.445588e+00	1.495100e+00	1.566136e+00	1.745307e+00	1.482774e+00	-2.333879e-01	
25  13.4823	-9.438637e-01	-1.986760e-01	4.559225e-02	6.591921e-01	9.718061e-01	8.071916e-01	3.415981e+00	7.011916e-02	3.177855e-01	1.096961e+00	1.216627e+00	1.269077e+00	1.313000e+00	1.354710e+00	1.400334e+00	1.444749e+00	1.493740e+00	1.565378e+00	1.744170e+00	1.533777e+00	-2.691132e-01	
1  13.793	-9.345619e-01	-2.746137e-01	4.569769e-02	6.284471e-01	9.855511e-01	8.039495e-01	3.073807e+00	8.194223e-02	3.197632e-01	1.100468e+00	1.221946e+00	1.274661e+00	1.318537e+00	1.362157e+00	1.405998e+00	1.453236e+00	1.502925e+00	1.574001e+00	1.756141e+00	1.463601e+00	-2.308487e-01	
6  12.5149	-9.461604e-01	-2.630490e-01	4.695548e-02	6.430156e-01	9.827596e-01	8.035814e-01	3.124114e+00	1.045044e-01	3.192345e-01	1.100870e+00	1.223308e+00	1.277380e+00	1.319655e+00	1.364582e+00	1.406486e+00	1.455900e+00	1.504178e+00	1.575176e+00	1.756924e+00	1.470710e+00	-2.356128e-01	
7  12.5482	-9.439637e-01	-2.682495e-01	4.981336e-02	6.555875e-01	9.774843e-01	8.030380e-01	2.928447e+00	1.294611e-01	3.197976e-01	1.099807e+00	1.221642e+00	1.275053e+00	1.317397e+00	1.361441e+00	1.405322e+00	1.452777e+00	1.501523e+00	1.572909e+00	1.753659e+00	1.565813e+00	-2.987748e-01	
7  9.63436	-9.435270e-01	-2.650058e-01	4.865039e-02	6.515572e-01	9.775209e-01	8.027738e-01	3.012379e+00	1.254147e-01	3.201613e-01	1.100926e+00	1.222231e+00	1.276210e+00	1.318221e+00	1.362666e+00	1.405775e+00	1.452987e+00	1.502522e+00	1.574058e+00	1.753745e+00	1.489796e+00	-2.570650e-01	
9  8.97931	-9.501143e-01	-2.225773e-01	4.697653e-02	6.560491e-01	9.754038e-01	8.049943e-01	3.290675e+00	9.240997e-02	3.190299e-01	1.100323e+00	1.221833e+00	1.274545e+00	1.318565e+00	1.361643e+00	1.405346e+00	1.450510e+00	1.501544e+00	1.572856e+00	1.753463e+00	1.481493e+00	-2.472910e-01	
2  7.68478	-9.623750e-01	-1.932898e-01	4.807233e-02	6.381227e-01	9.784592e-01	8.059614e-01	2.736564e+00	8.321545e-02	3.180623e-01	1.101351e+00	1.223805e+00	1.276611e+00	1.319234e+00	1.363998e+00	1.406825e+00	1.452243e+00	1.503952e+00	1.574816e+00	1.754727e+00	1.572886e+00	-3.069194e-01	
11  6.63966	-9.784980e-01	-1.258339e-01	4.734386e-02	6.427430e-01	9.766131e-01	8.063713e-01	2.827134e+00	9.480268e-02	3.173021e-01	1.100899e+00	1.223120e+00	1.275663e+00	1.318170e+00	1.361986e+00	1.405362e+00	1.448865e+00	1.501952e+00	1.571348e+00	1.750469e+00	1.641696e+00	-3.431685e-01	
1  6.63492	-1.007077e+00	-2.043658e-02	4.660339e-02	6.580171e-01	9.698269e-01	8.090005e-01	2.962991e+00	9.290775e-02	3.144975e-01	1.100120e+00	1.222451e+00	1.273115e+00	1.317617e+00	1.359358e+00	1.403786e+00	1.446569e+00	1.498759e+00	1.568284e+00	1.746784e+00	1.675438e+00	-3.566272e-01	
14  6.26759	-1.004926e+00	-1.935560e-02	4.834688e-02	6.470333e-01	9.760583e-01	8.096315e-01	2.717582e+00	5.441139e-02	3.143831e-01	1.101739e+00	1.224162e+00	1.274485e+00	1.321166e+00	1.363359e+00	1.407121e+00	1.450340e+00	1.502054e+00	1.571930e+00	1.751539e+00	1.720858e+00	-3.885796e-01	
6  8.23078	-1.008145e+00	-2.450285e-02	4.729760e-02	6.455150e-01	9.790189e-01	8.097109e-01	2.898888e+00	5.649355e-02	3.140856e-01	1.101703e+00	1.225084e+00	1.275903e+00	1.323137e+00	1.363365e+00	1.409138e+00	1.451087e+00	1.503773e+00	1.574037e+00	1.753708e+00	1.622689e+00	-3.228766e-01	
3  11.4591	-1.016783e+00	-1.057765e-02	4.706324e-02	6.269299e-01	9.849209e-01	8.104626e-01	2.551847e+00	6.546796e-02	3.130110e-01	1.100102e+00	1.224361e+00	1.274842e+00	1.322376e+00	1.362182e+00	1.409300e+00	1.449954e+00	1.503932e+00	1.571412e+00	1.753305e+00	1.726762e+00	-3.844491e-01	
2  9.62917	-1.015095e+00	-9.969790e-03	4.592187e-02	6.439073e-01	9.782988e-01	8.084212e-01	2.856503e+00	9.372140e-02	3.142284e-01	1.101039e+00	1.225003e+00	1.276173e+00	1.321369e+00	1.361637e+00	1.408300e+00	1.448274e+00	1.503151e+00	1.570409e+00	1.751562e+00	1.621910e+00	-3.466233e-01	
5  8.85655	-1.005054e+00	-4.669991e-02	4.476604e-02	6.238809e-01	9.842787e-01	8.077038e-01	2.727489e+00	7.886191e-02	3.151547e-01	1.102330e+00	1.226318e+00	1.277948e+00	1.323192e+00	1.364555e+00	1.411108e+00	1.450864e+00	1.506608e+00	1.573743e+00	1.756480e+00	1.612788e+00	-3.427746e-01	
1  10.4359	-9.743320e-01	-1.734077e-01	4.842485e-02	6.112580e-01	9.891690e-01	8.036527e-01	2.224623e+00	8.307913e-02	3.185924e-01	1.105769e+00	1.230724e+00	1.282555e+00	1.327315e+00	1.370922e+00	1.416059e+00	1.458465e+00	1.512179e+00	1.581372e+00	1.763804e+00	1.544896e+00	-3.099868e-01	
9  8.30086	-9.772264e-01	-1.780300e-01	4.835842e-02	6.082003e-01	9.912132e-01	8.029182e-01	2.212132e+00	9.652325e-02	3.188162e-01	1.106428e+00	1.230840e+00	1.283585e+00	1.327776e+00	1.371984e+00	1.417177e+00	1.459248e+00	1.514699e+00	1.581677e+00	1.764490e+00	1.561884e+00	-3.161250e-01	
11  6.55853	-1.005309e+00	-5.916521e-02	4.558298e-02	6.194015e-01	9.856582e-01	8.047931e-01	2.557193e+00	1.244534e-01	3.167731e-01	1.103570e+00	1.226430e+00	1.278875e+00	1.323407e+00	1.366518e+00	1.410209e+00	1.452309e+00	1.507022e+00	1.574216e+00	1.754701e+00	1.601821e+00	-3.370985e-01	
7  5.21364	-1.005373e+00	-3.665991e-02	4.652856e-02	6.413725e-01	9.795244e-01	8.070327e-01	2.803699e+00	9.491234e-02	3.153977e-01	1.101637e+00	1.224391e+00	1.277427e+00	1.319651e+00	1.363128e+00	1.406514e+00	1.449463e+00	1.503430e+00	1.570892e+00	1.750574e+00	1.581208e+00	-3.236934e-01	
# After 160 accepted steps: update proposal with max(R-1) = 0.811610 and jumping factor = 2.400000 
7  4.41554	-9.871570e-01	-9.344133e-02	4.803278e-02	6.277125e-01	9.832547e-01	8.048962e-01	2.517533e+00	1.015236e-01	3.175224e-01	1.102642e+00	1.224640e+00	1.277325e+00	1.320494e+00	1.364185e+00	1.408065e+00	1.450880e+00	1.504881e+00	1.572914e+00	1.752615e+00	1.567043e+00	-3.211704e-01	
10  5.16732	-9.704127e-01	-1.616273e-01	4.610563e-02	6.252295e-01	9.840345e-01	8.036836e-01	2.787346e+00	9.977317e-02	3.191004e-01	1.103387e+00	1.226122e+00	1.278205e+00	1.323032e+00	1.366066e+00	1.410114e+00	1.453345e+00	1.507725e+00	1.575579e+00	1.755650e+00	1.580340e+00	-3.377251e-01	
3  5.65231	-9.826012e-01	-1.026530e-01	4.524072e-02	6.371371e-01	9.783945e-01	8.064798e-01	2.959883e+00	8.960068e-02	3.170468e-01	1.100651e+00	1.222803e+00	1.274390e+00	1.319393e+00	1.362112e+00	1.406017e+00	1.447563e+00	1.502020e+00	1.570240e+00	1.749394e+00	1.599773e+00	-3.386893e-01	
1  5.78564	-1.025398e+00	2.959906e-02	4.583223e-02	6.335529e-01	9.805906e-01	8.093310e-01	2.680210e+00	8.062636e-02	3.134565e-01	1.101699e+00	1.224873e+00	1.276862e+00	1.322470e+00	1.363659e+00	1.408558e+00	1.448570e+00	1.503449e+00	1.570829e+00	1.750278e+00	1.578981e+00	-3.169061e-01	
9  6.06044	-1.005676e+00	-4.987344e-02	4.494337e-02	6.160488e-01	9.847267e-01	8.055665e-01	2.469863e+00	1.113464e-01	3.163674e-01	1.102989e+00	1.225761e+00	1.278041e+00	1.323694e+00	1.365746e+00	1.409439e+00	1.451143e+00	1.505356e+00	1.573060e+00	1.751775e+00	1.608038e+00	-3.400253e-01	
4  5.25546	-1.025601e+00	5.070122e-02	4.538260e-02	6.425343e-01	9.746086e-01	8.092944e-01	2.732937e+00	8.243431e-02	3.134183e-01	1.101258e+00	1.223739e+00	1.275274e+00	1.321118e+00	1.361808e+00	1.405278e+00	1.447009e+00	1.501060e+00	1.568120e+00	1.746526e+00	1.581157e+00	-3.191894e-01	
4  5.84862	-1.011773e+00	2.005735e-02	4.725307e-02	6.550348e-01	9.706662e-01	8.074882e-01	2.744295e+00	8.104638e-02	3.151753e-01	1.102236e+00	1.224517e+00	1.276481e+00	1.321046e+00	1.362115e+00	1.405114e+00	1.446791e+00	1.501508e+00	1.568247e+00	1.746754e+00	1.660166e+00	-3.736087e-01	
5  5.92026	-9.923206e-01	-7.435701e-02	4.750972e-02	6.307518e-01	9.844555e-01	8.039106e-01	2.658899e+00	9.858610e-02	3.178203e-01	1.104663e+00	1.227936e+00	1.280021e+00	1.325939e+00	1.366847e+00	1.410244e+00	1.453972e+00	1.508574e+00	1.575411e+00	1.756104e+00	1.637773e+00	-3.656179e-01	
12  5.03135	-9.824750e-01	-8.788870e-02	4.799632e-02	6.586639e-01	9.716011e-01	8.040481e-01	2.909839e+00	1.176177e-01	3.185682e-01	1.102204e+00	1.223999e+00	1.275018e+00	1.321256e+00	1.361654e+00	1.403384e+00	1.447640e+00	1.501920e+00	1.567210e+00	1.747994e+00	1.671574e+00	-3.875231e-01	
4  5.68949	-9.928520e-01	-6.039135e-03	4.785582e-02	6.930349e-01	9.583389e-01	8.079185e-01	3.428547e+00	8.859612e-02	3.162930e-01	1.099594e+00	1.219838e+00	1.269508e+00	1.315647e+00	1.354939e+00	1.397862e+00	1.439502e+00	1.495543e+00	1.559224e+00	1.739650e+00	1.679476e+00	-3.803534e-01	
7  6.47575	-9.797720e-01	-5.521328e-02	4.804218e-02	6.880414e-01	9.609775e-01	8.062756e-01	3.455384e+00	1.034953e-01	3.178576e-01	1.099782e+00	1.219157e+00	1.269544e+00	1.316112e+00	1.355315e+00	1.398146e+00	1.439683e+00	1.496206e+00	1.560315e+00	1.742623e+00	1.690991e+00	-3.938979e-01	
6  6.97443	-9.512093e-01	-1.982297e-01	4.742720e-02	6.500810e-01	9.756837e-01	8.010281e-01	3.074929e+00	1.292003e-01	3.215891e-01	1.103508e+00	1.224069e+00	1.275759e+00	1.320929e+00	1.363226e+00	1.405026e+00	1.448954e+00	1.504662e+00	1.570289e+00	1.752471e+00	1.738835e+00	-4.225899e-01	
4  6.75701	-9.524645e-01	-1.753566e-01	4.800525e-02	6.447206e-01	9.724783e-01	8.015083e-01	2.691834e+00	1.289415e-01	3.216140e-01	1.101997e+00	1.221572e+00	1.273509e+00	1.317888e+00	1.359547e+00	1.401790e+00	1.445296e+00	1.499796e+00	1.566279e+00	1.747645e+00	1.825276e+00	-4.894607e-01	
4  6.53102	-9.908418e-01	-6.767051e-03	4.664355e-02	6.838890e-01	9.584591e-01	8.079391e-01	3.339373e+00	1.009919e-01	3.167895e-01	1.098583e+00	1.217184e+00	1.267870e+00	1.312415e+00	1.351601e+00	1.394367e+00	1.437448e+00	1.491106e+00	1.556658e+00	1.737112e+00	1.762636e+00	-4.442223e-01	
4  7.13887	-9.855024e-01	-1.503174e-02	4.614709e-02	6.896089e-01	9.571911e-01	8.073454e-01	3.545144e+00	1.168542e-01	3.172570e-01	1.097337e+00	1.214906e+00	1.265505e+00	1.310908e+00	1.349276e+00	1.392684e+00	1.434204e+00	1.489706e+00	1.554265e+00	1.732352e+00	1.804639e+00	-4.691754e-01	
3  7.98959	-9.980265e-01	2.183323e-02	4.485382e-02	6.961221e-01	9.546931e-01	8.079146e-01	3.684519e+00	1.244659e-01	3.160628e-01	1.097356e+00	1.215202e+00	1.265281e+00	1.311006e+00	1.350324e+00	1.392599e+00	1.434434e+00	1.490013e+00	1.553480e+00	1.731081e+00	1.793114e+00	-4.626914e-01	
5  7.47479	-9.938840e-01	-1.392524e-02	4.433069e-02	6.687730e-01	9.665840e-01	8.063711e-01	3.452544e+00	1.245964e-01	3.165287e-01	1.099056e+00	1.218245e+00	1.268641e+00	1.315264e+00	1.354605e+00	1.396933e+00	1.440145e+00	1.494603e+00	1.559178e+00	1.737294e+00	1.795966e+00	-4.658308e-01	
7  7.98501	-9.766621e-01	-3.227084e-02	4.615833e-02	6.850652e-01	9.610672e-01	8.069867e-01	3.604726e+00	1.051834e-01	3.171851e-01	1.096653e+00	1.215753e+00	1.265104e+00	1.311397e+00	1.350764e+00	1.392398e+00	1.435833e+00	1.490659e+00	1.554991e+00	1.734478e+00	1.730296e+00	-4.273560e-01	
8  6.06562	-9.900039e-01	-7.304988e-03	4.676749e-02	6.976377e-01	9.583667e-01	8.065302e-01	3.717441e+00	1.157896e-01	3.170411e-01	1.098874e+00	1.218710e+00	1.268898e+00	1.314945e+00	1.353442e+00	1.396570e+00	1.438136e+00	1.493115e+00	1.557683e+00	1.736010e+00	1.750016e+00	-4.515579e-01	
6  6.03001	-9.850588e-01	-1.218413e-02	4.751841e-02	7.115676e-01	9.532235e-01	8.060471e-01	3.821162e+00	1.152543e-01	3.177464e-01	1.099299e+00	1.218898e+00	1.269218e+00	1.313133e+00	1.353845e+00	1.395296e+00	1.437895e+00	1.491205e+00	1.556296e+00	1.735193e+00	1.736824e+00	-4.424783e-01	
1  9.9842	-9.875665e-01	1.045657e-02	4.682149e-02	7.268114e-01	9.451504e-01	8.087069e-01	3.970994e+00	9.217389e-02	3.160645e-01	1.097440e+00	1.216175e+00	1.265816e+00	1.310700e+00	1.351495e+00	1.392015e+00	1.435397e+00	1.487338e+00	1.553702e+00	1.731679e+00	1.657614e+00	-3.904457e-01	
9  9.47291	-9.879098e-01	2.664379e-02	4.759412e-02	7.440621e-01	9.372536e-01	8.093894e-01	4.124338e+00	9.586184e-02	3.162098e-01	1.095988e+00	1.214492e+00	1.263189e+00	1.309034e+00	1.349066e+00	1.389155e+00	1.431783e+00	1.484288e+00	1.549116e+00	1.726406e+00	1.748886e+00	-4.481315e-01	
8  10.972	-9.862563e-01	2.129992e-02	4.735170e-02	7.288984e-01	9.394742e-01	8.096923e-01	3.823631e+00	9.440319e-02	3.160804e-01	1.095146e+00	1.213182e+00	1.261686e+00	1.308160e+00	1.347371e+00	1.390053e+00	1.428986e+00	1.483480e+00	1.547733e+00	1.726524e+00	1.755326e+00	-4.441212e-01	
4  12.0158	-1.004415e+00	8.103811e-02	4.609579e-02	7.286789e-01	9.396041e-01	8.112731e-01	3.925844e+00	9.155075e-02	3.143175e-01	1.094700e+00	1.213739e+00	1.262035e+00	1.308149e+00	1.347692e+00	1.389656e+00	1.429453e+00	1.482881e+00	1.546597e+00	1.726278e+00	1.651334e+00	-3.746568e-01	
1  13.5605	-1.001795e+00	6.407962e-02	4.556607e-02	7.281040e-01	9.413700e-01	8.100078e-01	4.045883e+00	1.044215e-01	3.153036e-01	1.095514e+00	1.214596e+00	1.263622e+00	1.308688e+00	1.350175e+00	1.390248e+00	1.431694e+00	1.484194e+00	1.547161e+00	1.727938e+00	1.683925e+00	-4.036713e-01	
5  11.5516	-9.719062e-01	-3.805730e-02	4.818782e-02	7.104963e-01	9.472764e-01	8.063801e-01	3.553712e+00	1.145032e-01	3.183383e-01	1.096523e+00	1.215436e+00	1.264841e+00	1.309558e+00	1.352027e+00	1.392227e+00	1.434741e+00	1.487000e+00	1.551989e+00	1.732915e+00	1.768439e+00	-4.682811e-01	
9  10.6481	-1.005511e+00	8.600191e-02	4.955805e-02	7.276405e-01	9.416056e-01	8.094628e-01	3.565974e+00	1.085330e-01	3.153986e-01	1.095814e+00	1.214502e+00	1.264722e+00	1.309606e+00	1.349481e+00	1.389239e+00	1.433624e+00	1.483107e+00	1.547752e+00	1.728052e+00	1.800112e+00	-4.842849e-01	
10  9.49511	-9.867873e-01	-2.389579e-02	4.958886e-02	6.981541e-01	9.536255e-01	8.061906e-01	3.190040e+00	1.271969e-01	3.175739e-01	1.098320e+00	1.218120e+00	1.268451e+00	1.313514e+00	1.355190e+00	1.394995e+00	1.441626e+00	1.489395e+00	1.556022e+00	1.735680e+00	1.783433e+00	-4.747097e-01	
3  9.69752	-1.009003e+00	7.068702e-02	4.858862e-02	7.045845e-01	9.494184e-01	8.084942e-01	3.307260e+00	1.064752e-01	3.157653e-01	1.098870e+00	1.217932e+00	1.268421e+00	1.312651e+00	1.354371e+00	1.394830e+00	1.440486e+00	1.487826e+00	1.554475e+00	1.733222e+00	1.805082e+00	-4.809801e-01	
9  9.02505	-9.926272e-01	7.859729e-03	4.819266e-02	6.793468e-01	9.598776e-01	8.065728e-01	3.154795e+00	1.004068e-01	3.173205e-01	1.100018e+00	1.219556e+00	1.270721e+00	1.314710e+00	1.357065e+00	1.397311e+00	1.444602e+00	1.491464e+00	1.558602e+00	1.739320e+00	1.780968e+00	-4.707577e-01	
5  8.45875	-1.007715e+00	7.518745e-02	4.650499e-02	6.990397e-01	9.498694e-01	8.082691e-01	3.532384e+00	9.831974e-02	3.161351e-01	1.099644e+00	1.217958e+00	1.268879e+00	1.313541e+00	1.354205e+00	1.395273e+00	1.440517e+00	1.488879e+00	1.557081e+00	1.734412e+00	1.773699e+00	-4.633987e-01	
2  8.96735	-1.007046e+00	5.303340e-02	4.568534e-02	6.984246e-01	9.535738e-01	8.075410e-01	3.712642e+00	1.156237e-01	3.162463e-01	1.099837e+00	1.218477e+00	1.268414e+00	1.314913e+00	1.355206e+00	1.395767e+00	1.442115e+00	1.490412e+00	1.559140e+00	1.735433e+00	1.722099e+00	-4.320357e-01	
1  10.8546	-9.982583e-01	5.734398e-02	4.731969e-02	7.193596e-01	9.455079e-01	8.085035e-01	3.942020e+00	9.840510e-02	3.162987e-01	1.098594e+00	1.216223e+00	1.266329e+00	1.312007e+00	1.351802e+00	1.392610e+00	1.437559e+00	1.487078e+00	1.555950e+00	1.733172e+00	1.606041e+00	-3.460064e-01	
1  12.1012	-9.840209e-01	1.020967e-02	4.703628e-02	7.095984e-01	9.500188e-01	8.082538e-01	3.946449e+00	9.795732e-02	3.167500e-01	1.097419e+00	1.214550e+00	1.264500e+00	1.309957e+00	1.350546e+00	1.391895e+00	1.436989e+00	1.486252e+00	1.556783e+00	1.732317e+00	1.664501e+00	-3.762663e-01	
1  10.3101	-9.885024e-01	6.106079e-02	4.559211e-02	7.232764e-01	9.407424e-01	8.108270e-01	4.151086e+00	8.546800e-02	3.155646e-01	1.093842e+00	1.210551e+00	1.260257e+00	1.303589e+00	1.346022e+00	1.384424e+00	1.430647e+00	1.478379e+00	1.548690e+00	1.723514e+00	1.690490e+00	-3.984177e-01	
5  9.86526	-9.786734e-01	-3.190915e-02	4.698521e-02	6.997296e-01	9.560377e-01	8.076245e-01	3.886671e+00	9.554962e-02	3.172948e-01	1.097711e+00	1.216109e+00	1.266968e+00	1.310851e+00	1.354867e+00	1.393926e+00	1.440073e+00	1.488884e+00	1.559776e+00	1.735310e+00	1.630194e+00	-3.581338e-01	
1  8.35005	-9.994927e-01	5.262231e-02	4.741751e-02	7.164416e-01	9.505899e-01	8.104637e-01	4.015600e+00	7.300543e-02	3.150541e-01	1.097412e+00	1.215636e+00	1.265760e+00	1.310303e+00	1.353455e+00	1.392352e+00	1.438135e+00	1.486382e+00	1.556803e+00	1.732437e+00	1.706940e+00	-3.931958e-01	
2  7.93364	-1.006584e+00	8.928766e-02	4.920212e-02	7.081228e-01	9.535701e-01	8.118603e-01	3.672261e+00	4.961638e-02	3.139440e-01	1.097269e+00	1.215830e+00	1.265844e+00	1.310748e+00	1.352569e+00	1.393489e+00	1.437918e+00	1.485898e+00	1.557010e+00	1.731886e+00	1.736258e+00	-4.167455e-01	
19  10.7181	-9.920445e-01	2.290208e-02	4.749356e-02	6.921864e-01	9.598457e-01	8.098630e-01	3.744054e+00	5.212586e-02	3.156212e-01	1.099207e+00	1.217584e+00	1.268757e+00	1.313420e+00	1.356538e+00	1.397193e+00	1.442081e+00	1.490021e+00	1.561783e+00	1.738175e+00	1.749767e+00	-4.224451e-01	
2  9.85625	-1.009977e+00	6.943338e-02	4.753030e-02	6.930125e-01	9.589405e-01	8.094885e-01	3.677718e+00	6.861704e-02	3.156504e-01	1.101003e+00	1.219633e+00	1.271118e+00	1.316620e+00	1.357964e+00	1.399100e+00	1.443791e+00	1.492767e+00	1.563549e+00	1.738228e+00	1.823830e+00	-4.680673e-01	
3  13.6142	-1.016563e+00	6.235295e-02	4.876764e-02	6.727295e-01	9.684638e-01	8.075445e-01	3.294936e+00	8.447566e-02	3.162576e-01	1.103625e+00	1.223307e+00	1.274960e+00	1.321286e+00	1.362101e+00	1.404295e+00	1.449118e+00	1.498460e+00	1.568698e+00	1.743732e+00	1.787711e+00	-4.418175e-01	
5  13.8262	-1.002957e+00	-7.802550e-03	5.055782e-02	6.788895e-01	9.699367e-01	8.064909e-01	3.250605e+00	9.831685e-02	3.169325e-01	1.103469e+00	1.223346e+00	1.273770e+00	1.321586e+00	1.363591e+00	1.405641e+00	1.450102e+00	1.499911e+00	1.570638e+00	1.745640e+00	1.742531e+00	-4.128386e-01	
1  12.2302	-1.005821e+00	1.389813e-03	4.992787e-02	6.649230e-01	9.776481e-01	8.068769e-01	3.206694e+00	8.794862e-02	3.161858e-01	1.103162e+00	1.224145e+00	1.274302e+00	1.322243e+00	1.363478e+00	1.406913e+00	1.451037e+00	1.501366e+00	1.571655e+00	1.747876e+00	1.691700e+00	-3.868754e-01	
11  10.8097	-9.935908e-01	-2.770451e-02	5.005709e-02	6.682616e-01	9.716679e-01	8.054540e-01	3.112522e+00	1.016256e-01	3.178256e-01	1.102751e+00	1.222788e+00	1.274263e+00	1.320023e+00	1.363546e+00	1.405313e+00	1.448914e+00	1.499743e+00	1.568816e+00	1.747000e+00	1.629629e+00	-3.481133e-01	
9  9.32993	-9.952058e-01	-4.612537e-02	4.953670e-02	6.607052e-01	9.757051e-01	8.048899e-01	3.090946e+00	1.078044e-01	3.179162e-01	1.103260e+00	1.224834e+00	1.276318e+00	1.323225e+00	1.365408e+00	1.407697e+00	1.452324e+00	1.502676e+00	1.572444e+00	1.750030e+00	1.634112e+00	-3.568626e-01	
2  10.1665	-9.975185e-01	-6.894536e-02	4.866100e-02	6.367257e-01	9.867621e-01	8.044450e-01	2.911357e+00	1.099857e-01	3.176781e-01	1.104174e+00	1.226861e+00	1.279734e+00	1.325255e+00	1.369762e+00	1.410278e+00	1.457262e+00	1.507464e+00	1.577118e+00	1.755063e+00	1.680003e+00	-3.858908e-01	
2  11.0362	-9.796458e-01	-1.340255e-01	4.742825e-02	6.313623e-01	9.889476e-01	8.032745e-01	3.017162e+00	1.012442e-01	3.187178e-01	1.104498e+00	1.227078e+00	1.280934e+00	1.325557e+00	1.371504e+00	1.411388e+00	1.459379e+00	1.508984e+00	1.579906e+00	1.757499e+00	1.680523e+00	-3.891216e-01	
6  13.2445	-9.881742e-01	-6.477271e-02	4.750844e-02	6.449052e-01	9.816312e-01	8.067639e-01	3.117884e+00	6.262949e-02	3.165102e-01	1.102239e+00	1.224484e+00	1.277013e+00	1.323331e+00	1.367505e+00	1.408131e+00	1.452422e+00	1.504382e+00	1.574577e+00	1.752488e+00	1.647490e+00	-3.686699e-01	
2  11.356	-1.012207e+00	5.102737e-02	4.969257e-02	6.689360e-01	9.720448e-01	8.107586e-01	3.094496e+00	3.863974e-02	3.136090e-01	1.100165e+00	1.221819e+00	1.273301e+00	1.319346e+00	1.362239e+00	1.402143e+00	1.447434e+00	1.497826e+00	1.566498e+00	1.744911e+00	1.716448e+00	-4.154244e-01	
3  12.6193	-9.946274e-01	-5.307283e-02	5.017760e-02	6.474654e-01	9.846567e-01	8.063250e-01	2.970371e+00	6.507124e-02	3.164135e-01	1.104053e+00	1.226962e+00	1.278922e+00	1.325896e+00	1.368962e+00	1.409811e+00	1.456910e+00	1.506963e+00	1.575687e+00	1.755525e+00	1.705898e+00	-4.087788e-01	
1  11.0121	-1.008477e+00	4.639560e-03	4.865440e-02	6.715639e-01	9.756749e-01	8.082041e-01	3.417703e+00	6.261626e-02	3.148736e-01	1.103234e+00	1.225844e+00	1.277082e+00	1.323104e+00	1.367236e+00	1.406446e+00	1.455486e+00	1.503181e+00	1.574061e+00	1.749875e+00	1.742647e+00	-4.375511e-01	
6  9.86054	-1.024690e+00	1.245146e-01	4.855205e-02	7.172134e-01	9.528664e-01	8.137662e-01	3.878618e+00	4.057411e-02	3.118995e-01	1.097428e+00	1.217680e+00	1.267369e+00	1.314649e+00	1.354981e+00	1.395088e+00	1.441027e+00	1.490444e+00	1.559054e+00	1.733889e+00	1.691908e+00	-3.996635e-01	
5  9.9922	-1.040399e+00	2.226661e-01	4.793705e-02	7.449782e-01	9.390273e-01	8.165971e-01	4.165942e+00	3.546634e-02	3.100645e-01	1.094612e+00	1.212750e+00	1.262130e+00	1.308258e+00	1.347859e+00	1.387268e+00	1.431029e+00	1.481368e+00	1.549517e+00	1.723670e+00	1.649432e+00	-3.701503e-01	
4  9.28019	-1.053994e+00	2.643455e-01	4.692387e-02	7.436390e-01	9.385774e-01	8.148664e-01	4.124733e+00	7.178567e-02	3.106735e-01	1.095044e+00	1.213088e+00	1.263862e+00	1.307236e+00	1.348307e+00	1.385879e+00	1.430864e+00	1.479829e+00	1.547993e+00	1.720312e+00	1.789994e+00	-4.634296e-01	
9  9.17805	-1.045762e+00	2.445432e-01	4.860613e-02	7.445245e-01	9.368674e-01	8.165620e-01	3.897455e+00	4.804350e-02	3.102131e-01	1.092750e+00	1.211621e+00	1.260621e+00	1.306565e+00	1.345089e+00	1.385219e+00	1.428262e+00	1.478120e+00	1.545677e+00	1.718743e+00	1.705464e+00	-4.097609e-01	
1  10.8593	-1.018832e+00	1.126351e-01	4.733939e-02	7.191632e-01	9.496975e-01	8.126701e-01	3.897889e+00	7.147797e-02	3.129952e-01	1.094751e+00	1.214814e+00	1.262962e+00	1.310170e+00	1.350354e+00	1.391334e+00	1.433437e+00	1.485662e+00	1.552877e+00	1.727380e+00	1.757193e+00	-4.428843e-01	
7  9.38547	-1.037428e+00	1.735923e-01	4.600961e-02	7.178819e-01	9.504749e-01	8.147806e-01	4.006842e+00	5.632377e-02	3.107059e-01	1.095017e+00	1.215449e+00	1.263814e+00	1.311936e+00	1.350768e+00	1.391519e+00	1.433786e+00	1.485580e+00	1.553680e+00	1.728880e+00	1.783705e+00	-4.536877e-01	
2  9.32555	-1.057542e+00	2.387954e-01	4.733574e-02	7.136272e-01	9.488961e-01	8.149144e-01	3.637830e+00	7.732748e-02	3.104135e-01	1.095862e+00	1.215637e+00	1.264285e+00	1.310915e+00	1.350661e+00	1.390355e+00	1.432608e+00	1.485322e+00	1.551592e+00	1.726738e+00	1.822169e+00	-4.753222e-01	
2  8.25295	-1.032122e+00	1.350027e-01	4.656912e-02	6.957595e-01	9.555224e-01	8.116525e-01	3.544756e+00	9.925743e-02	3.130807e-01	1.096656e+00	1.216276e+00	1.265866e+00	1.310956e+00	1.353062e+00	1.392260e+00	1.435118e+00	1.488911e+00	1.555527e+00	1.731064e+00	1.780832e+00	-4.549943e-01	
7  5.50214	-1.012741e+00	6.087566e-02	4.855479e-02	6.795609e-01	9.612580e-01	8.115321e-01	3.108225e+00	6.802120e-02	3.136459e-01	1.097878e+00	1.218247e+00	1.267113e+00	1.313341e+00	1.355704e+00	1.394811e+00	1.439938e+00	1.492950e+00	1.559683e+00	1.737279e+00	1.775316e+00	-4.518026e-01	
5  6.64173	-1.007933e+00	4.957307e-03	4.881898e-02	6.582404e-01	9.720448e-01	8.104240e-01	2.836057e+00	5.981773e-02	3.141683e-01	1.100058e+00	1.223040e+00	1.271871e+00	1.318388e+00	1.360843e+00	1.401100e+00	1.447319e+00	1.500386e+00	1.566383e+00	1.745438e+00	1.741326e+00	-4.280778e-01	
4  7.541	-1.005365e+00	-8.152893e-03	4.804535e-02	6.489966e-01	9.752623e-01	8.095411e-01	2.772621e+00	6.105466e-02	3.145543e-01	1.100748e+00	1.223275e+00	1.272692e+00	1.319170e+00	1.361245e+00	1.402681e+00	1.447803e+00	1.502856e+00	1.568594e+00	1.747394e+00	1.639754e+00	-3.711944e-01	
2  10.2598	-9.764453e-01	-1.430274e-01	4.917702e-02	6.249082e-01	9.867455e-01	8.061740e-01	2.429687e+00	6.986907e-02	3.170068e-01	1.102608e+00	1.226311e+00	1.275923e+00	1.322877e+00	1.367150e+00	1.407867e+00	1.454054e+00	1.510588e+00	1.575491e+00	1.756281e+00	1.733802e+00	-4.358221e-01	
11  11.6531	-9.862368e-01	-1.142865e-01	4.736456e-02	6.298703e-01	9.861534e-01	8.070002e-01	2.677567e+00	6.877730e-02	3.158368e-01	1.102150e+00	1.226327e+00	1.276983e+00	1.322232e+00	1.368103e+00	1.407179e+00	1.454416e+00	1.510959e+00	1.574824e+00	1.755880e+00	1.793599e+00	-4.681195e-01	
1  15.3822	-9.857228e-01	-1.083888e-01	4.868322e-02	6.284884e-01	9.838936e-01	8.077421e-01	2.432845e+00	6.507569e-02	3.157775e-01	1.101014e+00	1.225054e+00	1.275653e+00	1.320402e+00	1.367233e+00	1.404182e+00	1.454244e+00	1.508752e+00	1.572529e+00	1.754522e+00	1.809007e+00	-4.823537e-01	
2  15.6837	-9.790434e-01	-1.112111e-01	4.437830e-02	6.284813e-01	9.817053e-01	8.085250e-01	2.843472e+00	5.389859e-02	3.155491e-01	1.099253e+00	1.222355e+00	1.273016e+00	1.318325e+00	1.364129e+00	1.401204e+00	1.451001e+00	1.505817e+00	1.570591e+00	1.750691e+00	1.780366e+00	-4.662413e-01	
7  13.8259	-9.705439e-01	-1.485732e-01	4.364777e-02	6.271356e-01	9.819339e-01	8.053553e-01	2.944973e+00	1.027799e-01	3.176973e-01	1.099754e+00	1.221597e+00	1.271880e+00	1.318484e+00	1.362971e+00	1.400937e+00	1.450336e+00	1.504768e+00	1.569803e+00	1.750005e+00	1.799677e+00	-4.799187e-01	
4  14.34	-9.712749e-01	-1.634641e-01	4.168834e-02	6.150050e-01	9.874939e-01	8.049879e-01	3.051459e+00	1.034292e-01	3.178025e-01	1.100500e+00	1.222749e+00	1.274077e+00	1.319814e+00	1.365393e+00	1.403989e+00	1.450745e+00	1.508139e+00	1.572399e+00	1.753630e+00	1.831892e+00	-4.896748e-01	
7  11.22	-9.968380e-01	-7.078337e-02	4.524009e-02	6.376901e-01	9.802444e-01	8.073776e-01	2.964625e+00	8.984290e-02	3.156805e-01	1.101087e+00	1.224228e+00	1.275671e+00	1.320051e+00	1.365578e+00	1.404121e+00	1.450005e+00	1.507824e+00	1.570407e+00	1.752775e+00	1.707067e+00	-4.148025e-01	
3  12.1925	-9.862419e-01	-6.222140e-02	4.487817e-02	6.605611e-01	9.677123e-01	8.075112e-01	3.205596e+00	9.411729e-02	3.164178e-01	1.098647e+00	1.219843e+00	1.270536e+00	1.314529e+00	1.359136e+00	1.397916e+00	1.442229e+00	1.500827e+00	1.563242e+00	1.743889e+00	1.657798e+00	-3.882040e-01	
20  9.34368	-1.002609e+00	1.215849e-02	4.572016e-02	6.604501e-01	9.697758e-01	8.105340e-01	3.128841e+00	5.864914e-02	3.139032e-01	1.097970e+00	1.219492e+00	1.269337e+00	1.314684e+00	1.357488e+00	1.397696e+00	1.441229e+00	1.499285e+00	1.561977e+00	1.741512e+00	1.695033e+00	-4.024192e-01	
6  10.4142	-1.033058e+00	1.269529e-01	4.640118e-02	6.723415e-01	9.631994e-01	8.126978e-01	3.046726e+00	6.617070e-02	3.118271e-01	1.097751e+00	1.218460e+00	1.267322e+00	1.313252e+00	1.355235e+00	1.395540e+00	1.437274e+00	1.494319e+00	1.557614e+00	1.735612e+00	1.649895e+00	-3.692536e-01	
1  11.2531	-1.028904e+00	1.051835e-01	4.704948e-02	6.492050e-01	9.708085e-01	8.135603e-01	2.598851e+00	3.642057e-02	3.113903e-01	1.098672e+00	1.218964e+00	1.268487e+00	1.315150e+00	1.357507e+00	1.397587e+00	1.441494e+00	1.496570e+00	1.560647e+00	1.739768e+00	1.697120e+00	-3.955211e-01	
4  7.95017	-1.017985e+00	6.108225e-02	4.652990e-02	6.538808e-01	9.696828e-01	8.113419e-01	2.853651e+00	5.217743e-02	3.133276e-01	1.100366e+00	1.220529e+00	1.270267e+00	1.317440e+00	1.358913e+00	1.399373e+00	1.444769e+00	1.498609e+00	1.563954e+00	1.743211e+00	1.641179e+00	-3.659500e-01	
4  8.16548	-1.008424e+00	4.740645e-02	4.623058e-02	6.686424e-01	9.649319e-01	8.112279e-01	3.123214e+00	4.283404e-02	3.137747e-01	1.099964e+00	1.219081e+00	1.270247e+00	1.315864e+00	1.357575e+00	1.397657e+00	1.442145e+00	1.497913e+00	1.561849e+00	1.741357e+00	1.675229e+00	-3.948340e-01	
25  6.83728	-1.002821e+00	3.827533e-02	4.675316e-02	6.698597e-01	9.636644e-01	8.117903e-01	3.073043e+00	3.733299e-02	3.136868e-01	1.098325e+00	1.217811e+00	1.268629e+00	1.313961e+00	1.354802e+00	1.395549e+00	1.441175e+00	1.495767e+00	1.559476e+00	1.737545e+00	1.668284e+00	-3.889762e-01	
13  7.40534	-9.951101e-01	3.455359e-02	4.393801e-02	6.812700e-01	9.576796e-01	8.129263e-01	3.536943e+00	3.026703e-02	3.133121e-01	1.095920e+00	1.215107e+00	1.265105e+00	1.310123e+00	1.349824e+00	1.390972e+00	1.437535e+00	1.490546e+00	1.555649e+00	1.733016e+00	1.631944e+00	-3.647384e-01	
4  8.73828	-1.010956e+00	6.939006e-02	4.308972e-02	6.825795e-01	9.578219e-01	8.131190e-01	3.599984e+00	4.151451e-02	3.126151e-01	1.096719e+00	1.216339e+00	1.266456e+00	1.311375e+00	1.352185e+00	1.391771e+00	1.439689e+00	1.491689e+00	1.556637e+00	1.733466e+00	1.634449e+00	-3.608059e-01	
6  7.79169	-9.961241e-01	1.182635e-03	4.530452e-02	6.759795e-01	9.581826e-01	8.121218e-01	3.175984e+00	5.145114e-02	3.134450e-01	1.096260e+00	1.215678e+00	1.266990e+00	1.310675e+00	1.351678e+00	1.392852e+00	1.439662e+00	1.492352e+00	1.556985e+00	1.736716e+00	1.706057e+00	-3.985430e-01	
1  7.65503	-1.005239e+00	3.120324e-02	4.779820e-02	6.737746e-01	9.586614e-01	8.111180e-01	2.849691e+00	6.865178e-02	3.139769e-01	1.096981e+00	1.216780e+00	1.268607e+00	1.312464e+00	1.351712e+00	1.393775e+00	1.439109e+00	1.492802e+00	1.556700e+00	1.736731e+00	1.712432e+00	-3.978854e-01	
13  6.78863	-1.001969e+00	-1.619112e-02	4.716014e-02	6.565906e-01	9.696523e-01	8.087716e-01	2.847369e+00	9.126690e-02	3.151559e-01	1.098989e+00	1.220239e+00	1.270751e+00	1.316503e+00	1.356310e+00	1.398801e+00	1.443781e+00	1.497919e+00	1.561838e+00	1.742957e+00	1.625494e+00	-3.426445e-01	
1  7.70745	-9.933799e-01	-3.036135e-02	4.752353e-02	6.507697e-01	9.728345e-01	8.059601e-01	2.858715e+00	9.719536e-02	3.173274e-01	1.101555e+00	1.222734e+00	1.274123e+00	1.317540e+00	1.359042e+00	1.400569e+00	1.446664e+00	1.500137e+00	1.564921e+00	1.744240e+00	1.653745e+00	-3.593720e-01	
5  6.71037	-1.013540e+00	5.360125e-02	4.743185e-02	6.631745e-01	9.673508e-01	8.092081e-01	2.909592e+00	8.490840e-02	3.146901e-01	1.099212e+00	1.220147e+00	1.270951e+00	1.315771e+00	1.354562e+00	1.396478e+00	1.442086e+00	1.495379e+00	1.560294e+00	1.737314e+00	1.686742e+00	-3.799036e-01	
12  8.41914	-1.005709e+00	1.509685e-02	4.716360e-02	6.471837e-01	9.741063e-01	8.073490e-01	2.740238e+00	9.386016e-02	3.158453e-01	1.100460e+00	1.221184e+00	1.272507e+00	1.318199e+00	1.356191e+00	1.399827e+00	1.444442e+00	1.498355e+00	1.563802e+00	1.739456e+00	1.688004e+00	-3.769368e-01	
5  8.61968	-9.942453e-01	1.859296e-02	4.713248e-02	6.791245e-01	9.592081e-01	8.091968e-01	3.193581e+00	7.175076e-02	3.154995e-01	1.097790e+00	1.218478e+00	1.268811e+00	1.313754e+00	1.350356e+00	1.395028e+00	1.438192e+00	1.492694e+00	1.557679e+00	1.733865e+00	1.729717e+00	-4.103906e-01	
4  8.74194	-9.600399e-01	-9.505203e-02	4.767167e-02	6.719869e-01	9.609020e-01	8.072382e-01	3.044562e+00	7.377340e-02	3.173824e-01	1.096798e+00	1.216357e+00	1.267306e+00	1.311515e+00	1.349911e+00	1.393684e+00	1.437776e+00	1.492126e+00	1.559088e+00	1.736077e+00	1.768321e+00	-4.403897e-01	
1  8.84534	-9.705766e-01	-8.250356e-02	4.743494e-02	6.635679e-01	9.665228e-01	8.076227e-01	2.928769e+00	6.860709e-02	3.165100e-01	1.097475e+00	1.217995e+00	1.270193e+00	1.312693e+00	1.353567e+00	1.396861e+00	1.440823e+00	1.495358e+00	1.561438e+00	1.739444e+00	1.707447e+00	-3.931602e-01	
8  8.72197	-9.592808e-01	-1.558713e-01	4.607509e-02	6.415197e-01	9.761096e-01	8.038642e-01	2.815993e+00	1.132790e-01	3.186469e-01	1.098847e+00	1.219939e+00	1.272278e+00	1.315126e+00	1.357079e+00	1.400244e+00	1.444563e+00	1.498803e+00	1.565677e+00	1.743583e+00	1.734097e+00	-4.166312e-01	
1  10.082	-9.785233e-01	-4.757589e-02	4.536276e-02	6.768237e-01	9.629873e-01	8.079604e-01	3.396576e+00	9.098700e-02	3.158100e-01	1.095988e+00	1.216452e+00	1.267025e+00	1.310820e+00	1.350428e+00	1.394185e+00	1.436369e+00	1.490729e+00	1.556391e+00	1.736110e+00	1.627972e+00	-3.391975e-01	
7  11.7466	-9.361312e-01	-2.427870e-01	4.523889e-02	6.283489e-01	9.808427e-01	8.028852e-01	2.855255e+00	1.018211e-01	3.198535e-01	1.099035e+00	1.220444e+00	1.271877e+00	1.316824e+00	1.358654e+00	1.401534e+00	1.447589e+00	1.500666e+00	1.568335e+00	1.749749e+00	1.762193e+00	-4.294403e-01	
5  10.0744	-9.303948e-01	-2.451965e-01	4.748688e-02	6.449074e-01	9.755504e-01	8.043396e-01	2.885522e+00	8.540162e-02	3.194925e-01	1.097678e+00	1.218752e+00	1.269041e+00	1.314144e+00	1.355972e+00	1.398343e+00	1.445268e+00	1.497440e+00	1.565402e+00	1.746971e+00	1.746282e+00	-4.244495e-01	
3  10.6999	-9.508875e-01	-1.784038e-01	4.761233e-02	6.663168e-01	9.678670e-01	8.064415e-01	3.098684e+00	8.597420e-02	3.175043e-01	1.097079e+00	1.218059e+00	1.268868e+00	1.314317e+00	1.354715e+00	1.396282e+00	1.443656e+00	1.494354e+00	1.562266e+00	1.743604e+00	1.714209e+00	-3.985371e-01	
12  10.6514	-9.979385e-01	-1.221731e-02	4.632317e-02	6.844997e-01	9.627991e-01	8.113513e-01	3.415692e+00	6.226245e-02	3.126787e-01	1.096753e+00	1.218332e+00	1.268366e+00	1.313525e+00	1.353499e+00	1.396567e+00	1.440519e+00	1.492886e+00	1.559335e+00	1.740181e+00	1.645380e+00	-3.467296e-01	
6  10.1017	-1.006072e+00	2.484670e-03	4.647147e-02	6.941051e-01	9.619975e-01	8.107170e-01	3.540131e+00	7.236238e-02	3.126588e-01	1.098219e+00	1.219728e+00	1.270986e+00	1.314920e+00	1.356844e+00	1.397759e+00	1.442662e+00	1.494712e+00	1.560337e+00	1.741746e+00	1.721015e+00	-3.927994e-01	
8  9.86863	-1.043592e+00	1.526904e-01	4.636713e-02	7.139454e-01	9.528522e-01	8.128158e-01	3.729547e+00	7.885190e-02	3.106337e-01	1.098828e+00	1.219959e+00	1.270208e+00	1.313796e+00	1.354837e+00	1.395821e+00	1.438395e+00	1.490626e+00	1.555595e+00	1.735184e+00	1.749218e+00	-4.170066e-01	
2  10.7703	-1.069937e+00	2.514216e-01	4.505419e-02	7.082244e-01	9.542039e-01	8.149521e-01	3.692307e+00	5.810046e-02	3.087520e-01	1.099350e+00	1.221343e+00	1.271305e+00	1.315110e+00	1.355629e+00	1.396297e+00	1.437877e+00	1.491749e+00	1.555051e+00	1.734062e+00	1.806191e+00	-4.558718e-01	
8  11.4393	-1.075838e+00	3.057898e-01	4.772493e-02	7.444251e-01	9.398891e-01	8.161478e-01	3.940913e+00	6.134554e-02	3.086947e-01	1.097841e+00	1.219431e+00	1.268819e+00	1.311558e+00	1.351810e+00	1.390877e+00	1.433301e+00	1.486674e+00	1.548824e+00	1.726757e+00	1.847197e+00	-4.849556e-01	
2  11.2638	-1.077386e+00	3.216127e-01	4.814933e-02	7.385867e-01	9.388378e-01	8.162559e-01	3.726012e+00	5.113058e-02	3.090266e-01	1.098495e+00	1.219578e+00	1.269338e+00	1.312043e+00	1.351679e+00	1.391768e+00	1.432446e+00	1.487281e+00	1.548692e+00	1.728064e+00	1.789862e+00	-4.440774e-01	
10  10.9089	-1.096646e+00	3.811016e-01	4.946714e-02	7.243611e-01	9.465419e-01	8.176430e-01	3.388623e+00	4.885549e-02	3.074652e-01	1.098026e+00	1.219448e+00	1.269476e+00	1.312122e+00	1.352075e+00	1.391889e+00	1.433434e+00	1.487673e+00	1.549294e+00	1.727330e+00	1.710705e+00	-3.878895e-01	
2  12.0081	-1.086355e+00	3.454354e-01	4.985948e-02	7.337452e-01	9.460828e-01	8.174991e-01	3.559603e+00	4.214780e-02	3.078124e-01	1.097591e+00	1.218775e+00	1.269328e+00	1.312102e+00	1.351590e+00	1.391842e+00	1.433607e+00	1.487709e+00	1.548380e+00	1.728696e+00	1.682934e+00	-3.682360e-01	
2  10.4852	-1.082866e+00	3.411155e-01	4.807897e-02	7.322061e-01	9.440508e-01	8.185392e-01	3.649165e+00	3.624296e-02	3.073043e-01	1.095761e+00	1.216298e+00	1.266988e+00	1.309360e+00	1.350596e+00	1.388332e+00	1.431576e+00	1.485115e+00	1.546328e+00	1.724809e+00	1.706055e+00	-3.865449e-01	
3  7.19384	-1.067045e+00	3.063878e-01	4.961613e-02	7.389032e-01	9.367446e-01	8.200051e-01	3.463417e+00	1.167646e-02	3.070919e-01	1.093914e+00	1.213866e+00	1.264326e+00	1.306845e+00	1.346147e+00	1.386022e+00	1.429370e+00	1.481342e+00	1.544659e+00	1.723287e+00	1.713978e+00	-3.876697e-01	
2  6.5833	-1.047909e+00	2.129562e-01	4.855362e-02	7.155671e-01	9.452060e-01	8.158380e-01	3.319862e+00	5.395254e-02	3.098497e-01	1.095082e+00	1.215690e+00	1.265310e+00	1.309070e+00	1.349687e+00	1.389413e+00	1.432602e+00	1.483864e+00	1.548063e+00	1.726970e+00	1.805165e+00	-4.500683e-01	
5  6.52361	-1.031002e+00	1.180044e-01	4.841943e-02	6.911727e-01	9.565852e-01	8.121303e-01	3.059400e+00	9.594224e-02	3.119484e-01	1.095936e+00	1.216375e+00	1.267179e+00	1.310435e+00	1.353100e+00	1.392616e+00	1.436351e+00	1.487737e+00	1.552936e+00	1.732595e+00	1.841682e+00	-4.814057e-01	
8  8.60477	-1.010530e+00	2.681132e-02	5.022284e-02	6.689943e-01	9.691400e-01	8.100259e-01	2.771176e+00	9.144572e-02	3.138244e-01	1.097081e+00	1.218632e+00	1.269825e+00	1.312798e+00	1.356739e+00	1.396897e+00	1.441186e+00	1.492986e+00	1.558227e+00	1.740452e+00	1.726241e+00	-4.060598e-01	
12  4.07248	-1.012409e+00	3.691263e-02	4.937515e-02	6.752899e-01	9.673631e-01	8.087712e-01	3.044844e+00	1.016149e-01	3.148339e-01	1.098795e+00	1.220053e+00	1.271257e+00	1.315279e+00	1.356951e+00	1.398809e+00	1.441040e+00	1.495021e+00	1.560098e+00	1.740828e+00	1.683538e+00	-3.833438e-01	
1  4.61329	-9.997891e-01	-3.804258e-02	4.856952e-02	6.510867e-01	9.780743e-01	8.066498e-01	2.847311e+00	1.184471e-01	3.161180e-01	1.099555e+00	1.221173e+00	1.273302e+00	1.317305e+00	1.359750e+00	1.402203e+00	1.445229e+00	1.498728e+00	1.564872e+00	1.745292e+00	1.721656e+00	-4.089612e-01	
2  5.70661	-1.027440e+00	6.349368e-02	4.897684e-02	6.622071e-01	9.733669e-01	8.096265e-01	2.853340e+00	1.092216e-01	3.134658e-01	1.098634e+00	1.220159e+00	1.271892e+00	1.316181e+00	1.357030e+00	1.400174e+00	1.442688e+00	1.495387e+00	1.561826e+00	1.742322e+00	1.627526e+00	-3.475071e-01	
14  8.15942	-1.036475e+00	1.467634e-01	5.091158e-02	6.849466e-01	9.628783e-01	8.125592e-01	2.882944e+00	9.543585e-02	3.120405e-01	1.095353e+00	1.215038e+00	1.266362e+00	1.309343e+00	1.350621e+00	1.391512e+00	1.434546e+00	1.486777e+00	1.551876e+00	1.730092e+00	1.692322e+00	-3.853102e-01	
2  8.17272	-1.022160e+00	1.007174e-01	4.856724e-02	7.017824e-01	9.603234e-01	8.127927e-01	3.591482e+00	7.792370e-02	3.122070e-01	1.095051e+00	1.215194e+00	1.265982e+00	1.309831e+00	1.351410e+00	1.391743e+00	1.435671e+00	1.488086e+00	1.552717e+00	1.733432e+00	1.669400e+00	-3.642386e-01	
4  8.14503	-9.709363e-01	-7.574762e-02	4.752657e-02	6.865264e-01	9.647046e-01	8.097006e-01	3.659181e+00	6.512831e-02	3.159484e-01	1.095666e+00	1.215375e+00	1.266067e+00	1.310968e+00	1.352901e+00	1.394776e+00	1.438339e+00	1.491578e+00	1.558087e+00	1.739753e+00	1.673203e+00	-3.681896e-01	
8  8.76541	-9.897053e-01	-3.464671e-03	4.673779e-02	6.908721e-01	9.607663e-01	8.114335e-01	3.733883e+00	6.557060e-02	3.144576e-01	1.094814e+00	1.214392e+00	1.265101e+00	1.310050e+00	1.351660e+00	1.392836e+00	1.435741e+00	1.488948e+00	1.554743e+00	1.736874e+00	1.618862e+00	-3.331092e-01	
3  7.6725	-9.750817e-01	-4.279179e-02	4.748085e-02	6.859874e-01	9.593771e-01	8.108035e-01	3.518951e+00	6.356605e-02	3.154055e-01	1.094195e+00	1.212988e+00	1.264096e+00	1.307960e+00	1.350665e+00	1.392057e+00	1.434068e+00	1.487587e+00	1.554200e+00	1.734972e+00	1.594850e+00	-3.302478e-01	
13  8.86594	-9.631910e-01	-1.398804e-01	4.821854e-02	6.551802e-01	9.730777e-01	8.081847e-01	3.065092e+00	7.916645e-02	3.167369e-01	1.097000e+00	1.217524e+00	1.268811e+00	1.313459e+00	1.357313e+00	1.399287e+00	1.441979e+00	1.495793e+00	1.563236e+00	1.745649e+00	1.637725e+00	-3.523828e-01	
1  10.2311	-9.730113e-01	-9.412936e-02	4.990293e-02	6.901237e-01	9.617148e-01	8.103622e-01	3.345582e+00	7.587350e-02	3.148102e-01	1.094871e+00	1.214824e+00	1.266167e+00	1.311116e+00	1.353594e+00	1.395502e+00	1.437000e+00	1.491630e+00	1.559110e+00	1.740466e+00	1.692740e+00	-3.818511e-01	
3  9.37148	-9.978357e-01	-1.443856e-02	5.002521e-02	6.910465e-01	9.588202e-01	8.121692e-01	3.177369e+00	6.465724e-02	3.130127e-01	1.096143e+00	1.216644e+00	1.267931e+00	1.314238e+00	1.354318e+00	1.397407e+00	1.437948e+00	1.493618e+00	1.559176e+00	1.740769e+00	1.690000e+00	-3.775302e-01	
3  9.78916	-9.928815e-01	-6.944569e-02	5.125508e-02	6.626643e-01	9.722261e-01	8.091168e-01	2.698476e+00	8.798370e-02	3.144889e-01	1.098704e+00	1.220029e+00	1.272158e+00	1.319578e+00	1.360308e+00	1.402137e+00	1.445705e+00	1.499886e+00	1.565277e+00	1.747233e+00	1.678401e+00	-3.672309e-01	
2  11.4802	-9.956191e-01	-1.403007e-02	5.348622e-02	6.841129e-01	9.626606e-01	8.124983e-01	2.694235e+00	5.198937e-02	3.128924e-01	1.096033e+00	1.216347e+00	1.267459e+00	1.314841e+00	1.353993e+00	1.396604e+00	1.438481e+00	1.493965e+00	1.557677e+00	1.741506e+00	1.679108e+00	-3.765021e-01	
9  9.72353	-9.947098e-01	-5.546794e-02	5.120350e-02	6.687945e-01	9.671753e-01	8.084924e-01	2.637222e+00	9.930153e-02	3.149694e-01	1.099160e+00	1.219305e+00	1.271950e+00	1.318749e+00	1.358625e+00	1.401182e+00	1.442243e+00	1.499550e+00	1.562571e+00	1.744591e+00	1.722245e+00	-4.038199e-01	
4  9.11798	-1.007501e+00	-1.626703e-02	5.129938e-02	6.747106e-01	9.654801e-01	8.080757e-01	2.693975e+00	1.137203e-01	3.149582e-01	1.100012e+00	1.220271e+00	1.272914e+00	1.319083e+00	1.358923e+00	1.401926e+00	1.442455e+00	1.500427e+00	1.562414e+00	1.744389e+00	1.787337e+00	-4.456226e-01	
2  9.35698	-1.029315e+00	3.973761e-02	4.901571e-02	6.729090e-01	9.655068e-01	8.095403e-01	2.772481e+00	1.123272e-01	3.130696e-01	1.100744e+00	1.221801e+00	1.273990e+00	1.320215e+00	1.360321e+00	1.403007e+00	1.443622e+00	1.500939e+00	1.563261e+00	1.744120e+00	1.774168e+00	-4.307348e-01	
1  9.20388	-1.008508e+00	-6.933314e-03	5.093899e-02	6.866616e-01	9.656755e-01	8.103132e-01	3.028891e+00	8.491995e-02	3.132540e-01	1.099405e+00	1.219935e+00	1.272355e+00	1.316618e+00	1.358356e+00	1.400611e+00	1.442634e+00	1.499449e+00	1.561249e+00	1.743960e+00	1.733395e+00	-4.027350e-01	
1  8.93038	-1.010144e+00	1.194603e-02	5.150468e-02	6.928045e-01	9.637931e-01	8.123600e-01	3.060360e+00	6.075779e-02	3.119795e-01	1.097971e+00	1.218917e+00	1.270193e+00	1.315234e+00	1.356198e+00	1.399365e+00	1.440789e+00	1.498176e+00	1.560606e+00	1.743193e+00	1.678164e+00	-3.720778e-01	
4  8.5695	-9.913162e-01	-7.524712e-02	5.212995e-02	6.679970e-01	9.694376e-01	8.092181e-01	2.574929e+00	8.027971e-02	3.147604e-01	1.099060e+00	1.220696e+00	1.273032e+00	1.318603e+00	1.359054e+00	1.401563e+00	1.445069e+00	1.500871e+00	1.564892e+00	1.748641e+00	1.737750e+00	-4.222398e-01	
1  8.13932	-1.009873e+00	-1.124645e-02	5.303865e-02	6.804349e-01	9.678483e-01	8.100445e-01	2.752227e+00	8.137230e-02	3.139037e-01	1.100267e+00	1.222397e+00	1.273343e+00	1.320676e+00	1.359649e+00	1.403117e+00	1.445659e+00	1.501830e+00	1.565506e+00	1.747192e+00	1.762033e+00	-4.404847e-01	
2  10.5353	-9.835544e-01	-1.131699e-01	5.487072e-02	6.551019e-01	9.752363e-01	8.055070e-01	2.165750e+00	1.089697e-01	3.175505e-01	1.101831e+00	1.223691e+00	1.275419e+00	1.321844e+00	1.361875e+00	1.406305e+00	1.448596e+00	1.504647e+00	1.568945e+00	1.751537e+00	1.853360e+00	-4.993297e-01	
4  7.08024	-9.757333e-01	-1.516936e-01	5.132093e-02	6.309764e-01	9.839845e-01	8.032848e-01	2.250333e+00	1.161388e-01	3.188041e-01	1.103490e+00	1.225946e+00	1.278572e+00	1.323998e+00	1.366230e+00	1.408927e+00	1.452465e+00	1.508633e+00	1.574341e+00	1.756194e+00	1.885234e+00	-5.158101e-01	
6  6.33634	-9.911660e-01	-8.663818e-02	4.979128e-02	6.445966e-01	9.789682e-01	8.047395e-01	2.648408e+00	1.240896e-01	3.178099e-01	1.102444e+00	1.224848e+00	1.276542e+00	1.321859e+00	1.362802e+00	1.406935e+00	1.448992e+00	1.505449e+00	1.570299e+00	1.753678e+00	1.784632e+00	-4.521399e-01	
1  5.7965	-9.701755e-01	-1.288736e-01	4.797176e-02	6.515229e-01	9.745496e-01	8.047497e-01	3.026364e+00	1.191393e-01	3.188978e-01	1.100269e+00	1.221171e+00	1.272480e+00	1.318506e+00	1.359098e+00	1.402336e+00	1.444916e+00	1.500366e+00	1.566505e+00	1.749242e+00	1.778659e+00	-4.554182e-01	
2  6.0123	-9.698022e-01	-1.649172e-01	4.681229e-02	6.372294e-01	9.834439e-01	8.031819e-01	3.060422e+00	1.221178e-01	3.195680e-01	1.103068e+00	1.224878e+00	1.276955e+00	1.323416e+00	1.364772e+00	1.407229e+00	1.453257e+00	1.506505e+00	1.573006e+00	1.755712e+00	1.813727e+00	-4.764314e-01	
11  7.45148	-9.859474e-01	-1.281733e-01	4.689587e-02	6.283163e-01	9.866860e-01	8.043198e-01	2.831711e+00	1.336453e-01	3.180852e-01	1.102334e+00	1.224238e+00	1.276609e+00	1.322935e+00	1.363851e+00	1.406805e+00	1.453862e+00	1.505708e+00	1.572750e+00	1.753536e+00	1.793616e+00	-4.593134e-01	
4  7.44262	-1.001621e+00	-5.970835e-02	4.520454e-02	6.540665e-01	9.748811e-01	8.057005e-01	3.226289e+00	1.402468e-01	3.169269e-01	1.101256e+00	1.222739e+00	1.274241e+00	1.320289e+00	1.362006e+00	1.402876e+00	1.450447e+00	1.501328e+00	1.567662e+00	1.747689e+00	1.876434e+00	-5.128444e-01	
2  10.2698	-1.007290e+00	-2.836962e-02	4.600631e-02	6.670853e-01	9.715283e-01	8.080533e-01	3.340599e+00	1.190103e-01	3.152206e-01	1.099614e+00	1.221823e+00	1.272363e+00	1.319117e+00	1.360220e+00	1.400067e+00	1.448681e+00	1.499549e+00	1.565281e+00	1.746393e+00	1.912012e+00	-5.353493e-01	
6  11.821	-9.998565e-01	-2.110298e-02	4.555846e-02	6.675000e-01	9.685975e-01	8.100135e-01	3.367163e+00	8.120879e-02	3.146513e-01	1.097738e+00	1.219384e+00	1.270078e+00	1.316872e+00	1.358050e+00	1.396829e+00	1.445734e+00	1.497195e+00	1.562647e+00	1.744664e+00	1.871213e+00	-4.981887e-01	
2  15.6574	-9.887465e-01	-2.121715e-02	4.773475e-02	6.697016e-01	9.661001e-01	8.095732e-01	3.146948e+00	7.758658e-02	3.158164e-01	1.096164e+00	1.216481e+00	1.267484e+00	1.313477e+00	1.355347e+00	1.392047e+00	1.442424e+00	1.492759e+00	1.558609e+00	1.737902e+00	1.935505e+00	-5.394219e-01	
1  17.8679	-9.693045e-01	-9.239107e-02	4.930372e-02	6.559198e-01	9.700281e-01	8.070581e-01	2.764711e+00	9.794008e-02	3.179715e-01	1.095905e+00	1.216038e+00	1.267113e+00	1.312309e+00	1.355298e+00	1.392529e+00	1.443154e+00	1.492887e+00	1.559165e+00	1.738364e+00	1.955248e+00	-5.573226e-01	
2  9.81999	-9.717259e-01	-5.605946e-02	4.918668e-02	6.875387e-01	9.595780e-01	8.079162e-01	3.280452e+00	9.098060e-02	3.171346e-01	1.095114e+00	1.214959e+00	1.265910e+00	1.310951e+00	1.351995e+00	1.390206e+00	1.439118e+00	1.489196e+00	1.555479e+00	1.735241e+00	1.885504e+00	-5.126345e-01	
2  11.0528	-9.893435e-01	1.968699e-02	4.829350e-02	7.182853e-01	9.468526e-01	8.110999e-01	3.702037e+00	7.715942e-02	3.146294e-01	1.093190e+00	1.212420e+00	1.263353e+00	1.308989e+00	1.347332e+00	1.388038e+00	1.434179e+00	1.484764e+00	1.549990e+00	1.730607e+00	1.862984e+00	-4.919500e-01	
7  13.5153	-9.870866e-01	4.633556e-02	5.022907e-02	7.464431e-01	9.367828e-01	8.113662e-01	3.979660e+00	7.740309e-02	3.150422e-01	1.092635e+00	1.211073e+00	1.261359e+00	1.305952e+00	1.344960e+00	1.383778e+00	1.430009e+00	1.480421e+00	1.545379e+00	1.724965e+00	1.837172e+00	-4.764646e-01	
1  14.2801	-1.000245e+00	1.032969e-01	5.062520e-02	7.522251e-01	9.344751e-01	8.117598e-01	3.986093e+00	7.634941e-02	3.145317e-01	1.093257e+00	1.211532e+00	1.262329e+00	1.305933e+00	1.344610e+00	1.384591e+00	1.427858e+00	1.480466e+00	1.544085e+00	1.723543e+00	1.835297e+00	-4.705452e-01	
