11  3.97869	-1.023771e+00	9.798970e-02	4.842830e-02	6.891818e-01	9.574202e-01	8.135854e-01	3.124425e+00	4.144182e-02	3.116617e-01	1.097636e+00	1.218249e+00	1.269876e+00	1.313082e+00	1.354110e+00	1.394526e+00	1.441282e+00	1.490480e+00	1.559993e+00	1.736418e+00	1.755762e+00	-4.302045e-01	
1  4.58877	-1.025546e+00	9.072502e-02	4.747374e-02	7.013516e-01	9.546998e-01	8.132391e-01	3.439011e+00	7.898604e-02	3.113630e-01	1.095720e+00	1.216920e+00	1.267966e+00	1.310635e+00	1.351913e+00	1.393435e+00	1.438199e+00	1.488643e+00	1.557102e+00	1.732701e+00	1.754523e+00	-4.224942e-01	
3  5.77084	-1.004352e+00	-1.135318e-02	4.861167e-02	6.749653e-01	9.663112e-01	8.117641e-01	3.010553e+00	5.818458e-02	3.126928e-01	1.097968e+00	1.220293e+00	1.271049e+00	1.315274e+00	1.356838e+00	1.399724e+00	1.444363e+00	1.496719e+00	1.564202e+00	1.742526e+00	1.747836e+00	-4.266825e-01	
2  7.71239	-1.004955e+00	5.414463e-03	5.016245e-02	6.890343e-01	9.608659e-01	8.120611e-01	2.964323e+00	5.114220e-02	3.125815e-01	1.097803e+00	1.219734e+00	1.270169e+00	1.313835e+00	1.355211e+00	1.397766e+00	1.441147e+00	1.495610e+00	1.562668e+00	1.741729e+00	1.701620e+00	-4.037869e-01	
1  7.16305	-1.012683e+00	4.438880e-02	4.770940e-02	6.920905e-01	9.575433e-01	8.128517e-01	3.245449e+00	6.082160e-02	3.122932e-01	1.096386e+00	1.217545e+00	1.268641e+00	1.311016e+00	1.352955e+00	1.394471e+00	1.436639e+00	1.491476e+00	1.558720e+00	1.736903e+00	1.643588e+00	-3.558624e-01	
3  9.53099	-1.023513e+00	8.080358e-02	4.819965e-02	6.979751e-01	9.542718e-01	8.124917e-01	3.205320e+00	7.472657e-02	3.122728e-01	1.097552e+00	1.219213e+00	1.268878e+00	1.312665e+00	1.353027e+00	1.395351e+00	1.437319e+00	1.492013e+00	1.558536e+00	1.736469e+00	1.604240e+00	-3.363803e-01	
1  10.3073	-1.017606e+00	7.031674e-02	4.897576e-02	7.022550e-01	9.505829e-01	8.118418e-01	3.158628e+00	7.023810e-02	3.131703e-01	1.098236e+00	1.220270e+00	1.269316e+00	1.313069e+00	1.352842e+00	1.395343e+00	1.437965e+00	1.491217e+00	1.558415e+00	1.735217e+00	1.593827e+00	-3.391282e-01	
2  11.4424	-1.000045e+00	-2.193002e-02	5.123731e-02	6.834780e-01	9.572095e-01	8.064167e-01	2.660425e+00	1.150115e-01	3.167168e-01	1.102303e+00	1.224601e+00	1.274725e+00	1.318744e+00	1.358902e+00	1.401362e+00	1.445911e+00	1.497982e+00	1.564999e+00	1.743122e+00	1.559833e+00	-3.241366e-01	
5  10.0301	-9.968412e-01	-4.970786e-02	5.056258e-02	6.777671e-01	9.615123e-01	8.046728e-01	2.724239e+00	1.257450e-01	3.176587e-01	1.103706e+00	1.226601e+00	1.277819e+00	1.322243e+00	1.362153e+00	1.404454e+00	1.449056e+00	1.502822e+00	1.569012e+00	1.747269e+00	1.574977e+00	-3.305443e-01	
1  9.53952	-9.956320e-01	-6.353219e-02	4.971006e-02	6.651144e-01	9.661971e-01	8.046449e-01	2.652876e+00	1.233126e-01	3.174797e-01	1.103996e+00	1.227022e+00	1.277804e+00	1.323562e+00	1.363025e+00	1.405582e+00	1.449675e+00	1.503413e+00	1.570662e+00	1.748781e+00	1.573288e+00	-3.265297e-01	
11  9.63675	-9.847915e-01	-1.295026e-01	4.758992e-02	6.451785e-01	9.739856e-01	8.023635e-01	2.689130e+00	1.383582e-01	3.189999e-01	1.106011e+00	1.229373e+00	1.280576e+00	1.326980e+00	1.367825e+00	1.409822e+00	1.455196e+00	1.507661e+00	1.576132e+00	1.754081e+00	1.617910e+00	-3.585212e-01	
1  11.1971	-9.663091e-01	-2.112775e-01	4.715033e-02	6.417802e-01	9.788375e-01	8.011656e-01	2.872343e+00	1.467361e-01	3.200095e-01	1.104887e+00	1.229247e+00	1.280377e+00	1.326765e+00	1.368024e+00	1.411052e+00	1.456628e+00	1.509666e+00	1.577972e+00	1.756233e+00	1.603816e+00	-3.507672e-01	
1  10.0204	-9.493971e-01	-2.131218e-01	4.784842e-02	6.586452e-01	9.695258e-01	8.022067e-01	2.987397e+00	1.181587e-01	3.205000e-01	1.102698e+00	1.225450e+00	1.275548e+00	1.321742e+00	1.362817e+00	1.405722e+00	1.450020e+00	1.503640e+00	1.570769e+00	1.750731e+00	1.520713e+00	-2.978636e-01	
2  9.23015	-9.663843e-01	-1.445678e-01	4.736386e-02	6.802147e-01	9.635695e-01	8.043065e-01	3.362417e+00	1.119759e-01	3.188465e-01	1.101790e+00	1.224314e+00	1.274035e+00	1.321115e+00	1.361358e+00	1.404319e+00	1.447903e+00	1.499917e+00	1.567510e+00	1.747117e+00	1.660043e+00	-3.795747e-01	
7  12.0173	-9.804987e-01	-7.018043e-02	4.780550e-02	7.059072e-01	9.560047e-01	8.057549e-01	3.645292e+00	1.113874e-01	3.174491e-01	1.100676e+00	1.222673e+00	1.271945e+00	1.318222e+00	1.357912e+00	1.399733e+00	1.443371e+00	1.495193e+00	1.562155e+00	1.740948e+00	1.804359e+00	-4.573155e-01	
7  10.0709	-9.749855e-01	-1.086327e-01	4.799712e-02	6.876839e-01	9.620501e-01	8.040727e-01	3.324764e+00	1.258234e-01	3.182391e-01	1.101374e+00	1.223291e+00	1.272957e+00	1.320557e+00	1.360288e+00	1.401578e+00	1.446406e+00	1.498070e+00	1.565249e+00	1.746546e+00	1.791126e+00	-4.505611e-01	
7  9.77025	-9.733528e-01	-1.270166e-01	4.603419e-02	6.673565e-01	9.671058e-01	8.027830e-01	3.199640e+00	1.349815e-01	3.191767e-01	1.102289e+00	1.224195e+00	1.275552e+00	1.322505e+00	1.362066e+00	1.403393e+00	1.448746e+00	1.500073e+00	1.567404e+00	1.748409e+00	1.745602e+00	-4.259288e-01	
4  9.9101	-9.787001e-01	-1.237273e-01	4.482364e-02	6.608385e-01	9.709474e-01	8.031913e-01	3.310809e+00	1.268783e-01	3.188218e-01	1.103844e+00	1.225611e+00	1.277810e+00	1.324310e+00	1.366386e+00	1.404241e+00	1.452617e+00	1.502311e+00	1.571417e+00	1.749513e+00	1.737508e+00	-4.159725e-01	
8  9.12967	-9.809130e-01	-1.132560e-01	4.664133e-02	6.537566e-01	9.741953e-01	8.050492e-01	3.042085e+00	9.801287e-02	3.177348e-01	1.103572e+00	1.225176e+00	1.275788e+00	1.323920e+00	1.366101e+00	1.404884e+00	1.452951e+00	1.501449e+00	1.572210e+00	1.750931e+00	1.787936e+00	-4.429974e-01	
1  9.75827	-9.468503e-01	-2.545369e-01	4.869840e-02	6.303575e-01	9.824933e-01	8.018144e-01	2.627358e+00	1.097855e-01	3.208817e-01	1.104988e+00	1.226298e+00	1.278504e+00	1.325525e+00	1.368851e+00	1.409291e+00	1.457404e+00	1.505625e+00	1.577936e+00	1.757219e+00	1.735883e+00	-4.182016e-01	
2  10.2751	-9.154922e-01	-3.434921e-01	4.913231e-02	6.369358e-01	9.814587e-01	8.004782e-01	2.804337e+00	9.162343e-02	3.228171e-01	1.104881e+00	1.224863e+00	1.278489e+00	1.325251e+00	1.367191e+00	1.408828e+00	1.457344e+00	1.505689e+00	1.578952e+00	1.758751e+00	1.687076e+00	-3.974527e-01	
7  10.8269	-9.270017e-01	-2.959635e-01	4.983607e-02	6.365557e-01	9.794732e-01	8.015498e-01	2.633198e+00	7.374913e-02	3.222230e-01	1.106270e+00	1.226405e+00	1.279341e+00	1.326648e+00	1.367708e+00	1.410200e+00	1.457434e+00	1.506836e+00	1.579357e+00	1.758335e+00	1.720285e+00	-4.142407e-01	
8  10.7556	-9.155968e-01	-3.679769e-01	4.875603e-02	6.278357e-01	9.853594e-01	8.003606e-01	2.807136e+00	8.164519e-02	3.230172e-01	1.106801e+00	1.228279e+00	1.281418e+00	1.329267e+00	1.370088e+00	1.414064e+00	1.461475e+00	1.511512e+00	1.585387e+00	1.763483e+00	1.689140e+00	-3.952111e-01	
9  11.3288	-9.505936e-01	-2.339234e-01	4.631671e-02	6.305476e-01	9.800407e-01	8.026615e-01	2.855917e+00	9.063834e-02	3.203563e-01	1.105734e+00	1.226179e+00	1.279725e+00	1.327128e+00	1.367124e+00	1.410620e+00	1.458030e+00	1.506683e+00	1.580273e+00	1.756378e+00	1.680628e+00	-3.889136e-01	
1  11.4689	-9.623411e-01	-1.475506e-01	4.386415e-02	6.516953e-01	9.681347e-01	8.063060e-01	3.232284e+00	8.069647e-02	3.181319e-01	1.101358e+00	1.219653e+00	1.272625e+00	1.320091e+00	1.358401e+00	1.400986e+00	1.447534e+00	1.497067e+00	1.569327e+00	1.745315e+00	1.691578e+00	-3.856466e-01	
8  11.2167	-9.619637e-01	-1.680893e-01	4.317374e-02	6.356160e-01	9.753715e-01	8.038594e-01	3.091493e+00	1.216632e-01	3.192987e-01	1.101395e+00	1.219771e+00	1.273537e+00	1.319680e+00	1.358773e+00	1.401378e+00	1.447658e+00	1.498126e+00	1.570636e+00	1.745316e+00	1.757157e+00	-4.306585e-01	
5  10.5373	-9.526068e-01	-2.110568e-01	4.515056e-02	6.365982e-01	9.749662e-01	8.028880e-01	2.889596e+00	1.107933e-01	3.200467e-01	1.103480e+00	1.222449e+00	1.275699e+00	1.322132e+00	1.363047e+00	1.404850e+00	1.451186e+00	1.501931e+00	1.574718e+00	1.750132e+00	1.774711e+00	-4.381757e-01	
3  10.6182	-9.535428e-01	-2.150107e-01	4.676323e-02	6.319770e-01	9.769523e-01	8.022772e-01	2.629083e+00	1.155799e-01	3.204763e-01	1.104377e+00	1.223963e+00	1.275540e+00	1.323554e+00	1.365037e+00	1.406820e+00	1.453173e+00	1.503804e+00	1.577148e+00	1.752324e+00	1.734404e+00	-4.172322e-01	
2  8.42368	-9.776246e-01	-1.298071e-01	4.762974e-02	6.390105e-01	9.737204e-01	8.043084e-01	2.545672e+00	1.110483e-01	3.185579e-01	1.104113e+00	1.223664e+00	1.276238e+00	1.322445e+00	1.364932e+00	1.406100e+00	1.451453e+00	1.503065e+00	1.574981e+00	1.749450e+00	1.753213e+00	-4.251691e-01	
1  6.23601	-9.875702e-01	-1.074347e-01	4.597865e-02	6.406041e-01	9.779937e-01	8.044327e-01	2.857503e+00	1.129413e-01	3.175516e-01	1.104491e+00	1.225103e+00	1.277569e+00	1.323782e+00	1.365800e+00	1.406817e+00	1.453165e+00	1.505620e+00	1.576888e+00	1.753096e+00	1.681105e+00	-3.809602e-01	
2  8.34737	-1.010429e+00	-9.106805e-03	4.283274e-02	6.480566e-01	9.754828e-01	8.078885e-01	3.285701e+00	8.456934e-02	3.148287e-01	1.103085e+00	1.224052e+00	1.275921e+00	1.321572e+00	1.363471e+00	1.403099e+00	1.450380e+00	1.502713e+00	1.572502e+00	1.748239e+00	1.662444e+00	-3.547745e-01	
12  9.53308	-1.015874e+00	6.509245e-03	4.317298e-02	6.565879e-01	9.732102e-01	8.081199e-01	3.365728e+00	7.720863e-02	3.147168e-01	1.104696e+00	1.225559e+00	1.277467e+00	1.323153e+00	1.366172e+00	1.404887e+00	1.452748e+00	1.504657e+00	1.574134e+00	1.749117e+00	1.655010e+00	-3.562500e-01	
17  9.33734	-9.912732e-01	-7.015878e-02	4.162909e-02	6.665428e-01	9.689609e-01	8.072719e-01	3.719520e+00	8.638624e-02	3.159129e-01	1.102438e+00	1.222113e+00	1.275435e+00	1.319522e+00	1.362171e+00	1.402291e+00	1.448326e+00	1.501559e+00	1.571599e+00	1.747095e+00	1.725996e+00	-4.000664e-01	
15  8.2676	-9.886590e-01	-7.147610e-02	4.285178e-02	6.608580e-01	9.688072e-01	8.069459e-01	3.461533e+00	8.451715e-02	3.163941e-01	1.102674e+00	1.222236e+00	1.275394e+00	1.319091e+00	1.362743e+00	1.401911e+00	1.447363e+00	1.500960e+00	1.571535e+00	1.746627e+00	1.686454e+00	-3.894559e-01	
3  10.7001	-9.816696e-01	-1.106297e-01	4.254729e-02	6.622657e-01	9.675672e-01	8.051444e-01	3.497308e+00	1.111166e-01	3.175544e-01	1.102979e+00	1.222334e+00	1.276361e+00	1.319688e+00	1.362327e+00	1.403294e+00	1.447785e+00	1.502225e+00	1.572623e+00	1.747538e+00	1.723288e+00	-4.192498e-01	
4  11.562	-9.769089e-01	-1.165021e-01	4.238173e-02	6.674326e-01	9.640924e-01	8.066352e-01	3.560198e+00	9.613735e-02	3.167873e-01	1.100795e+00	1.220423e+00	1.273843e+00	1.318964e+00	1.358632e+00	1.402265e+00	1.444977e+00	1.501358e+00	1.571076e+00	1.748063e+00	1.762433e+00	-4.389103e-01	
4  8.79649	-9.827115e-01	-7.287382e-02	4.407519e-02	6.604939e-01	9.667425e-01	8.076887e-01	3.265098e+00	6.759264e-02	3.164021e-01	1.100565e+00	1.220904e+00	1.273889e+00	1.318197e+00	1.359082e+00	1.400919e+00	1.444901e+00	1.499934e+00	1.569947e+00	1.746345e+00	1.742549e+00	-4.199250e-01	
11  7.14722	-9.656000e-01	-1.159669e-01	4.657854e-02	6.602639e-01	9.655751e-01	8.062124e-01	3.010448e+00	6.687740e-02	3.182928e-01	1.101145e+00	1.220764e+00	1.273586e+00	1.317316e+00	1.359944e+00	1.400132e+00	1.445779e+00	1.499295e+00	1.569612e+00	1.745611e+00	1.783625e+00	-4.491779e-01	
2  7.2009	-9.764115e-01	-7.979446e-02	4.696379e-02	6.609493e-01	9.679393e-01	8.078667e-01	3.053010e+00	5.932230e-02	3.169846e-01	1.099907e+00	1.220475e+00	1.272186e+00	1.317995e+00	1.358169e+00	1.399637e+00	1.445153e+00	1.499365e+00	1.569251e+00	1.744671e+00	1.787637e+00	-4.520874e-01	
8  7.45182	-9.700639e-01	-1.631354e-01	4.614476e-02	6.401028e-01	9.802787e-01	8.052696e-01	3.062985e+00	1.012498e-01	3.180401e-01	1.101413e+00	1.223491e+00	1.275609e+00	1.322388e+00	1.363080e+00	1.404946e+00	1.453168e+00	1.505311e+00	1.576175e+00	1.751979e+00	1.817446e+00	-4.738770e-01	
6  7.39747	-1.020477e+00	3.157553e-02	4.380832e-02	6.659579e-01	9.698501e-01	8.103391e-01	3.518395e+00	8.730518e-02	3.133559e-01	1.100091e+00	1.221101e+00	1.274319e+00	1.318624e+00	1.359217e+00	1.400891e+00	1.446357e+00	1.500136e+00	1.569556e+00	1.743290e+00	1.819439e+00	-4.608199e-01	
6  9.0802	-9.939020e-01	-8.767222e-02	4.564265e-02	6.403091e-01	9.770763e-01	8.070719e-01	2.976799e+00	9.468217e-02	3.160594e-01	1.102532e+00	1.223716e+00	1.277925e+00	1.322894e+00	1.364755e+00	1.405710e+00	1.453318e+00	1.506516e+00	1.576819e+00	1.750611e+00	1.843725e+00	-4.804810e-01	
6  13.5	-1.003448e+00	-4.065718e-02	4.415839e-02	6.302910e-01	9.776979e-01	8.071988e-01	2.845379e+00	1.030399e-01	3.156795e-01	1.101311e+00	1.221751e+00	1.277133e+00	1.320701e+00	1.364022e+00	1.402548e+00	1.451939e+00	1.504266e+00	1.573801e+00	1.748128e+00	1.790063e+00	-4.532945e-01	
2  13.2181	-1.010493e+00	4.154475e-03	4.519873e-02	6.472644e-01	9.718873e-01	8.086538e-01	2.971231e+00	1.061655e-01	3.146520e-01	1.099116e+00	1.218704e+00	1.273763e+00	1.316887e+00	1.360058e+00	1.398728e+00	1.446274e+00	1.500036e+00	1.568082e+00	1.740519e+00	1.769143e+00	-4.343883e-01	
1  14.1708	-1.021582e+00	2.851775e-02	4.615308e-02	6.514431e-01	9.707964e-01	8.097228e-01	2.859781e+00	9.121542e-02	3.136179e-01	1.100773e+00	1.220347e+00	1.274909e+00	1.319118e+00	1.362081e+00	1.399846e+00	1.448217e+00	1.502388e+00	1.570202e+00	1.742272e+00	1.760422e+00	-4.236574e-01	
1  12.0398	-1.016093e+00	-1.572675e-02	4.703028e-02	6.321717e-01	9.773877e-01	8.070575e-01	2.485205e+00	1.166450e-01	3.155562e-01	1.103094e+00	1.223661e+00	1.277798e+00	1.321539e+00	1.365819e+00	1.404231e+00	1.451671e+00	1.505981e+00	1.573914e+00	1.746073e+00	1.852186e+00	-4.794112e-01	
4  11.9297	-1.026632e+00	1.887601e-02	4.828776e-02	6.314651e-01	9.773755e-01	8.079857e-01	2.329201e+00	1.195137e-01	3.145870e-01	1.102149e+00	1.223686e+00	1.277910e+00	1.321196e+00	1.364941e+00	1.403854e+00	1.451379e+00	1.505533e+00	1.572929e+00	1.747872e+00	1.835310e+00	-4.739179e-01	
2  9.01673	-1.025130e+00	5.419415e-02	4.832430e-02	6.484498e-01	9.680164e-01	8.093365e-01	2.456797e+00	1.079538e-01	3.140366e-01	1.100383e+00	1.219895e+00	1.273306e+00	1.316478e+00	1.359891e+00	1.398539e+00	1.445455e+00	1.499127e+00	1.565769e+00	1.741259e+00	1.854929e+00	-4.806550e-01	
5  7.74434	-1.022226e+00	5.002042e-02	4.897854e-02	6.465311e-01	9.715067e-01	8.100029e-01	2.456261e+00	7.932517e-02	3.138882e-01	1.101151e+00	1.221043e+00	1.274112e+00	1.317928e+00	1.360597e+00	1.400906e+00	1.446975e+00	1.500768e+00	1.567935e+00	1.743160e+00	1.934690e+00	-5.357142e-01	
2  7.55154	-1.016562e+00	5.037950e-02	5.035164e-02	6.611679e-01	9.694610e-01	8.103535e-01	2.610339e+00	5.953556e-02	3.138893e-01	1.100337e+00	1.221084e+00	1.273390e+00	1.316496e+00	1.359404e+00	1.399202e+00	1.446389e+00	1.498392e+00	1.567044e+00	1.742400e+00	1.831202e+00	-4.663415e-01	
13  8.14742	-1.014998e+00	5.480661e-02	4.963269e-02	6.612012e-01	9.670476e-01	8.098289e-01	2.595497e+00	7.248988e-02	3.143156e-01	1.099639e+00	1.219708e+00	1.273249e+00	1.314914e+00	1.357553e+00	1.397282e+00	1.444676e+00	1.495980e+00	1.565780e+00	1.738947e+00	1.742097e+00	-4.122443e-01	
35  7.98403	-1.023140e+00	9.123016e-02	4.878324e-02	6.732712e-01	9.653025e-01	8.130617e-01	2.928438e+00	4.462607e-02	3.119709e-01	1.097573e+00	1.217037e+00	1.271733e+00	1.313381e+00	1.355489e+00	1.395963e+00	1.442343e+00	1.494084e+00	1.563056e+00	1.736093e+00	1.703591e+00	-3.797660e-01	
10  8.90651	-1.026867e+00	1.043708e-01	4.779039e-02	6.705770e-01	9.632500e-01	8.132370e-01	2.832770e+00	5.429647e-02	3.115126e-01	1.096645e+00	1.215833e+00	1.270436e+00	1.311715e+00	1.353248e+00	1.394772e+00	1.438683e+00	1.491543e+00	1.561188e+00	1.734098e+00	1.723549e+00	-3.884812e-01	
8  9.05654	-1.011788e+00	3.385896e-02	4.786581e-02	6.711116e-01	9.634373e-01	8.117472e-01	2.874977e+00	6.815052e-02	3.125151e-01	1.096897e+00	1.216890e+00	1.271251e+00	1.312268e+00	1.354629e+00	1.396149e+00	1.440309e+00	1.493397e+00	1.564048e+00	1.737178e+00	1.723560e+00	-3.857292e-01	
1  7.53791	-1.020109e+00	6.713504e-02	4.556423e-02	6.517378e-01	9.680685e-01	8.113107e-01	2.791785e+00	7.297555e-02	3.126259e-01	1.097498e+00	1.217947e+00	1.271727e+00	1.313583e+00	1.354953e+00	1.396235e+00	1.440923e+00	1.492754e+00	1.563555e+00	1.736185e+00	1.674673e+00	-3.646415e-01	
2  7.36103	-1.013846e+00	4.976120e-02	4.668689e-02	6.593426e-01	9.667853e-01	8.118789e-01	2.882739e+00	5.635634e-02	3.125592e-01	1.097592e+00	1.218713e+00	1.271083e+00	1.314232e+00	1.354782e+00	1.397794e+00	1.440604e+00	1.494125e+00	1.564495e+00	1.736915e+00	1.664087e+00	-3.648768e-01	
4  6.11911	-1.016754e+00	6.539639e-02	4.444985e-02	6.588462e-01	9.674225e-01	8.119080e-01	3.136360e+00	5.736693e-02	3.124507e-01	1.097928e+00	1.218104e+00	1.270056e+00	1.315321e+00	1.354337e+00	1.397932e+00	1.439680e+00	1.494434e+00	1.563769e+00	1.736692e+00	1.709788e+00	-3.957868e-01	
1  5.16509	-1.014749e+00	6.016864e-02	4.681223e-02	6.529284e-01	9.705288e-01	8.117153e-01	2.846177e+00	5.328108e-02	3.128349e-01	1.098783e+00	1.218678e+00	1.270534e+00	1.315847e+00	1.356319e+00	1.397949e+00	1.441647e+00	1.495670e+00	1.563962e+00	1.736960e+00	1.662778e+00	-3.698750e-01	
6  5.86043	-9.810161e-01	-7.896554e-02	4.801217e-02	6.433966e-01	9.733942e-01	8.065787e-01	2.730209e+00	8.758604e-02	3.172174e-01	1.101246e+00	1.221013e+00	1.274525e+00	1.318120e+00	1.360850e+00	1.401739e+00	1.446587e+00	1.500784e+00	1.569332e+00	1.743144e+00	1.630322e+00	-3.507392e-01	
5  8.81824	-9.851793e-01	-5.993328e-02	4.711857e-02	6.325958e-01	9.739105e-01	8.057136e-01	2.521328e+00	9.931713e-02	3.174943e-01	1.101573e+00	1.221073e+00	1.275756e+00	1.318030e+00	1.360503e+00	1.400725e+00	1.446563e+00	1.499793e+00	1.568434e+00	1.742579e+00	1.636668e+00	-3.631330e-01	
3  9.12467	-9.784546e-01	-8.752549e-02	4.718629e-02	6.289248e-01	9.775587e-01	8.056664e-01	2.618122e+00	8.866126e-02	3.178294e-01	1.101926e+00	1.222331e+00	1.276044e+00	1.319780e+00	1.361454e+00	1.402848e+00	1.448082e+00	1.502015e+00	1.570439e+00	1.745310e+00	1.718692e+00	-4.033918e-01	
1  12.6634	-9.755918e-01	-1.380300e-01	4.586642e-02	6.223185e-01	9.807291e-01	8.021966e-01	2.643299e+00	1.228313e-01	3.196686e-01	1.105367e+00	1.226882e+00	1.280831e+00	1.325140e+00	1.367355e+00	1.407446e+00	1.455076e+00	1.508628e+00	1.577077e+00	1.752890e+00	1.717568e+00	-4.096129e-01	
6  12.9073	-9.554341e-01	-2.153741e-01	4.430644e-02	6.235184e-01	9.795469e-01	8.021903e-01	2.842697e+00	9.170493e-02	3.203997e-01	1.106244e+00	1.227521e+00	1.282300e+00	1.326650e+00	1.368140e+00	1.411179e+00	1.457247e+00	1.511834e+00	1.580646e+00	1.757880e+00	1.642652e+00	-3.696704e-01	
2  12.7653	-9.514206e-01	-2.453958e-01	4.425142e-02	6.250239e-01	9.800645e-01	8.012421e-01	2.900981e+00	1.223157e-01	3.208981e-01	1.105818e+00	1.226472e+00	1.281379e+00	1.325318e+00	1.368259e+00	1.410335e+00	1.457080e+00	1.510661e+00	1.580778e+00	1.756444e+00	1.617383e+00	-3.612603e-01	
12  13.8221	-9.524611e-01	-2.332758e-01	4.532090e-02	6.326022e-01	9.776571e-01	7.999246e-01	2.828909e+00	1.357779e-01	3.215449e-01	1.105840e+00	1.226817e+00	1.282068e+00	1.324104e+00	1.367683e+00	1.409724e+00	1.455363e+00	1.510219e+00	1.580506e+00	1.755739e+00	1.572662e+00	-3.385142e-01	
3  16.1465	-9.591309e-01	-1.810435e-01	4.519275e-02	6.423538e-01	9.741009e-01	8.031740e-01	2.967512e+00	9.223394e-02	3.194141e-01	1.104024e+00	1.224261e+00	1.280110e+00	1.320628e+00	1.364716e+00	1.405374e+00	1.451415e+00	1.507465e+00	1.576109e+00	1.751784e+00	1.666964e+00	-3.958128e-01	
16  10.6277	-9.953295e-01	-2.311596e-02	4.543293e-02	6.756149e-01	9.616041e-01	8.074391e-01	3.246476e+00	8.971714e-02	3.156764e-01	1.100917e+00	1.219962e+00	1.274346e+00	1.315959e+00	1.357559e+00	1.397689e+00	1.443585e+00	1.497695e+00	1.566782e+00	1.741018e+00	1.698058e+00	-3.985416e-01	
6  10.2443	-1.012562e+00	5.620505e-02	4.495147e-02	6.892104e-01	9.583489e-01	8.093263e-01	3.571794e+00	7.272597e-02	3.142214e-01	1.101415e+00	1.220594e+00	1.274019e+00	1.316366e+00	1.357024e+00	1.398426e+00	1.442445e+00	1.496067e+00	1.564886e+00	1.736686e+00	1.675329e+00	-3.903074e-01	
14  10.8824	-1.026872e+00	1.079726e-01	4.732057e-02	6.968139e-01	9.557888e-01	8.127781e-01	3.341262e+00	4.046354e-02	3.117273e-01	1.100392e+00	1.219444e+00	1.272601e+00	1.315051e+00	1.356283e+00	1.397760e+00	1.440330e+00	1.494292e+00	1.563373e+00	1.734181e+00	1.743892e+00	-4.289494e-01	
5  13.3847	-1.027863e+00	1.432875e-01	4.817142e-02	7.022676e-01	9.510203e-01	8.141715e-01	3.276596e+00	9.491711e-03	3.114947e-01	1.100637e+00	1.219710e+00	1.271227e+00	1.313986e+00	1.355555e+00	1.396942e+00	1.438387e+00	1.492890e+00	1.561252e+00	1.732960e+00	1.751443e+00	-4.367493e-01	
7  13.3453	-1.034753e+00	1.659331e-01	4.512577e-02	7.097663e-01	9.491272e-01	8.153761e-01	3.723700e+00	1.222868e-02	3.104175e-01	1.099241e+00	1.218158e+00	1.270682e+00	1.312336e+00	1.352986e+00	1.395011e+00	1.435455e+00	1.491561e+00	1.559100e+00	1.731224e+00	1.820319e+00	-4.809782e-01	
4  14.847	-1.002620e+00	3.026391e-02	4.616682e-02	6.940489e-01	9.585151e-01	8.112451e-01	3.620346e+00	2.445209e-02	3.137981e-01	1.101154e+00	1.220478e+00	1.274901e+00	1.316258e+00	1.357707e+00	1.399258e+00	1.440639e+00	1.497064e+00	1.565794e+00	1.739908e+00	1.727143e+00	-4.240526e-01	
13  11.3649	-1.009440e+00	7.533455e-02	4.553578e-02	7.028881e-01	9.531575e-01	8.133625e-01	3.753451e+00	6.342565e-03	3.129082e-01	1.100250e+00	1.219261e+00	1.273057e+00	1.314573e+00	1.354791e+00	1.397618e+00	1.437894e+00	1.494365e+00	1.562358e+00	1.736493e+00	1.823407e+00	-4.877494e-01	
8  9.45298	-9.699632e-01	-6.407602e-02	4.774553e-02	6.761285e-01	9.590134e-01	8.095573e-01	3.118669e+00	2.725814e-02	3.167441e-01	1.100152e+00	1.219166e+00	1.272457e+00	1.313716e+00	1.356479e+00	1.398436e+00	1.439754e+00	1.495043e+00	1.565218e+00	1.739642e+00	1.737898e+00	-4.453343e-01	
7  9.31858	-1.001102e+00	1.032236e-02	4.708269e-02	6.756169e-01	9.602687e-01	8.104332e-01	3.056726e+00	3.405242e-02	3.145156e-01	1.102679e+00	1.222532e+00	1.275429e+00	1.318115e+00	1.361160e+00	1.401708e+00	1.445139e+00	1.497397e+00	1.568318e+00	1.743077e+00	1.781311e+00	-4.619346e-01	
15  8.93586	-1.004657e+00	1.077527e-04	4.611757e-02	6.680943e-01	9.660584e-01	8.095837e-01	3.123346e+00	4.848523e-02	3.142458e-01	1.103160e+00	1.223957e+00	1.277015e+00	1.321131e+00	1.363085e+00	1.403886e+00	1.448083e+00	1.499835e+00	1.570524e+00	1.745945e+00	1.767120e+00	-4.508644e-01	
2  9.22317	-1.012673e+00	1.204033e-02	4.633198e-02	6.643381e-01	9.723004e-01	8.103715e-01	3.233071e+00	3.617398e-02	3.133021e-01	1.103521e+00	1.226065e+00	1.278211e+00	1.322420e+00	1.365787e+00	1.406092e+00	1.451650e+00	1.502157e+00	1.574174e+00	1.748299e+00	1.779442e+00	-4.454209e-01	
5  8.76582	-1.023706e+00	3.764926e-02	4.374329e-02	6.777689e-01	9.698272e-01	8.110553e-01	3.750275e+00	5.496973e-02	3.122137e-01	1.102624e+00	1.225146e+00	1.276856e+00	1.321934e+00	1.363957e+00	1.405540e+00	1.449189e+00	1.501578e+00	1.572951e+00	1.746932e+00	1.881477e+00	-5.021995e-01	
6  7.67352	-1.021654e+00	3.977554e-02	4.424095e-02	6.692185e-01	9.697173e-01	8.121423e-01	3.479230e+00	3.980502e-02	3.120064e-01	1.102097e+00	1.223824e+00	1.275341e+00	1.321444e+00	1.362000e+00	1.404877e+00	1.446296e+00	1.501633e+00	1.570573e+00	1.746121e+00	1.856353e+00	-4.892238e-01	
4  8.29115	-1.013419e+00	1.394403e-02	4.322432e-02	6.628133e-01	9.694451e-01	8.106158e-01	3.402331e+00	5.982835e-02	3.130845e-01	1.101699e+00	1.221731e+00	1.275387e+00	1.320285e+00	1.361462e+00	1.404228e+00	1.445864e+00	1.500924e+00	1.568549e+00	1.745086e+00	1.817276e+00	-4.726153e-01	
4  9.80099	-1.018675e+00	3.016750e-02	4.325576e-02	6.507211e-01	9.737699e-01	8.106738e-01	3.146917e+00	6.499854e-02	3.127452e-01	1.100873e+00	1.221736e+00	1.275377e+00	1.318857e+00	1.361466e+00	1.403059e+00	1.447196e+00	1.499479e+00	1.568413e+00	1.743318e+00	1.868187e+00	-4.986694e-01	
6  9.64421	-1.012232e+00	1.885208e-03	4.609583e-02	6.442364e-01	9.790945e-01	8.113668e-01	2.829477e+00	3.677969e-02	3.122779e-01	1.101185e+00	1.222355e+00	1.276267e+00	1.320692e+00	1.363701e+00	1.404062e+00	1.450127e+00	1.501951e+00	1.570925e+00	1.746274e+00	1.825629e+00	-4.712251e-01	
9  10.1496	-1.003435e+00	-1.272208e-02	4.527111e-02	6.582071e-01	9.749158e-01	8.119502e-01	3.214878e+00	3.393868e-02	3.123400e-01	1.099423e+00	1.219000e+00	1.272547e+00	1.318647e+00	1.360299e+00	1.401626e+00	1.446892e+00	1.498522e+00	1.568454e+00	1.743677e+00	1.837049e+00	-4.751729e-01	
15  9.69263	-1.009519e+00	-1.784844e-02	4.242874e-02	6.541942e-01	9.751662e-01	8.117783e-01	3.419879e+00	5.644618e-02	3.120280e-01	1.099494e+00	1.219185e+00	1.273805e+00	1.318796e+00	1.360578e+00	1.401789e+00	1.447599e+00	1.499593e+00	1.568977e+00	1.744916e+00	1.760835e+00	-4.332451e-01	
3  8.70816	-1.019558e+00	4.130830e-02	4.403008e-02	6.635579e-01	9.722098e-01	8.130614e-01	3.376127e+00	3.893005e-02	3.110308e-01	1.098699e+00	1.219139e+00	1.272779e+00	1.318144e+00	1.359455e+00	1.399893e+00	1.446058e+00	1.497171e+00	1.566752e+00	1.742332e+00	1.816847e+00	-4.626755e-01	
2  7.2498	-1.007443e+00	-9.806614e-03	4.382505e-02	6.577933e-01	9.728867e-01	8.103202e-01	3.315920e+00	5.709007e-02	3.132203e-01	1.100874e+00	1.221313e+00	1.275229e+00	1.321774e+00	1.361603e+00	1.403112e+00	1.447416e+00	1.500970e+00	1.569784e+00	1.747317e+00	1.829106e+00	-4.748316e-01	
13  6.36964	-9.834715e-01	-1.136555e-01	4.374451e-02	6.434210e-01	9.783956e-01	8.086066e-01	3.257098e+00	5.653411e-02	3.152541e-01	1.101904e+00	1.222899e+00	1.277229e+00	1.324010e+00	1.364886e+00	1.407026e+00	1.451426e+00	1.505608e+00	1.575278e+00	1.754801e+00	1.760641e+00	-4.338979e-01	
11  5.72191	-9.625431e-01	-1.886283e-01	4.496898e-02	6.513218e-01	9.777081e-01	8.073431e-01	3.408298e+00	5.299586e-02	3.169418e-01	1.102174e+00	1.223745e+00	1.277306e+00	1.324373e+00	1.364956e+00	1.409388e+00	1.452096e+00	1.507199e+00	1.577265e+00	1.757701e+00	1.780665e+00	-4.491237e-01	
16  4.78432	-9.727337e-01	-1.042814e-01	4.705513e-02	6.601019e-01	9.695149e-01	8.095072e-01	3.119693e+00	4.176375e-02	3.159215e-01	1.100263e+00	1.220055e+00	1.272961e+00	1.318636e+00	1.358966e+00	1.404218e+00	1.444469e+00	1.500901e+00	1.568938e+00	1.748755e+00	1.741260e+00	-4.205385e-01	
1  4.18789	-9.699672e-01	-1.296846e-01	4.760543e-02	6.216884e-01	9.820820e-01	8.074386e-01	2.463711e+00	4.184296e-02	3.171681e-01	1.102894e+00	1.222994e+00	1.277950e+00	1.322295e+00	1.365042e+00	1.407872e+00	1.452206e+00	1.506177e+00	1.575210e+00	1.755956e+00	1.736621e+00	-4.290705e-01	
9  6.18946	-9.817902e-01	-1.119929e-01	4.815057e-02	6.284174e-01	9.842012e-01	8.070552e-01	2.544665e+00	5.427986e-02	3.163758e-01	1.103689e+00	1.224513e+00	1.279963e+00	1.324682e+00	1.366681e+00	1.408981e+00	1.455395e+00	1.507022e+00	1.578586e+00	1.759496e+00	1.752009e+00	-4.278769e-01	
5  5.99647	-9.785902e-01	-1.261461e-01	4.880432e-02	6.434941e-01	9.784414e-01	8.068159e-01	2.672289e+00	5.148231e-02	3.164666e-01	1.104261e+00	1.225310e+00	1.280262e+00	1.325411e+00	1.367103e+00	1.409268e+00	1.454794e+00	1.508447e+00	1.578985e+00	1.759336e+00	1.801526e+00	-4.532370e-01	
8  5.02784	-9.859272e-01	-6.866076e-02	4.918097e-02	6.625778e-01	9.682500e-01	8.090656e-01	2.764840e+00	4.875786e-02	3.151535e-01	1.101293e+00	1.221863e+00	1.274979e+00	1.320711e+00	1.360457e+00	1.403905e+00	1.448025e+00	1.501790e+00	1.571125e+00	1.750041e+00	1.756151e+00	-4.220277e-01	
8  7.98664	-9.764484e-01	-9.619143e-02	5.136033e-02	6.652141e-01	9.686447e-01	8.095463e-01	2.664711e+00	2.808886e-02	3.153171e-01	1.101626e+00	1.222110e+00	1.274200e+00	1.321152e+00	1.359755e+00	1.405501e+00	1.447454e+00	1.504329e+00	1.571809e+00	1.753097e+00	1.767931e+00	-4.280927e-01	
18  8.65682	-9.759164e-01	-1.243866e-01	5.052646e-02	6.567266e-01	9.714765e-01	8.079821e-01	2.605971e+00	4.988032e-02	3.159359e-01	1.102401e+00	1.224171e+00	1.276289e+00	1.323772e+00	1.363050e+00	1.407490e+00	1.450312e+00	1.506663e+00	1.574849e+00	1.756652e+00	1.762860e+00	-4.217320e-01	
11  6.45617	-9.827487e-01	-9.790539e-02	5.101280e-02	6.640204e-01	9.699905e-01	8.094602e-01	2.648897e+00	4.270796e-02	3.147273e-01	1.101619e+00	1.223022e+00	1.274994e+00	1.322295e+00	1.362092e+00	1.406422e+00	1.449985e+00	1.503809e+00	1.572650e+00	1.753645e+00	1.738384e+00	-4.040616e-01	
3  7.02228	-9.823909e-01	-1.029254e-01	4.938268e-02	6.477194e-01	9.741135e-01	8.082989e-01	2.576821e+00	4.694768e-02	3.154114e-01	1.102910e+00	1.224908e+00	1.276829e+00	1.323921e+00	1.363580e+00	1.408765e+00	1.450416e+00	1.507035e+00	1.574675e+00	1.756439e+00	1.653088e+00	-3.587312e-01	
4  6.97252	-9.834249e-01	-8.513665e-02	4.951460e-02	6.677922e-01	9.691375e-01	8.086019e-01	2.934131e+00	4.797378e-02	3.152562e-01	1.102248e+00	1.224437e+00	1.275584e+00	1.322116e+00	1.362659e+00	1.405956e+00	1.448715e+00	1.505026e+00	1.572085e+00	1.753764e+00	1.745553e+00	-4.127729e-01	
2  5.80596	-9.849004e-01	-7.899330e-02	4.994004e-02	6.688486e-01	9.704058e-01	8.086339e-01	2.932023e+00	4.990327e-02	3.150757e-01	1.101327e+00	1.223377e+00	1.274596e+00	1.322346e+00	1.361461e+00	1.404792e+00	1.448008e+00	1.503498e+00	1.571608e+00	1.752492e+00	1.614451e+00	-3.386883e-01	
7  6.08513	-9.868019e-01	-5.568296e-02	4.977026e-02	6.801577e-01	9.653572e-01	8.090111e-01	3.089648e+00	4.029078e-02	3.150827e-01	1.102072e+00	1.223069e+00	1.274247e+00	1.321044e+00	1.361966e+00	1.403843e+00	1.446941e+00	1.502011e+00	1.569792e+00	1.750460e+00	1.685298e+00	-3.800082e-01	
28  7.07903	-9.855611e-01	-7.433419e-02	4.982800e-02	6.746424e-01	9.686835e-01	8.082019e-01	3.070884e+00	5.427075e-02	3.156145e-01	1.102617e+00	1.224138e+00	1.274455e+00	1.321803e+00	1.363312e+00	1.405193e+00	1.447072e+00	1.503398e+00	1.570262e+00	1.752019e+00	1.675604e+00	-3.713063e-01	
9  8.24387	-9.756612e-01	-1.150898e-01	5.141579e-02	6.768932e-01	9.705307e-01	8.083424e-01	2.989047e+00	3.660865e-02	3.157771e-01	1.102753e+00	1.225912e+00	1.275911e+00	1.322570e+00	1.364682e+00	1.405779e+00	1.450829e+00	1.506050e+00	1.572515e+00	1.755306e+00	1.728572e+00	-4.152373e-01	
10  6.49137	-1.002484e+00	-1.323084e-02	4.957750e-02	6.816384e-01	9.673729e-01	8.111386e-01	3.166994e+00	3.969342e-02	3.131778e-01	1.100803e+00	1.223257e+00	1.273524e+00	1.319684e+00	1.361564e+00	1.402371e+00	1.446389e+00	1.502573e+00	1.567180e+00	1.748838e+00	1.815190e+00	-4.650714e-01	
2  6.32982	-9.865262e-01	-7.085029e-02	4.948016e-02	6.786902e-01	9.675006e-01	8.096418e-01	3.206578e+00	4.349865e-02	3.146190e-01	1.101098e+00	1.223259e+00	1.274933e+00	1.321195e+00	1.362624e+00	1.403277e+00	1.447863e+00	1.503838e+00	1.569394e+00	1.751820e+00	1.776635e+00	-4.376949e-01	
12  7.96007	-9.777344e-01	-7.506646e-02	5.036292e-02	6.874984e-01	9.654491e-01	8.106496e-01	3.337452e+00	2.354763e-02	3.146510e-01	1.099762e+00	1.222054e+00	1.272222e+00	1.319326e+00	1.359926e+00	1.401497e+00	1.445777e+00	1.500610e+00	1.566954e+00	1.749114e+00	1.753766e+00	-4.177508e-01	
3  10.3623	-1.015212e+00	3.330741e-02	4.700375e-02	7.143274e-01	9.577671e-01	8.116721e-01	4.032265e+00	6.250297e-02	3.125670e-01	1.099422e+00	1.222330e+00	1.272858e+00	1.318490e+00	1.359044e+00	1.399713e+00	1.442802e+00	1.498197e+00	1.564136e+00	1.744260e+00	1.702956e+00	-3.768333e-01	
8  10.9585	-1.008515e+00	2.658608e-03	4.762895e-02	6.870886e-01	9.663889e-01	8.101725e-01	3.642759e+00	6.992408e-02	3.138922e-01	1.100427e+00	1.224141e+00	1.273737e+00	1.320746e+00	1.361259e+00	1.402924e+00	1.446142e+00	1.501033e+00	1.566732e+00	1.748451e+00	1.617939e+00	-3.285301e-01	
5  10.704	-1.013769e+00	3.769332e-02	4.623495e-02	7.025988e-01	9.573101e-01	8.100079e-01	3.933299e+00	9.254048e-02	3.142004e-01	1.099915e+00	1.222420e+00	1.271665e+00	1.317691e+00	1.357443e+00	1.399487e+00	1.441778e+00	1.497228e+00	1.562470e+00	1.743094e+00	1.596455e+00	-3.224065e-01	
1  11.8321	-1.009005e+00	3.987561e-02	4.383900e-02	7.140765e-01	9.513193e-01	8.102884e-01	4.379926e+00	9.814359e-02	3.147385e-01	1.098879e+00	1.219685e+00	1.269437e+00	1.314656e+00	1.353833e+00	1.397016e+00	1.437182e+00	1.493316e+00	1.558677e+00	1.738643e+00	1.575504e+00	-3.165925e-01	
4  12.246	-9.804169e-01	-8.372578e-02	4.496752e-02	6.842564e-01	9.640809e-01	8.074603e-01	3.968929e+00	1.012660e-01	3.172427e-01	1.099985e+00	1.221839e+00	1.271186e+00	1.317546e+00	1.357413e+00	1.399992e+00	1.443778e+00	1.498874e+00	1.564439e+00	1.745981e+00	1.600053e+00	-3.328020e-01	
1  12.7358	-9.893159e-01	-5.053121e-02	4.598730e-02	6.890083e-01	9.631787e-01	8.072522e-01	3.957119e+00	1.067210e-01	3.170581e-01	1.100548e+00	1.222488e+00	1.272944e+00	1.318560e+00	1.357724e+00	1.401394e+00	1.443187e+00	1.499716e+00	1.564409e+00	1.745949e+00	1.539071e+00	-2.990455e-01	
2  12.3073	-9.774864e-01	-8.977153e-02	4.652532e-02	6.832515e-01	9.654221e-01	8.064128e-01	3.882844e+00	9.911710e-02	3.184335e-01	1.101514e+00	1.222988e+00	1.273204e+00	1.319398e+00	1.358233e+00	1.402140e+00	1.445002e+00	1.500755e+00	1.566411e+00	1.746606e+00	1.618250e+00	-3.450020e-01	
4  12.5393	-9.741705e-01	-9.405512e-02	4.801996e-02	6.851032e-01	9.655498e-01	8.069396e-01	3.732176e+00	8.940756e-02	3.181088e-01	1.100443e+00	1.222368e+00	1.271097e+00	1.318508e+00	1.356623e+00	1.400432e+00	1.444886e+00	1.499141e+00	1.565471e+00	1.744661e+00	1.645464e+00	-3.578782e-01	
14  12.5571	-9.835179e-01	-6.523137e-02	4.771397e-02	6.792906e-01	9.698006e-01	8.075471e-01	3.728182e+00	9.146946e-02	3.172409e-01	1.100335e+00	1.221335e+00	1.270489e+00	1.318287e+00	1.357861e+00	1.399693e+00	1.445139e+00	1.499300e+00	1.565105e+00	1.744489e+00	1.684859e+00	-3.744048e-01	
13  12.754	-9.622715e-01	-1.646131e-01	4.964868e-02	6.709131e-01	9.741379e-01	8.040250e-01	3.487539e+00	1.229830e-01	3.195720e-01	1.101855e+00	1.222910e+00	1.272867e+00	1.321166e+00	1.360430e+00	1.403803e+00	1.449316e+00	1.503257e+00	1.570971e+00	1.751550e+00	1.632286e+00	-3.528821e-01	
2  13.7498	-9.581504e-01	-1.511523e-01	4.898714e-02	6.876982e-01	9.677487e-01	8.065944e-01	3.788828e+00	8.870509e-02	3.182454e-01	1.099332e+00	1.219891e+00	1.269775e+00	1.317463e+00	1.356224e+00	1.398869e+00	1.445310e+00	1.498905e+00	1.565597e+00	1.748466e+00	1.620997e+00	-3.356460e-01	
11  13.7692	-9.846938e-01	-5.020298e-02	4.835967e-02	6.989925e-01	9.622468e-01	8.069839e-01	3.882368e+00	1.212493e-01	3.170784e-01	1.098915e+00	1.219328e+00	1.268941e+00	1.315190e+00	1.354429e+00	1.394910e+00	1.442595e+00	1.493883e+00	1.561567e+00	1.741989e+00	1.614438e+00	-3.337049e-01	
1  13.5519	-9.737828e-01	-8.787945e-02	5.009697e-02	7.077769e-01	9.584646e-01	8.063778e-01	3.797179e+00	1.157343e-01	3.178718e-01	1.099695e+00	1.220043e+00	1.269431e+00	1.315302e+00	1.354333e+00	1.397596e+00	1.443202e+00	1.494150e+00	1.562210e+00	1.743621e+00	1.595222e+00	-3.245979e-01	
1  12.9351	-9.694762e-01	-7.856723e-02	4.908651e-02	7.161307e-01	9.535449e-01	8.068646e-01	3.956672e+00	1.161342e-01	3.179220e-01	1.097840e+00	1.217342e+00	1.267142e+00	1.311026e+00	1.350707e+00	1.393227e+00	1.437807e+00	1.490805e+00	1.557109e+00	1.738509e+00	1.537133e+00	-2.874420e-01	
6  9.70287	-9.649172e-01	-6.757023e-02	5.069140e-02	7.120570e-01	9.516652e-01	8.075280e-01	3.596729e+00	9.680831e-02	3.178992e-01	1.097173e+00	1.215310e+00	1.266110e+00	1.308052e+00	1.348880e+00	1.391220e+00	1.434839e+00	1.487751e+00	1.554617e+00	1.735024e+00	1.487053e+00	-2.641917e-01	
11  10.6695	-9.785141e-01	-7.346194e-03	4.966022e-02	7.153027e-01	9.487751e-01	8.094028e-01	3.670450e+00	8.232476e-02	3.162437e-01	1.095994e+00	1.214462e+00	1.266000e+00	1.306920e+00	1.348213e+00	1.388406e+00	1.433385e+00	1.485510e+00	1.552213e+00	1.733448e+00	1.508103e+00	-2.712117e-01	
22  10.0292	-9.779582e-01	-1.789929e-03	4.658932e-02	7.047438e-01	9.533428e-01	8.101082e-01	3.948695e+00	6.029485e-02	3.160257e-01	1.095882e+00	1.214297e+00	1.266549e+00	1.307697e+00	1.348371e+00	1.390076e+00	1.434237e+00	1.486140e+00	1.553615e+00	1.734560e+00	1.474127e+00	-2.505597e-01	
3  11.5267	-9.606937e-01	-1.240024e-01	4.665224e-02	6.690975e-01	9.702949e-01	8.069567e-01	3.569787e+00	6.669017e-02	3.175582e-01	1.099081e+00	1.218748e+00	1.273727e+00	1.314260e+00	1.358106e+00	1.398352e+00	1.444212e+00	1.498166e+00	1.565816e+00	1.748059e+00	1.461244e+00	-2.408927e-01	
1  13.279	-9.689849e-01	-1.531832e-01	4.417725e-02	6.446964e-01	9.805016e-01	8.045677e-01	3.477297e+00	1.070974e-01	3.180715e-01	1.101328e+00	1.222212e+00	1.277452e+00	1.319737e+00	1.363143e+00	1.404318e+00	1.450630e+00	1.504306e+00	1.571838e+00	1.753705e+00	1.443446e+00	-2.275647e-01	
1  12.5951	-9.626322e-01	-1.870086e-01	4.494050e-02	6.400963e-01	9.812832e-01	8.041744e-01	3.298883e+00	9.210997e-02	3.186870e-01	1.103143e+00	1.223654e+00	1.280007e+00	1.321942e+00	1.366379e+00	1.408004e+00	1.452726e+00	1.508100e+00	1.575863e+00	1.759689e+00	1.570978e+00	-3.134686e-01	
1  15.281	-9.590372e-01	-1.749521e-01	4.635301e-02	6.484614e-01	9.789091e-01	8.050176e-01	3.338208e+00	7.355707e-02	3.185246e-01	1.102320e+00	1.222521e+00	1.278834e+00	1.320443e+00	1.364713e+00	1.405029e+00	1.451217e+00	1.505710e+00	1.574262e+00	1.756785e+00	1.552134e+00	-3.026797e-01	
4  17.2604	-9.798252e-01	-9.014758e-02	4.610168e-02	6.659030e-01	9.705883e-01	8.063428e-01	3.450867e+00	8.257653e-02	3.171663e-01	1.101573e+00	1.221646e+00	1.276667e+00	1.318431e+00	1.361300e+00	1.402085e+00	1.446966e+00	1.502556e+00	1.569633e+00	1.751858e+00	1.390995e+00	-2.081169e-01	
1  12.0891	-9.937465e-01	-3.630868e-02	4.469936e-02	6.763355e-01	9.648706e-01	8.077037e-01	3.628291e+00	8.396588e-02	3.160048e-01	1.100961e+00	1.221041e+00	1.275737e+00	1.316817e+00	1.360128e+00	1.400311e+00	1.444549e+00	1.500038e+00	1.566603e+00	1.747828e+00	1.470686e+00	-2.531428e-01	
1  12.5287	-1.008421e+00	5.666183e-02	4.557911e-02	6.835999e-01	9.580765e-01	8.111586e-01	3.416048e+00	5.679219e-02	3.134340e-01	1.097744e+00	1.216616e+00	1.271092e+00	1.312656e+00	1.354544e+00	1.394119e+00	1.438387e+00	1.492777e+00	1.559504e+00	1.739304e+00	1.563457e+00	-3.050025e-01	
1  11.1844	-1.011670e+00	4.149415e-02	4.731603e-02	6.845414e-01	9.603084e-01	8.091175e-01	3.260740e+00	9.091302e-02	3.142043e-01	1.099173e+00	1.218233e+00	1.274275e+00	1.314613e+00	1.356821e+00	1.396842e+00	1.441133e+00	1.494853e+00	1.562510e+00	1.741362e+00	1.536831e+00	-2.915892e-01	
2  7.12542	-1.010950e+00	6.395879e-02	4.748552e-02	6.881551e-01	9.576571e-01	8.105285e-01	3.247048e+00	6.902900e-02	3.136784e-01	1.098031e+00	1.217029e+00	1.271601e+00	1.312715e+00	1.354286e+00	1.394155e+00	1.439419e+00	1.492074e+00	1.559757e+00	1.738136e+00	1.567104e+00	-3.127761e-01	
5  9.52983	-1.016344e+00	5.615953e-02	4.645595e-02	6.854654e-01	9.604945e-01	8.100919e-01	3.374213e+00	8.833052e-02	3.133423e-01	1.098004e+00	1.217819e+00	1.272849e+00	1.314193e+00	1.355055e+00	1.396368e+00	1.440494e+00	1.494680e+00	1.562394e+00	1.740030e+00	1.652040e+00	-3.589444e-01	
9  7.87597	-1.009909e+00	4.035962e-02	4.728363e-02	6.755205e-01	9.626147e-01	8.117158e-01	3.118587e+00	5.707648e-02	3.128075e-01	1.097033e+00	1.217357e+00	1.271505e+00	1.314076e+00	1.353881e+00	1.397062e+00	1.440761e+00	1.494655e+00	1.562488e+00	1.741808e+00	1.700774e+00	-3.878451e-01	
18  6.06738	-9.897455e-01	-3.636745e-02	4.824758e-02	6.570496e-01	9.683693e-01	8.091578e-01	2.771654e+00	5.669800e-02	3.154279e-01	1.099250e+00	1.219609e+00	1.273758e+00	1.316497e+00	1.357018e+00	1.400519e+00	1.445007e+00	1.498004e+00	1.566603e+00	1.746076e+00	1.701987e+00	-3.879470e-01	
1  6.03429	-9.996701e-01	1.813511e-04	4.988326e-02	6.609630e-01	9.665719e-01	8.094068e-01	2.568574e+00	6.321926e-02	3.150221e-01	1.099681e+00	1.219867e+00	1.273315e+00	1.315608e+00	1.356922e+00	1.399959e+00	1.444126e+00	1.497308e+00	1.565902e+00	1.743790e+00	1.754161e+00	-4.269058e-01	
8  7.82873	-9.843118e-01	-8.870210e-02	4.768374e-02	6.403240e-01	9.754820e-01	8.053488e-01	2.598820e+00	1.049749e-01	3.174683e-01	1.100999e+00	1.221896e+00	1.277037e+00	1.319525e+00	1.361372e+00	1.404643e+00	1.449195e+00	1.501476e+00	1.571732e+00	1.748771e+00	1.695091e+00	-4.016791e-01	
1  7.96975	-9.919827e-01	-7.777178e-02	4.700051e-02	6.430370e-01	9.754905e-01	8.049953e-01	2.721382e+00	1.249072e-01	3.172671e-01	1.101581e+00	1.222792e+00	1.277850e+00	1.319854e+00	1.362546e+00	1.404656e+00	1.450257e+00	1.502324e+00	1.572328e+00	1.749310e+00	1.681177e+00	-3.827963e-01	
12  9.35329	-9.971830e-01	-9.828559e-02	4.508481e-02	6.302485e-01	9.825430e-01	8.028500e-01	2.826694e+00	1.490149e-01	3.180840e-01	1.104336e+00	1.225832e+00	1.281950e+00	1.325166e+00	1.368334e+00	1.410709e+00	1.454923e+00	1.508144e+00	1.578041e+00	1.754928e+00	1.596784e+00	-3.292571e-01	
1  8.67785	-1.007615e+00	-7.269417e-02	4.515696e-02	6.346966e-01	9.822053e-01	8.046348e-01	2.827411e+00	1.305465e-01	3.159903e-01	1.104475e+00	1.226972e+00	1.282169e+00	1.325914e+00	1.369034e+00	1.411233e+00	1.456135e+00	1.509965e+00	1.578233e+00	1.756587e+00	1.612336e+00	-3.359623e-01	
3  10.1236	-1.011296e+00	-6.730588e-02	4.615700e-02	6.362315e-01	9.849805e-01	8.042285e-01	2.780982e+00	1.297775e-01	3.159244e-01	1.105165e+00	1.228150e+00	1.284170e+00	1.327843e+00	1.370187e+00	1.412368e+00	1.458795e+00	1.511054e+00	1.580043e+00	1.757516e+00	1.638614e+00	-3.617385e-01	
1  9.78002	-1.044411e+00	9.904958e-02	4.398103e-02	6.485059e-01	9.732033e-01	8.089646e-01	2.975608e+00	1.115192e-01	3.128442e-01	1.102413e+00	1.223343e+00	1.278870e+00	1.321444e+00	1.363661e+00	1.405451e+00	1.449450e+00	1.502452e+00	1.569117e+00	1.745613e+00	1.599962e+00	-3.263890e-01	
5  10.9814	-1.033935e+00	5.554048e-02	4.406566e-02	6.501851e-01	9.759562e-01	8.081555e-01	3.170651e+00	1.047591e-01	3.134870e-01	1.103409e+00	1.225256e+00	1.279964e+00	1.324318e+00	1.365437e+00	1.409023e+00	1.451190e+00	1.506403e+00	1.572163e+00	1.750168e+00	1.577773e+00	-3.185005e-01	
2  10.499	-1.023325e+00	4.579127e-03	4.448980e-02	6.414961e-01	9.779169e-01	8.057129e-01	3.012212e+00	1.317639e-01	3.155196e-01	1.104586e+00	1.226151e+00	1.279661e+00	1.325481e+00	1.365714e+00	1.410799e+00	1.451528e+00	1.508318e+00	1.575349e+00	1.753048e+00	1.646593e+00	-3.633907e-01	
3  13.3567	-1.012976e+00	-2.338411e-02	4.550759e-02	6.491572e-01	9.750141e-01	8.041585e-01	3.023384e+00	1.352035e-01	3.171433e-01	1.105786e+00	1.226153e+00	1.280411e+00	1.326136e+00	1.365711e+00	1.411207e+00	1.450612e+00	1.509356e+00	1.575775e+00	1.753385e+00	1.601485e+00	-3.297015e-01	
13  9.30029	-9.897853e-01	-1.241149e-01	4.762725e-02	6.354764e-01	9.828750e-01	8.020776e-01	2.735197e+00	1.169957e-01	3.189286e-01	1.108250e+00	1.229867e+00	1.284619e+00	1.330003e+00	1.371058e+00	1.416564e+00	1.458193e+00	1.515036e+00	1.583484e+00	1.761668e+00	1.611083e+00	-3.480397e-01	
3  8.80357	-9.882283e-01	-1.537124e-01	4.785175e-02	6.092634e-01	9.948295e-01	8.019156e-01	2.415283e+00	1.185246e-01	3.186905e-01	1.107688e+00	1.230111e+00	1.285059e+00	1.331207e+00	1.372212e+00	1.417557e+00	1.461819e+00	1.516816e+00	1.586604e+00	1.764132e+00	1.645248e+00	-3.755333e-01	
3  8.36435	-1.008089e+00	-7.133587e-02	4.622004e-02	6.281889e-01	9.877500e-01	8.042509e-01	2.798433e+00	1.130608e-01	3.166468e-01	1.106152e+00	1.228280e+00	1.283569e+00	1.328746e+00	1.370177e+00	1.415320e+00	1.457452e+00	1.512258e+00	1.581647e+00	1.757950e+00	1.621488e+00	-3.490910e-01	
2  6.61659	-1.008245e+00	-6.541675e-02	4.698527e-02	6.284016e-01	9.868596e-01	8.034336e-01	2.685963e+00	1.243288e-01	3.173063e-01	1.106543e+00	1.229150e+00	1.283882e+00	1.329583e+00	1.369510e+00	1.414419e+00	1.457068e+00	1.512834e+00	1.581065e+00	1.757806e+00	1.629950e+00	-3.498308e-01	
3  7.86647	-1.031942e+00	3.381513e-02	4.611593e-02	6.560759e-01	9.787558e-01	8.057324e-01	3.221427e+00	1.112293e-01	3.153779e-01	1.106714e+00	1.229896e+00	1.283281e+00	1.328913e+00	1.369091e+00	1.411555e+00	1.456429e+00	1.510106e+00	1.578772e+00	1.755100e+00	1.635071e+00	-3.495167e-01	
3  8.06029	-1.050424e+00	9.104327e-02	4.703841e-02	6.489532e-01	9.807879e-01	8.080614e-01	2.914302e+00	9.227927e-02	3.132583e-01	1.106708e+00	1.230327e+00	1.284547e+00	1.329612e+00	1.370809e+00	1.410663e+00	1.458865e+00	1.509775e+00	1.579027e+00	1.755759e+00	1.670958e+00	-3.679348e-01	
27  7.22178	-1.057223e+00	1.299364e-01	4.637162e-02	6.549262e-01	9.763179e-01	8.103218e-01	3.004331e+00	7.387841e-02	3.122089e-01	1.105517e+00	1.228783e+00	1.282282e+00	1.327204e+00	1.368015e+00	1.408626e+00	1.456086e+00	1.506347e+00	1.575951e+00	1.752236e+00	1.682168e+00	-3.762217e-01	
3  6.84474	-1.041981e+00	1.162832e-01	4.794984e-02	6.656847e-01	9.706053e-01	8.120223e-01	2.963700e+00	4.133032e-02	3.120317e-01	1.103258e+00	1.225716e+00	1.277621e+00	1.322168e+00	1.364106e+00	1.403903e+00	1.450460e+00	1.500753e+00	1.570548e+00	1.747268e+00	1.725055e+00	-4.023201e-01	
2  6.18216	-1.022391e+00	-9.057546e-03	4.599232e-02	6.363740e-01	9.824011e-01	8.075196e-01	2.834002e+00	8.471888e-02	3.146281e-01	1.105189e+00	1.227883e+00	1.282238e+00	1.326984e+00	1.369469e+00	1.409255e+00	1.458186e+00	1.509197e+00	1.578182e+00	1.756650e+00	1.652859e+00	-3.623349e-01	
1  5.81709	-1.028990e+00	5.241340e-02	4.683203e-02	6.645322e-01	9.711369e-01	8.083143e-01	3.114658e+00	8.647921e-02	3.145311e-01	1.103699e+00	1.226581e+00	1.279558e+00	1.323568e+00	1.365910e+00	1.406122e+00	1.452115e+00	1.504021e+00	1.573086e+00	1.750791e+00	1.685592e+00	-3.914556e-01	
2  5.74418	-1.028377e+00	4.388683e-02	4.648373e-02	6.618531e-01	9.738347e-01	8.078886e-01	3.175687e+00	8.167332e-02	3.145570e-01	1.104636e+00	1.228000e+00	1.281187e+00	1.325397e+00	1.368225e+00	1.408527e+00	1.454313e+00	1.506455e+00	1.575442e+00	1.752877e+00	1.691783e+00	-3.950779e-01	
8  5.58364	-1.015535e+00	-2.099534e-02	4.864794e-02	6.586262e-01	9.747764e-01	8.055941e-01	2.895283e+00	1.165912e-01	3.159308e-01	1.104659e+00	1.227611e+00	1.281041e+00	1.325425e+00	1.368937e+00	1.408747e+00	1.455907e+00	1.507643e+00	1.576694e+00	1.755478e+00	1.743354e+00	-4.275612e-01	
11  4.60412	-1.011613e+00	1.980381e-02	4.827171e-02	6.668381e-01	9.673062e-01	8.063657e-01	2.956564e+00	1.167518e-01	3.162538e-01	1.102049e+00	1.223086e+00	1.275434e+00	1.319526e+00	1.361198e+00	1.402815e+00	1.448208e+00	1.499698e+00	1.568092e+00	1.746025e+00	1.748897e+00	-4.385378e-01	
1  5.53485	-1.021740e+00	8.416712e-02	4.595198e-02	6.780608e-01	9.626677e-01	8.086591e-01	3.400976e+00	9.475414e-02	3.150082e-01	1.100637e+00	1.221686e+00	1.273761e+00	1.316762e+00	1.359140e+00	1.397933e+00	1.445848e+00	1.494529e+00	1.563898e+00	1.741426e+00	1.754766e+00	-4.347610e-01	
5  5.76851	-1.025556e+00	7.191086e-02	4.640968e-02	6.766774e-01	9.633316e-01	8.073735e-01	3.292518e+00	1.351370e-01	3.153764e-01	1.100604e+00	1.221578e+00	1.273360e+00	1.317138e+00	1.358953e+00	1.398830e+00	1.444980e+00	1.495215e+00	1.564398e+00	1.740360e+00	1.771326e+00	-4.484682e-01	
1  5.51247	-1.036711e+00	1.264096e-01	4.738517e-02	6.696608e-01	9.622430e-01	8.092357e-01	2.962665e+00	1.210814e-01	3.143566e-01	1.099396e+00	1.220300e+00	1.272545e+00	1.314896e+00	1.356994e+00	1.397291e+00	1.441498e+00	1.492051e+00	1.560822e+00	1.736918e+00	1.735878e+00	-4.244126e-01	
10  5.4817	-1.037814e+00	1.075673e-01	4.767458e-02	6.581182e-01	9.691170e-01	8.096424e-01	2.767080e+00	1.121210e-01	3.131326e-01	1.099472e+00	1.221215e+00	1.273982e+00	1.316368e+00	1.360237e+00	1.398515e+00	1.445171e+00	1.495202e+00	1.563943e+00	1.740492e+00	1.744866e+00	-4.327938e-01	
4  5.62779	-1.045118e+00	1.588763e-01	4.690106e-02	6.783405e-01	9.639189e-01	8.115188e-01	3.221059e+00	1.058866e-01	3.119510e-01	1.097646e+00	1.217689e+00	1.270048e+00	1.313113e+00	1.355727e+00	1.395368e+00	1.439280e+00	1.491610e+00	1.558142e+00	1.734152e+00	1.714458e+00	-4.157689e-01	
8  7.16306	-1.051046e+00	1.498586e-01	4.728995e-02	6.645545e-01	9.731225e-01	8.119213e-01	3.069075e+00	8.813697e-02	3.108678e-01	1.098963e+00	1.220371e+00	1.273508e+00	1.316740e+00	1.360794e+00	1.399042e+00	1.444461e+00	1.496895e+00	1.562702e+00	1.740580e+00	1.762355e+00	-4.355269e-01	
3  6.17623	-1.019994e+00	2.687424e-02	4.930519e-02	6.502437e-01	9.787688e-01	8.077914e-01	2.715579e+00	1.044182e-01	3.143664e-01	1.101322e+00	1.222930e+00	1.275524e+00	1.320074e+00	1.363751e+00	1.404549e+00	1.448984e+00	1.502108e+00	1.568362e+00	1.745958e+00	1.692484e+00	-4.044345e-01	
1  7.93363	-1.017990e+00	-5.227807e-03	5.033156e-02	6.480926e-01	9.832418e-01	8.080196e-01	2.640892e+00	8.789295e-02	3.139869e-01	1.102170e+00	1.224618e+00	1.278729e+00	1.322351e+00	1.367095e+00	1.407518e+00	1.453842e+00	1.506770e+00	1.573244e+00	1.752097e+00	1.733723e+00	-4.285912e-01	
1  8.84879	-1.035626e+00	9.535216e-02	4.923506e-02	6.830353e-01	9.684618e-01	8.100015e-01	3.201472e+00	8.394935e-02	3.127797e-01	1.101231e+00	1.223045e+00	1.276206e+00	1.318392e+00	1.362605e+00	1.403226e+00	1.446333e+00	1.499944e+00	1.567071e+00	1.745008e+00	1.580110e+00	-3.426485e-01	
1  11.0562	-1.040679e+00	1.211900e-01	4.937160e-02	6.955763e-01	9.632026e-01	8.097703e-01	3.343213e+00	9.508310e-02	3.129516e-01	1.101645e+00	1.224033e+00	1.276410e+00	1.317273e+00	1.362209e+00	1.401644e+00	1.444938e+00	1.498453e+00	1.564874e+00	1.742387e+00	1.530019e+00	-3.135147e-01	
1  11.0882	-1.053877e+00	1.458138e-01	4.911543e-02	6.981393e-01	9.659783e-01	8.104235e-01	3.501574e+00	1.001012e-01	3.117513e-01	1.102101e+00	1.225530e+00	1.277111e+00	1.320695e+00	1.363210e+00	1.404417e+00	1.446756e+00	1.500614e+00	1.567317e+00	1.744428e+00	1.467287e+00	-2.565914e-01	
1  7.20691	-1.025595e+00	3.548998e-02	4.919342e-02	6.740302e-01	9.743241e-01	8.082489e-01	3.243121e+00	9.398746e-02	3.142275e-01	1.103570e+00	1.226526e+00	1.278989e+00	1.322805e+00	1.365669e+00	1.407537e+00	1.451443e+00	1.504629e+00	1.571499e+00	1.750319e+00	1.551852e+00	-3.176610e-01	
7  7.32827	-1.032981e+00	7.309881e-02	4.845731e-02	6.728990e-01	9.721503e-01	8.100404e-01	3.143731e+00	7.774999e-02	3.127246e-01	1.102402e+00	1.224396e+00	1.278010e+00	1.320785e+00	1.363569e+00	1.405230e+00	1.449153e+00	1.502682e+00	1.569836e+00	1.747838e+00	1.562216e+00	-3.240972e-01	
13  6.87507	-1.020828e+00	7.407126e-02	4.967453e-02	7.071091e-01	9.575730e-01	8.105344e-01	3.443116e+00	7.865176e-02	3.131250e-01	1.099755e+00	1.219232e+00	1.272802e+00	1.316021e+00	1.356095e+00	1.399148e+00	1.440688e+00	1.496599e+00	1.562956e+00	1.740178e+00	1.602740e+00	-3.467148e-01	
5  3.73651	-9.891053e-01	-1.246212e-02	5.272503e-02	6.867112e-01	9.610459e-01	8.104686e-01	2.852136e+00	3.771250e-02	3.149208e-01	1.099617e+00	1.218463e+00	1.271684e+00	1.315573e+00	1.356031e+00	1.398199e+00	1.441979e+00	1.496361e+00	1.564121e+00	1.742595e+00	1.582785e+00	-3.346393e-01	
10  2.8747	-1.005798e+00	1.984181e-02	5.106387e-02	6.831282e-01	9.632187e-01	8.103257e-01	2.949201e+00	6.366178e-02	3.140265e-01	1.099680e+00	1.219431e+00	1.272632e+00	1.317152e+00	1.356909e+00	1.399441e+00	1.443047e+00	1.496868e+00	1.565093e+00	1.743756e+00	1.678628e+00	-3.918242e-01	
2  3.4423	-9.897055e-01	-3.026449e-02	4.806189e-02	6.718927e-01	9.641079e-01	8.084953e-01	3.103551e+00	8.562815e-02	3.160393e-01	1.099073e+00	1.217724e+00	1.271101e+00	1.315267e+00	1.354571e+00	1.397508e+00	1.440885e+00	1.494707e+00	1.563256e+00	1.741935e+00	1.649418e+00	-3.757414e-01	
8  3.67787	-1.005864e+00	1.878301e-02	4.763342e-02	6.638680e-01	9.670256e-01	8.095738e-01	2.937667e+00	7.382983e-02	3.144933e-01	1.099568e+00	1.218872e+00	1.271312e+00	1.317004e+00	1.355675e+00	1.398999e+00	1.443415e+00	1.495917e+00	1.563619e+00	1.742370e+00	1.712277e+00	-4.169834e-01	
3  3.79688	-1.004164e+00	3.157320e-02	4.664722e-02	6.607425e-01	9.643961e-01	8.087928e-01	2.939609e+00	9.415659e-02	3.154561e-01	1.098584e+00	1.217722e+00	1.269253e+00	1.314431e+00	1.353392e+00	1.395528e+00	1.441272e+00	1.492000e+00	1.560304e+00	1.738219e+00	1.684909e+00	-4.046264e-01	
6  4.4831	-9.956037e-01	-1.551014e-02	4.674041e-02	6.570494e-01	9.681720e-01	8.077068e-01	2.969431e+00	1.011888e-01	3.159858e-01	1.099170e+00	1.218908e+00	1.270343e+00	1.315949e+00	1.355668e+00	1.397258e+00	1.442080e+00	1.494519e+00	1.562913e+00	1.742590e+00	1.811530e+00	-4.807712e-01	
3  4.74747	-1.001020e+00	6.028414e-03	4.596309e-02	6.611834e-01	9.671844e-01	8.082672e-01	3.129806e+00	1.158964e-01	3.155835e-01	1.097639e+00	1.216664e+00	1.268120e+00	1.313418e+00	1.353719e+00	1.394693e+00	1.441026e+00	1.490383e+00	1.560450e+00	1.737565e+00	1.857346e+00	-5.027558e-01	
# After 178 accepted steps: update proposal with max(R-1) = 0.817772 and jumping factor = 2.400000 
8  5.97005	-1.009514e+00	7.743174e-03	4.778213e-02	6.513249e-01	9.728078e-01	8.082438e-01	2.786390e+00	1.101134e-01	3.150005e-01	1.099516e+00	1.220067e+00	1.271373e+00	1.317352e+00	1.357853e+00	1.400870e+00	1.445482e+00	1.495413e+00	1.566050e+00	1.742377e+00	1.879182e+00	-5.162059e-01	
1  8.43745	-1.003647e+00	1.704260e-02	5.212897e-02	6.683546e-01	9.647456e-01	8.089366e-01	2.518237e+00	9.917637e-02	3.153497e-01	1.098276e+00	1.218337e+00	1.268894e+00	1.314563e+00	1.353932e+00	1.397890e+00	1.441208e+00	1.491609e+00	1.561717e+00	1.738685e+00	1.983277e+00	-5.853223e-01	
6  7.57077	-9.983087e-01	-2.789221e-03	5.276257e-02	6.641159e-01	9.685160e-01	8.096814e-01	2.529820e+00	6.970110e-02	3.151790e-01	1.099180e+00	1.219697e+00	1.270101e+00	1.317117e+00	1.355073e+00	1.399711e+00	1.443761e+00	1.493959e+00	1.565276e+00	1.741929e+00	1.947883e+00	-5.633158e-01	
4  9.03646	-9.595851e-01	-1.619146e-01	5.075649e-02	6.241033e-01	9.852450e-01	8.065155e-01	2.375802e+00	7.004938e-02	3.181526e-01	1.099169e+00	1.220683e+00	1.272096e+00	1.318536e+00	1.358413e+00	1.403733e+00	1.448821e+00	1.499361e+00	1.571438e+00	1.749500e+00	1.935076e+00	-5.506439e-01	
28  7.76951	-9.718337e-01	-1.323839e-01	4.999817e-02	6.228248e-01	9.872286e-01	8.069740e-01	2.456473e+00	6.387810e-02	3.173831e-01	1.101047e+00	1.223587e+00	1.274431e+00	1.321310e+00	1.360372e+00	1.406899e+00	1.451117e+00	1.502173e+00	1.573681e+00	1.754167e+00	1.796705e+00	-4.560554e-01	
6  7.7062	-9.893774e-01	-8.029687e-02	4.906786e-02	6.432460e-01	9.801630e-01	8.095782e-01	2.775506e+00	4.593386e-02	3.151377e-01	1.101025e+00	1.224310e+00	1.274593e+00	1.321784e+00	1.362124e+00	1.407468e+00	1.450166e+00	1.503430e+00	1.572656e+00	1.754717e+00	1.792832e+00	-4.475382e-01	
2  8.79681	-9.823449e-01	-1.167760e-01	4.930140e-02	6.537695e-01	9.767997e-01	8.097261e-01	2.880957e+00	3.568795e-02	3.148777e-01	1.101754e+00	1.225394e+00	1.275208e+00	1.324437e+00	1.362735e+00	1.409552e+00	1.452058e+00	1.505191e+00	1.575947e+00	1.757457e+00	1.713456e+00	-4.098395e-01	
7  8.57991	-9.622447e-01	-1.756636e-01	5.081358e-02	6.510700e-01	9.772709e-01	8.082366e-01	2.742054e+00	3.994006e-02	3.165144e-01	1.101466e+00	1.224056e+00	1.274010e+00	1.323986e+00	1.361718e+00	1.408873e+00	1.451475e+00	1.505037e+00	1.576431e+00	1.757303e+00	1.817863e+00	-4.777661e-01	
14  5.54944	-9.519314e-01	-2.189241e-01	4.831672e-02	6.428468e-01	9.817008e-01	8.067778e-01	2.970020e+00	4.918617e-02	3.174821e-01	1.101902e+00	1.223980e+00	1.275470e+00	1.322596e+00	1.363714e+00	1.408903e+00	1.454154e+00	1.505909e+00	1.578505e+00	1.758484e+00	1.833928e+00	-4.827121e-01	
3  5.53949	-9.766369e-01	-1.231298e-01	5.009583e-02	6.752083e-01	9.690786e-01	8.093571e-01	3.092109e+00	4.379662e-02	3.154799e-01	1.101284e+00	1.223223e+00	1.275318e+00	1.320157e+00	1.361360e+00	1.407008e+00	1.451392e+00	1.502302e+00	1.573774e+00	1.752425e+00	1.755044e+00	-4.356569e-01	
10  4.43817	-9.994122e-01	-1.921935e-02	4.897646e-02	6.819161e-01	9.674905e-01	8.118205e-01	3.319152e+00	3.570538e-02	3.131631e-01	1.099775e+00	1.221402e+00	1.273482e+00	1.317371e+00	1.358705e+00	1.403997e+00	1.446953e+00	1.498466e+00	1.568951e+00	1.747289e+00	1.838124e+00	-4.792649e-01	
7  4.92679	-1.016052e+00	4.796870e-02	4.915225e-02	6.910180e-01	9.639519e-01	8.137781e-01	3.363036e+00	2.633437e-02	3.117971e-01	1.098552e+00	1.220060e+00	1.272088e+00	1.316548e+00	1.355911e+00	1.402061e+00	1.443649e+00	1.496429e+00	1.565922e+00	1.743671e+00	1.895221e+00	-5.149450e-01	
18  4.35043	-1.014724e+00	1.973603e-02	4.917318e-02	6.713185e-01	9.731567e-01	8.126460e-01	3.144457e+00	3.552422e-02	3.122376e-01	1.099926e+00	1.222530e+00	1.274310e+00	1.319279e+00	1.360215e+00	1.404530e+00	1.447895e+00	1.500177e+00	1.570341e+00	1.748194e+00	1.864224e+00	-4.926012e-01	
3  6.25468	-9.989870e-01	-4.601162e-02	4.688500e-02	6.599573e-01	9.776379e-01	8.098045e-01	3.354309e+00	4.161519e-02	3.141612e-01	1.102539e+00	1.226137e+00	1.278498e+00	1.322281e+00	1.365836e+00	1.407674e+00	1.453777e+00	1.505621e+00	1.576878e+00	1.754903e+00	1.892867e+00	-5.120810e-01	
9  4.57147	-9.916721e-01	-7.186209e-02	4.716340e-02	6.617933e-01	9.741258e-01	8.092879e-01	3.231550e+00	4.396711e-02	3.148170e-01	1.102428e+00	1.225030e+00	1.277951e+00	1.321782e+00	1.366102e+00	1.407765e+00	1.452355e+00	1.506252e+00	1.576722e+00	1.753630e+00	1.853340e+00	-4.890059e-01	
1  5.29558	-9.979397e-01	-5.082995e-02	4.660616e-02	6.564245e-01	9.748725e-01	8.104670e-01	3.151309e+00	3.365909e-02	3.138512e-01	1.102119e+00	1.224966e+00	1.277447e+00	1.321543e+00	1.366002e+00	1.407138e+00	1.453138e+00	1.506164e+00	1.576076e+00	1.753906e+00	1.938014e+00	-5.380175e-01	
6  7.57058	-9.842010e-01	-8.243512e-02	4.610482e-02	6.551391e-01	9.745756e-01	8.092692e-01	3.238366e+00	4.409907e-02	3.149061e-01	1.100971e+00	1.222618e+00	1.275167e+00	1.319488e+00	1.363004e+00	1.406188e+00	1.450700e+00	1.503184e+00	1.574566e+00	1.752102e+00	1.951062e+00	-5.351519e-01	
3  6.29747	-9.995910e-01	-4.190528e-02	4.618100e-02	6.579637e-01	9.725300e-01	8.082120e-01	3.172551e+00	7.451038e-02	3.152413e-01	1.101996e+00	1.223998e+00	1.276029e+00	1.320724e+00	1.364339e+00	1.406245e+00	1.450487e+00	1.503398e+00	1.574139e+00	1.750532e+00	1.966942e+00	-5.448219e-01	
13  5.78234	-9.967722e-01	-5.178120e-03	4.760676e-02	6.842117e-01	9.621146e-01	8.109732e-01	3.419085e+00	4.962449e-02	3.142126e-01	1.098788e+00	1.219658e+00	1.270440e+00	1.314351e+00	1.357902e+00	1.400178e+00	1.442246e+00	1.495861e+00	1.565703e+00	1.742788e+00	1.933566e+00	-5.253079e-01	
6  4.75885	-1.025383e+00	1.038299e-01	4.852721e-02	7.022375e-01	9.548746e-01	8.137457e-01	3.400506e+00	4.840805e-02	3.117163e-01	1.097427e+00	1.217902e+00	1.268268e+00	1.312104e+00	1.354927e+00	1.396442e+00	1.438165e+00	1.491346e+00	1.559265e+00	1.736058e+00	1.941718e+00	-5.230338e-01	
10  4.29188	-1.017325e+00	1.069322e-01	4.955563e-02	7.202415e-01	9.474387e-01	8.140243e-01	3.555907e+00	3.732832e-02	3.122225e-01	1.096178e+00	1.215839e+00	1.266511e+00	1.309795e+00	1.351574e+00	1.392733e+00	1.434284e+00	1.487397e+00	1.555238e+00	1.733173e+00	1.832591e+00	-4.646716e-01	
1  7.63036	-9.836391e-01	-5.063796e-02	5.030447e-02	6.813221e-01	9.635865e-01	8.104712e-01	3.078439e+00	4.243621e-02	3.150480e-01	1.098040e+00	1.218873e+00	1.270420e+00	1.314022e+00	1.357217e+00	1.399739e+00	1.441096e+00	1.496137e+00	1.563848e+00	1.743444e+00	1.886718e+00	-5.029635e-01	
2  7.04194	-1.000511e+00	-5.517881e-02	4.871036e-02	6.470858e-01	9.815082e-01	8.072689e-01	2.845501e+00	7.174133e-02	3.156754e-01	1.102530e+00	1.226079e+00	1.279755e+00	1.322508e+00	1.367043e+00	1.408199e+00	1.452547e+00	1.506769e+00	1.574589e+00	1.755326e+00	1.896253e+00	-5.166705e-01	
4  8.80657	-1.015745e+00	3.999368e-02	4.765260e-02	6.677821e-01	9.697459e-01	8.113176e-01	2.968552e+00	4.180997e-02	3.127975e-01	1.099544e+00	1.222132e+00	1.273736e+00	1.317622e+00	1.359915e+00	1.402788e+00	1.443427e+00	1.499612e+00	1.566663e+00	1.746392e+00	1.892461e+00	-5.075338e-01	
3  9.83438	-9.906863e-01	-5.000381e-02	4.728210e-02	6.355007e-01	9.831347e-01	8.081335e-01	2.735008e+00	5.566096e-02	3.155436e-01	1.099523e+00	1.222304e+00	1.274809e+00	1.318516e+00	1.361676e+00	1.404027e+00	1.447166e+00	1.501462e+00	1.570675e+00	1.750287e+00	1.894993e+00	-5.189859e-01	
23  6.10633	-1.002997e+00	-1.577314e-02	4.692816e-02	6.325821e-01	9.851908e-01	8.084738e-01	2.744086e+00	5.512836e-02	3.145871e-01	1.101040e+00	1.224210e+00	1.276615e+00	1.321025e+00	1.363855e+00	1.406477e+00	1.449481e+00	1.502815e+00	1.572778e+00	1.752137e+00	1.736278e+00	-4.176247e-01	
2  9.16817	-9.974021e-01	-5.213270e-02	4.417215e-02	6.112270e-01	9.886355e-01	8.062471e-01	2.655512e+00	7.890261e-02	3.162026e-01	1.102286e+00	1.225594e+00	1.277410e+00	1.324294e+00	1.364616e+00	1.409196e+00	1.451900e+00	1.504747e+00	1.576599e+00	1.754997e+00	1.789659e+00	-4.469522e-01	
6  7.27627	-1.003790e+00	1.454225e-02	4.687226e-02	6.488882e-01	9.752993e-01	8.102853e-01	2.896621e+00	4.465017e-02	3.141668e-01	1.099196e+00	1.221511e+00	1.272290e+00	1.318946e+00	1.358545e+00	1.402041e+00	1.445839e+00	1.497148e+00	1.569237e+00	1.747031e+00	1.798164e+00	-4.564768e-01	
16  8.09917	-9.943001e-01	-1.983765e-02	4.692714e-02	6.425731e-01	9.756395e-01	8.107935e-01	2.689815e+00	3.361782e-02	3.139783e-01	1.098552e+00	1.220564e+00	1.271181e+00	1.317822e+00	1.358811e+00	1.401667e+00	1.445106e+00	1.497110e+00	1.570012e+00	1.746736e+00	1.840200e+00	-4.783690e-01	
16  6.94093	-9.547108e-01	-1.622995e-01	4.797548e-02	6.403513e-01	9.792737e-01	8.068246e-01	2.802960e+00	4.586206e-02	3.176073e-01	1.099921e+00	1.221461e+00	1.272686e+00	1.319574e+00	1.359868e+00	1.403808e+00	1.448624e+00	1.500500e+00	1.573801e+00	1.752543e+00	1.851332e+00	-4.926182e-01	
7  6.83598	-9.676065e-01	-1.540396e-01	4.905618e-02	6.232232e-01	9.862409e-01	8.050278e-01	2.435740e+00	5.797468e-02	3.185063e-01	1.103997e+00	1.227068e+00	1.279060e+00	1.325139e+00	1.365511e+00	1.410331e+00	1.456206e+00	1.507673e+00	1.579525e+00	1.759607e+00	1.836206e+00	-4.924272e-01	
8  7.01637	-1.002677e+00	-1.392003e-02	4.743281e-02	6.431126e-01	9.776043e-01	8.084935e-01	2.710081e+00	5.444470e-02	3.151767e-01	1.102355e+00	1.225012e+00	1.276359e+00	1.322654e+00	1.362359e+00	1.405861e+00	1.451143e+00	1.501867e+00	1.573240e+00	1.750803e+00	1.898818e+00	-5.264513e-01	
4  8.73892	-1.022475e+00	7.419917e-02	4.676007e-02	6.730300e-01	9.703079e-01	8.111345e-01	3.338315e+00	4.458535e-02	3.129912e-01	1.100957e+00	1.223983e+00	1.273822e+00	1.321250e+00	1.358966e+00	1.404286e+00	1.446283e+00	1.498061e+00	1.568751e+00	1.745653e+00	1.923804e+00	-5.350277e-01	
3  12.0105	-1.028579e+00	1.108440e-01	4.877045e-02	6.825146e-01	9.632042e-01	8.098872e-01	3.156952e+00	6.205406e-02	3.142999e-01	1.102078e+00	1.224706e+00	1.274855e+00	1.322014e+00	1.358771e+00	1.403432e+00	1.444793e+00	1.496309e+00	1.565916e+00	1.743981e+00	1.888602e+00	-5.141489e-01	
4  12.1907	-1.019191e+00	7.231609e-02	4.914842e-02	6.755537e-01	9.688004e-01	8.082574e-01	3.179220e+00	6.757742e-02	3.155497e-01	1.103161e+00	1.226091e+00	1.276547e+00	1.323198e+00	1.360937e+00	1.404566e+00	1.448448e+00	1.498843e+00	1.568678e+00	1.746152e+00	1.962896e+00	-5.644155e-01	
5  9.92517	-1.026398e+00	1.087946e-01	5.021342e-02	6.807640e-01	9.668405e-01	8.105939e-01	3.058657e+00	4.537007e-02	3.134070e-01	1.101375e+00	1.224407e+00	1.275102e+00	1.321282e+00	1.359427e+00	1.401568e+00	1.447038e+00	1.496241e+00	1.566349e+00	1.743970e+00	1.973119e+00	-5.605417e-01	
17  8.40939	-9.870760e-01	-4.693133e-02	5.042876e-02	6.538818e-01	9.791243e-01	8.080128e-01	2.871244e+00	4.176721e-02	3.159534e-01	1.101708e+00	1.224809e+00	1.276143e+00	1.322207e+00	1.361703e+00	1.405306e+00	1.451473e+00	1.500688e+00	1.571837e+00	1.750615e+00	1.957929e+00	-5.529154e-01	
5  8.19078	-1.014187e+00	5.117259e-02	5.343750e-02	6.672217e-01	9.734807e-01	8.106332e-01	2.619492e+00	3.895109e-02	3.136416e-01	1.101139e+00	1.223643e+00	1.275490e+00	1.321476e+00	1.360069e+00	1.403507e+00	1.448579e+00	1.497892e+00	1.568610e+00	1.747840e+00	1.960874e+00	-5.441113e-01	
5  11.1272	-1.019765e+00	9.486137e-02	5.356959e-02	6.857410e-01	9.646017e-01	8.121725e-01	2.751652e+00	3.830955e-02	3.126250e-01	1.098610e+00	1.220245e+00	1.271814e+00	1.316614e+00	1.355465e+00	1.398236e+00	1.443653e+00	1.491542e+00	1.562882e+00	1.742693e+00	2.010893e+00	-5.832536e-01	
5  11.993	-1.022862e+00	1.132669e-01	5.241460e-02	7.094030e-01	9.552932e-01	8.141809e-01	3.225407e+00	3.096849e-02	3.115574e-01	1.097220e+00	1.217948e+00	1.270110e+00	1.314713e+00	1.353278e+00	1.395994e+00	1.439883e+00	1.488521e+00	1.559427e+00	1.739762e+00	2.020275e+00	-5.805111e-01	
6  13.7647	-1.020693e+00	8.345331e-02	5.376083e-02	7.099581e-01	9.554184e-01	8.130341e-01	3.065303e+00	4.435157e-02	3.123323e-01	1.098167e+00	1.218957e+00	1.272124e+00	1.317946e+00	1.355157e+00	1.398164e+00	1.442567e+00	1.491608e+00	1.562131e+00	1.741703e+00	2.041597e+00	-5.930432e-01	
5  12.6824	-1.007737e+00	2.061800e-02	5.373046e-02	7.106454e-01	9.561052e-01	8.126277e-01	3.122537e+00	4.153474e-02	3.128579e-01	1.098407e+00	1.219302e+00	1.271845e+00	1.317982e+00	1.357265e+00	1.399121e+00	1.445582e+00	1.493202e+00	1.563800e+00	1.743437e+00	2.099846e+00	-6.215827e-01	
3  13.5633	-9.652263e-01	-1.642772e-01	5.282915e-02	6.643873e-01	9.720149e-01	8.073054e-01	2.572620e+00	5.638645e-02	3.169142e-01	1.100719e+00	1.222038e+00	1.275868e+00	1.320648e+00	1.364589e+00	1.405086e+00	1.453348e+00	1.500796e+00	1.572369e+00	1.753332e+00	2.073041e+00	-6.042412e-01	
4  15.056	-9.591271e-01	-1.658200e-01	5.517654e-02	6.639359e-01	9.718437e-01	8.065352e-01	2.400954e+00	7.412036e-02	3.179257e-01	1.099214e+00	1.219240e+00	1.273226e+00	1.318163e+00	1.361136e+00	1.402890e+00	1.449211e+00	1.497022e+00	1.569066e+00	1.749504e+00	1.974970e+00	-5.454374e-01	
8  13.761	-9.667609e-01	-1.444262e-01	5.515590e-02	6.843322e-01	9.680834e-01	8.068305e-01	2.807055e+00	6.746641e-02	3.174329e-01	1.101036e+00	1.221345e+00	1.274808e+00	1.321398e+00	1.362142e+00	1.405292e+00	1.450750e+00	1.498860e+00	1.571154e+00	1.749960e+00	1.904423e+00	-5.108015e-01	
6  10.8436	-9.973636e-01	-2.134062e-02	5.488330e-02	6.939378e-01	9.646853e-01	8.101708e-01	2.815865e+00	6.139748e-02	3.142207e-01	1.099155e+00	1.218789e+00	1.271289e+00	1.318181e+00	1.357479e+00	1.401901e+00	1.444835e+00	1.493522e+00	1.565414e+00	1.743326e+00	1.863758e+00	-4.910655e-01	
2  11.3389	-9.828855e-01	-8.716973e-02	5.554400e-02	6.918112e-01	9.658127e-01	8.080415e-01	2.794623e+00	7.009738e-02	3.158276e-01	1.101021e+00	1.220761e+00	1.273428e+00	1.320924e+00	1.360442e+00	1.405345e+00	1.449163e+00	1.497863e+00	1.570629e+00	1.748175e+00	1.833112e+00	-4.814846e-01	
5  14.5573	-9.674436e-01	-1.535645e-01	5.204071e-02	6.733259e-01	9.715565e-01	8.074773e-01	2.915316e+00	7.082234e-02	3.162839e-01	1.100078e+00	1.219389e+00	1.272644e+00	1.320451e+00	1.361502e+00	1.404923e+00	1.451431e+00	1.499155e+00	1.573733e+00	1.747725e+00	1.893144e+00	-5.114239e-01	
8  11.2964	-9.644517e-01	-1.630217e-01	5.073928e-02	6.726174e-01	9.706614e-01	8.074941e-01	3.010326e+00	5.371664e-02	3.164567e-01	1.101020e+00	1.221014e+00	1.275605e+00	1.322399e+00	1.362515e+00	1.406292e+00	1.452128e+00	1.501243e+00	1.575446e+00	1.749941e+00	1.813015e+00	-4.635356e-01	
# After 227 accepted steps: rescaled jumping factor from 2.400000 to 2.411070, due to updated covariance matrix 
# After 227 accepted steps: update proposal with max(R-1) = 0.662272 and jumping factor = 2.411070 
10  9.29451	-9.517818e-01	-2.557097e-01	4.917073e-02	6.343665e-01	9.846987e-01	8.043616e-01	2.651775e+00	7.866081e-02	3.182576e-01	1.103197e+00	1.224334e+00	1.279218e+00	1.325804e+00	1.368448e+00	1.411930e+00	1.458331e+00	1.507580e+00	1.582644e+00	1.758955e+00	1.816229e+00	-4.599300e-01	
4  9.4889	-9.351464e-01	-3.525919e-01	4.950496e-02	6.228278e-01	9.914058e-01	8.011162e-01	2.551702e+00	9.921450e-02	3.203008e-01	1.105888e+00	1.228119e+00	1.282612e+00	1.330406e+00	1.372657e+00	1.417805e+00	1.464101e+00	1.514511e+00	1.589543e+00	1.767523e+00	1.770443e+00	-4.376326e-01	
3  10.4045	-9.486342e-01	-3.059037e-01	4.735458e-02	6.394712e-01	9.831211e-01	8.018514e-01	2.867189e+00	9.594236e-02	3.197415e-01	1.106516e+00	1.229015e+00	1.283779e+00	1.331099e+00	1.372728e+00	1.418012e+00	1.463438e+00	1.514479e+00	1.587882e+00	1.766564e+00	1.747245e+00	-4.197261e-01	
4  7.35406	-9.533646e-01	-3.145990e-01	4.790898e-02	6.250011e-01	9.907526e-01	8.009145e-01	2.654603e+00	1.118964e-01	3.199916e-01	1.107395e+00	1.230758e+00	1.285697e+00	1.333559e+00	1.375108e+00	1.420100e+00	1.466215e+00	1.517329e+00	1.590633e+00	1.770199e+00	1.703524e+00	-3.980396e-01	
12  6.60125	-9.745444e-01	-2.638105e-01	4.969633e-02	6.183549e-01	9.938656e-01	8.004008e-01	2.324137e+00	1.388088e-01	3.197894e-01	1.108475e+00	1.233372e+00	1.288463e+00	1.334377e+00	1.377553e+00	1.420976e+00	1.468096e+00	1.518501e+00	1.590609e+00	1.770809e+00	1.676309e+00	-3.736082e-01	
5  7.81775	-9.804817e-01	-2.233796e-01	4.845550e-02	6.272936e-01	9.876592e-01	8.029546e-01	2.457646e+00	1.318506e-01	3.179992e-01	1.105252e+00	1.229200e+00	1.283971e+00	1.329948e+00	1.372214e+00	1.415658e+00	1.462563e+00	1.511979e+00	1.585271e+00	1.763263e+00	1.734970e+00	-4.025618e-01	
9  7.90559	-1.001987e+00	-1.399044e-01	4.935140e-02	6.311072e-01	9.866909e-01	8.048367e-01	2.358331e+00	1.134633e-01	3.160075e-01	1.105916e+00	1.230062e+00	1.285210e+00	1.331013e+00	1.373104e+00	1.415297e+00	1.463473e+00	1.512094e+00	1.585213e+00	1.762829e+00	1.804941e+00	-4.449150e-01	
4  11.2803	-9.606864e-01	-2.974582e-01	4.778851e-02	6.008139e-01	1.000964e+00	8.010018e-01	2.378543e+00	1.156432e-01	3.195248e-01	1.106968e+00	1.231236e+00	1.287252e+00	1.333912e+00	1.376142e+00	1.419095e+00	1.469761e+00	1.516571e+00	1.592073e+00	1.770093e+00	1.862828e+00	-4.816417e-01	
17  12.7649	-9.802674e-01	-1.850052e-01	4.863117e-02	6.240270e-01	9.897017e-01	8.040713e-01	2.531381e+00	1.118289e-01	3.178326e-01	1.103380e+00	1.226797e+00	1.282399e+00	1.327780e+00	1.369745e+00	1.411453e+00	1.461257e+00	1.506839e+00	1.582566e+00	1.757988e+00	1.823261e+00	-4.586450e-01	
2  14.2327	-1.027954e+00	-3.367971e-02	4.640706e-02	6.242728e-01	9.889932e-01	8.076332e-01	2.546169e+00	1.054207e-01	3.136668e-01	1.103774e+00	1.227267e+00	1.282770e+00	1.328981e+00	1.370502e+00	1.411970e+00	1.460104e+00	1.506094e+00	1.580983e+00	1.755098e+00	1.833006e+00	-4.521415e-01	
9  15.0504	-1.015479e+00	-3.526462e-02	4.598630e-02	6.461302e-01	9.797235e-01	8.066144e-01	2.955671e+00	1.054101e-01	3.151305e-01	1.103700e+00	1.225594e+00	1.279532e+00	1.326165e+00	1.367894e+00	1.408763e+00	1.454313e+00	1.502997e+00	1.576904e+00	1.751721e+00	1.888877e+00	-4.860038e-01	
2  15.5662	-1.033914e+00	5.474442e-02	5.010841e-02	6.611859e-01	9.718184e-01	8.111998e-01	2.552232e+00	6.167148e-02	3.123616e-01	1.102312e+00	1.223616e+00	1.276849e+00	1.323362e+00	1.365166e+00	1.405235e+00	1.449367e+00	1.500272e+00	1.572598e+00	1.746945e+00	1.856067e+00	-4.687786e-01	
1  18.7056	-1.014551e+00	-2.721722e-02	4.942254e-02	6.339118e-01	9.799930e-01	8.090959e-01	2.245610e+00	6.580940e-02	3.144892e-01	1.102836e+00	1.224853e+00	1.278638e+00	1.323799e+00	1.366973e+00	1.407592e+00	1.453168e+00	1.503631e+00	1.576114e+00	1.750770e+00	1.867039e+00	-4.757080e-01	
5  13.7367	-1.034679e+00	5.546035e-02	4.801035e-02	6.681650e-01	9.710194e-01	8.119307e-01	3.023736e+00	6.377865e-02	3.121072e-01	1.101504e+00	1.223185e+00	1.276253e+00	1.320671e+00	1.362490e+00	1.404569e+00	1.448750e+00	1.500067e+00	1.570622e+00	1.746541e+00	1.828860e+00	-4.489381e-01	
3  15.6395	-1.035833e+00	8.042428e-02	4.592941e-02	6.638412e-01	9.699906e-01	8.127286e-01	3.142154e+00	5.528356e-02	3.117226e-01	1.100589e+00	1.221806e+00	1.273592e+00	1.319818e+00	1.359362e+00	1.403287e+00	1.445884e+00	1.497471e+00	1.567491e+00	1.744844e+00	1.757352e+00	-4.049368e-01	
6  13.9543	-1.068108e+00	2.132209e-01	4.741299e-02	6.831561e-01	9.594791e-01	8.147829e-01	3.005365e+00	6.505846e-02	3.097342e-01	1.099967e+00	1.220184e+00	1.272680e+00	1.317103e+00	1.357343e+00	1.399346e+00	1.442306e+00	1.492024e+00	1.561719e+00	1.735881e+00	1.712259e+00	-3.674807e-01	
18  9.95301	-1.050165e+00	1.650248e-01	4.747206e-02	6.841935e-01	9.578983e-01	8.140865e-01	3.050179e+00	8.150040e-02	3.105725e-01	1.097543e+00	1.216682e+00	1.268867e+00	1.312592e+00	1.353122e+00	1.394513e+00	1.439295e+00	1.487115e+00	1.558508e+00	1.732489e+00	1.849351e+00	-4.556586e-01	
4  10.111	-1.023814e+00	4.435587e-02	4.756616e-02	6.581622e-01	9.669807e-01	8.104944e-01	2.707763e+00	1.045684e-01	3.134710e-01	1.099015e+00	1.218661e+00	1.271205e+00	1.314981e+00	1.356246e+00	1.399089e+00	1.443383e+00	1.491789e+00	1.563842e+00	1.738251e+00	1.788793e+00	-4.231259e-01	
4  8.89202	-1.036961e+00	1.007933e-01	5.012832e-02	6.757817e-01	9.606890e-01	8.116681e-01	2.631883e+00	1.095673e-01	3.123500e-01	1.098151e+00	1.217768e+00	1.269989e+00	1.313226e+00	1.353923e+00	1.396750e+00	1.441750e+00	1.489266e+00	1.560098e+00	1.735126e+00	1.814629e+00	-4.420165e-01	
7  9.24199	-1.039652e+00	1.254166e-01	5.298671e-02	6.769895e-01	9.623227e-01	8.124024e-01	2.394120e+00	1.018563e-01	3.117032e-01	1.097298e+00	1.217129e+00	1.269146e+00	1.311488e+00	1.352645e+00	1.396337e+00	1.439588e+00	1.488311e+00	1.558711e+00	1.733928e+00	1.924361e+00	-5.156473e-01	
4  8.97663	-1.038249e+00	1.355692e-01	5.249954e-02	6.895430e-01	9.560641e-01	8.123152e-01	2.591466e+00	1.065391e-01	3.119164e-01	1.097067e+00	1.215865e+00	1.267915e+00	1.309584e+00	1.351036e+00	1.394620e+00	1.436018e+00	1.486291e+00	1.555775e+00	1.731245e+00	1.901276e+00	-4.993287e-01	
6  9.75367	-1.019183e+00	5.901141e-02	5.244967e-02	6.763612e-01	9.618162e-01	8.117834e-01	2.493446e+00	7.709047e-02	3.127850e-01	1.098883e+00	1.218138e+00	1.269837e+00	1.313557e+00	1.355372e+00	1.398705e+00	1.441049e+00	1.493544e+00	1.562080e+00	1.739386e+00	1.923883e+00	-5.260616e-01	
1  5.48773	-1.010852e+00	2.785936e-02	5.112121e-02	6.610890e-01	9.684850e-01	8.091074e-01	2.559478e+00	9.317747e-02	3.147565e-01	1.100527e+00	1.219941e+00	1.272582e+00	1.315557e+00	1.358047e+00	1.399603e+00	1.444552e+00	1.495205e+00	1.564170e+00	1.742532e+00	1.922933e+00	-5.237107e-01	
3  7.71706	-1.009932e+00	4.729010e-02	5.134551e-02	6.699342e-01	9.650672e-01	8.101132e-01	2.698520e+00	9.866837e-02	3.142307e-01	1.097889e+00	1.216552e+00	1.267901e+00	1.312393e+00	1.352593e+00	1.394995e+00	1.440057e+00	1.490074e+00	1.558805e+00	1.737311e+00	1.943370e+00	-5.345501e-01	
19  7.38796	-9.904545e-01	-2.522567e-02	4.881575e-02	6.637105e-01	9.617274e-01	8.088109e-01	2.722475e+00	1.012480e-01	3.156851e-01	1.097602e+00	1.216129e+00	1.268088e+00	1.310987e+00	1.353660e+00	1.394934e+00	1.440458e+00	1.489021e+00	1.560423e+00	1.737838e+00	1.944164e+00	-5.345393e-01	
13  9.68229	-9.648159e-01	-1.300965e-01	4.895850e-02	6.519969e-01	9.677249e-01	8.059333e-01	2.652716e+00	1.026948e-01	3.179599e-01	1.099540e+00	1.218481e+00	1.271319e+00	1.313841e+00	1.359079e+00	1.398936e+00	1.445038e+00	1.494871e+00	1.565372e+00	1.744929e+00	1.985778e+00	-5.643260e-01	
7  10.5024	-1.000263e+00	2.878985e-02	4.823854e-02	6.829087e-01	9.518602e-01	8.126755e-01	2.906116e+00	6.667921e-02	3.131946e-01	1.095342e+00	1.213653e+00	1.266173e+00	1.308244e+00	1.351239e+00	1.391605e+00	1.436250e+00	1.485504e+00	1.555641e+00	1.734145e+00	1.888613e+00	-5.000750e-01	
6  11.5761	-1.014980e+00	5.644980e-02	4.585484e-02	6.660900e-01	9.572880e-01	8.142234e-01	2.801898e+00	3.571144e-02	3.117284e-01	1.097455e+00	1.216871e+00	1.269757e+00	1.312782e+00	1.356791e+00	1.395781e+00	1.440957e+00	1.490696e+00	1.559890e+00	1.739539e+00	1.880295e+00	-4.865649e-01	
2  9.68281	-1.007775e+00	6.920134e-02	4.566720e-02	6.901787e-01	9.482848e-01	8.153728e-01	3.236624e+00	2.363964e-02	3.118023e-01	1.095399e+00	1.213524e+00	1.265716e+00	1.308204e+00	1.351132e+00	1.390606e+00	1.434532e+00	1.486224e+00	1.553642e+00	1.733727e+00	1.916171e+00	-5.177302e-01	
6  8.11531	-1.039551e+00	1.599000e-01	4.665555e-02	6.921591e-01	9.506105e-01	8.183365e-01	3.086522e+00	6.361831e-03	3.085969e-01	1.096047e+00	1.215546e+00	1.267596e+00	1.310354e+00	1.353401e+00	1.392233e+00	1.436447e+00	1.488615e+00	1.556122e+00	1.734613e+00	1.884390e+00	-5.044592e-01	
9  8.05121	-1.041483e+00	1.679719e-01	4.624372e-02	6.873176e-01	9.530251e-01	8.182144e-01	3.083075e+00	9.937927e-03	3.085006e-01	1.095682e+00	1.215680e+00	1.267995e+00	1.310461e+00	1.352861e+00	1.393025e+00	1.436501e+00	1.488491e+00	1.556699e+00	1.734450e+00	1.952605e+00	-5.470060e-01	
47  8.21637	-1.018563e+00	7.847048e-02	4.613640e-02	6.711358e-01	9.584112e-01	8.158720e-01	2.938070e+00	1.780732e-02	3.107249e-01	1.096011e+00	1.216489e+00	1.269156e+00	1.312191e+00	1.354375e+00	1.395250e+00	1.438579e+00	1.490542e+00	1.559696e+00	1.739056e+00	1.940413e+00	-5.354988e-01	
22  10.6715	-1.037785e+00	1.521928e-01	4.489612e-02	6.716647e-01	9.612988e-01	8.170698e-01	3.289707e+00	1.425592e-02	3.096325e-01	1.096142e+00	1.217312e+00	1.270860e+00	1.312161e+00	1.354586e+00	1.396250e+00	1.440378e+00	1.490381e+00	1.559568e+00	1.738180e+00	1.934564e+00	-5.235760e-01	
16  11.4939	-1.024613e+00	9.444937e-02	4.534563e-02	6.620863e-01	9.671353e-01	8.153031e-01	3.289457e+00	2.327289e-02	3.114192e-01	1.097204e+00	1.218563e+00	1.272027e+00	1.314101e+00	1.355968e+00	1.398525e+00	1.442247e+00	1.493665e+00	1.562105e+00	1.742408e+00	1.898619e+00	-5.031229e-01	
1  11.745	-9.819621e-01	-9.579275e-03	4.624700e-02	6.633886e-01	9.623237e-01	8.127522e-01	3.208861e+00	2.905612e-02	3.146217e-01	1.095584e+00	1.214142e+00	1.267504e+00	1.309773e+00	1.352256e+00	1.393150e+00	1.438254e+00	1.488514e+00	1.559318e+00	1.737154e+00	1.993568e+00	-5.724309e-01	
9  13.0809	-9.889156e-01	8.594397e-03	4.369654e-02	6.528780e-01	9.646754e-01	8.122834e-01	3.234138e+00	3.925498e-02	3.146816e-01	1.096273e+00	1.214137e+00	1.267840e+00	1.309827e+00	1.353342e+00	1.392929e+00	1.438169e+00	1.488841e+00	1.559649e+00	1.736613e+00	2.086014e+00	-6.327076e-01	
3  13.6464	-9.853748e-01	3.393384e-02	4.515473e-02	6.788397e-01	9.591307e-01	8.149559e-01	3.609256e+00	6.831410e-03	3.133855e-01	1.093577e+00	1.210872e+00	1.263545e+00	1.307278e+00	1.347514e+00	1.388760e+00	1.432685e+00	1.484196e+00	1.554871e+00	1.731308e+00	2.094606e+00	-6.434848e-01	
19  12.8636	-9.737284e-01	-1.123814e-02	4.256124e-02	6.690654e-01	9.622419e-01	8.136941e-01	3.761089e+00	1.183524e-02	3.142443e-01	1.093563e+00	1.210911e+00	1.264264e+00	1.307381e+00	1.348366e+00	1.388378e+00	1.434490e+00	1.484621e+00	1.555566e+00	1.733264e+00	2.028715e+00	-5.978954e-01	
