1  2.81284	-9.801591e-01	-6.660789e-02	4.807193e-02	6.726609e-01	9.672935e-01	8.087470e-01	3.301414e+00	6.252066e-02	3.161568e-01	1.099426e+00	1.219685e+00	1.271665e+00	1.315954e+00	1.358393e+00	1.398274e+00	1.444014e+00	1.496996e+00	1.566334e+00	1.743132e+00	1.625588e+00	-3.482960e-01	
6  2.5605	-1.009300e+00	3.679395e-02	4.655764e-02	6.781797e-01	9.650119e-01	8.094765e-01	3.410881e+00	7.695019e-02	3.147575e-01	1.100095e+00	1.219840e+00	1.272750e+00	1.316069e+00	1.357716e+00	1.398050e+00	1.442973e+00	1.495153e+00	1.563578e+00	1.738560e+00	1.662048e+00	-3.686822e-01	
3  5.31864	-1.006001e+00	3.951001e-02	4.590813e-02	6.923380e-01	9.628897e-01	8.100688e-01	3.773919e+00	6.824050e-02	3.143561e-01	1.098371e+00	1.218421e+00	1.271908e+00	1.313449e+00	1.356257e+00	1.396357e+00	1.441542e+00	1.492126e+00	1.561748e+00	1.736261e+00	1.699374e+00	-3.868262e-01	
7  7.13897	-1.012955e+00	9.099099e-02	4.680942e-02	6.934974e-01	9.568576e-01	8.101965e-01	3.468161e+00	5.667734e-02	3.145971e-01	1.099714e+00	1.218569e+00	1.272325e+00	1.313406e+00	1.356367e+00	1.395259e+00	1.439245e+00	1.490958e+00	1.560514e+00	1.734485e+00	1.685449e+00	-3.820027e-01	
8  9.87271	-1.017385e+00	1.144828e-01	4.685000e-02	6.870362e-01	9.565049e-01	8.103315e-01	3.272097e+00	5.399740e-02	3.145660e-01	1.100254e+00	1.218698e+00	1.271970e+00	1.312721e+00	1.355998e+00	1.395793e+00	1.437010e+00	1.490561e+00	1.560151e+00	1.733993e+00	1.693875e+00	-3.880344e-01	
5  11.1241	-1.024528e+00	1.125306e-01	4.626862e-02	6.799950e-01	9.597992e-01	8.096955e-01	3.253744e+00	6.688615e-02	3.148303e-01	1.101755e+00	1.221344e+00	1.274406e+00	1.315495e+00	1.358395e+00	1.399796e+00	1.440165e+00	1.492881e+00	1.563871e+00	1.736624e+00	1.725797e+00	-4.087405e-01	
6  11.1109	-1.034485e+00	1.296203e-01	4.618010e-02	6.846027e-01	9.594828e-01	8.086204e-01	3.268945e+00	1.149373e-01	3.147568e-01	1.100889e+00	1.220193e+00	1.273390e+00	1.314410e+00	1.357136e+00	1.397981e+00	1.438732e+00	1.490846e+00	1.561789e+00	1.734495e+00	1.765027e+00	-4.415997e-01	
3  10.2069	-1.015807e+00	4.328304e-02	4.404251e-02	6.722488e-01	9.621832e-01	8.070309e-01	3.336432e+00	1.095328e-01	3.161485e-01	1.102352e+00	1.222208e+00	1.277122e+00	1.317609e+00	1.360977e+00	1.400593e+00	1.444379e+00	1.495874e+00	1.566743e+00	1.742627e+00	1.786160e+00	-4.534428e-01	
5  10.4814	-1.017894e+00	6.009310e-02	4.310754e-02	6.694872e-01	9.597928e-01	8.073023e-01	3.294720e+00	1.290289e-01	3.159354e-01	1.100312e+00	1.220243e+00	1.274045e+00	1.315485e+00	1.357293e+00	1.397120e+00	1.441419e+00	1.492932e+00	1.563313e+00	1.738483e+00	1.787838e+00	-4.568838e-01	
1  8.73889	-1.006304e+00	-2.029027e-03	4.426708e-02	6.613197e-01	9.654116e-01	8.051194e-01	3.226458e+00	1.432715e-01	3.174197e-01	1.101916e+00	1.222458e+00	1.276511e+00	1.318493e+00	1.360106e+00	1.401243e+00	1.445537e+00	1.496792e+00	1.568745e+00	1.742113e+00	1.805330e+00	-4.657294e-01	
2  9.51957	-9.971246e-01	-6.439352e-02	4.422215e-02	6.536138e-01	9.742515e-01	8.035801e-01	3.377543e+00	1.513913e-01	3.180833e-01	1.103461e+00	1.224909e+00	1.279414e+00	1.322156e+00	1.364806e+00	1.405773e+00	1.451090e+00	1.503144e+00	1.573896e+00	1.749673e+00	1.814053e+00	-4.661636e-01	
4  11.8346	-1.036512e+00	3.565975e-02	4.504291e-02	6.785933e-01	9.685709e-01	8.065151e-01	3.577131e+00	1.463521e-01	3.146335e-01	1.104861e+00	1.227704e+00	1.282421e+00	1.325018e+00	1.368168e+00	1.408410e+00	1.453145e+00	1.504326e+00	1.576924e+00	1.750747e+00	1.914067e+00	-5.223635e-01	
2  12.0731	-1.040058e+00	4.099008e-02	4.600551e-02	6.771218e-01	9.718139e-01	8.075845e-01	3.488661e+00	1.394049e-01	3.134678e-01	1.103513e+00	1.226118e+00	1.281022e+00	1.324750e+00	1.367420e+00	1.408266e+00	1.452659e+00	1.503856e+00	1.576747e+00	1.750935e+00	1.976244e+00	-5.550224e-01	
17  9.97437	-1.058143e+00	1.865380e-01	4.666965e-02	7.154827e-01	9.568296e-01	8.141811e-01	4.001524e+00	5.239616e-02	3.100802e-01	1.100983e+00	1.222405e+00	1.275312e+00	1.319242e+00	1.359805e+00	1.400151e+00	1.443446e+00	1.495645e+00	1.566909e+00	1.740731e+00	1.953810e+00	-5.279480e-01	
3  8.16875	-1.043326e+00	1.083203e-01	4.701406e-02	7.017824e-01	9.627475e-01	8.110236e-01	3.799876e+00	8.237789e-02	3.120561e-01	1.102183e+00	1.224444e+00	1.277311e+00	1.320993e+00	1.362150e+00	1.403090e+00	1.447288e+00	1.499084e+00	1.570148e+00	1.745575e+00	1.944471e+00	-5.255021e-01	
2  8.487	-1.037734e+00	1.052258e-01	4.838909e-02	6.988003e-01	9.622953e-01	8.111699e-01	3.586543e+00	6.969691e-02	3.123727e-01	1.102021e+00	1.223467e+00	1.276581e+00	1.319638e+00	1.361221e+00	1.401659e+00	1.446355e+00	1.498659e+00	1.569450e+00	1.744655e+00	1.800699e+00	-4.486235e-01	
1  7.57523	-1.038397e+00	9.377368e-02	5.043792e-02	7.127956e-01	9.590454e-01	8.100661e-01	3.569479e+00	8.998701e-02	3.127163e-01	1.103269e+00	1.224628e+00	1.277364e+00	1.321473e+00	1.362819e+00	1.403346e+00	1.448081e+00	1.501365e+00	1.570658e+00	1.746039e+00	1.890322e+00	-5.116037e-01	
2  7.68453	-1.016845e+00	4.048610e-02	5.024412e-02	7.112555e-01	9.579688e-01	8.095414e-01	3.607849e+00	6.552627e-02	3.141813e-01	1.103608e+00	1.223826e+00	1.278246e+00	1.320941e+00	1.362778e+00	1.403706e+00	1.448122e+00	1.501303e+00	1.571230e+00	1.745916e+00	1.854213e+00	-5.001607e-01	
1  8.3357	-1.024228e+00	9.663097e-02	4.977731e-02	7.228360e-01	9.539377e-01	8.113445e-01	3.875815e+00	4.954311e-02	3.131697e-01	1.101991e+00	1.222284e+00	1.276354e+00	1.317905e+00	1.359809e+00	1.400867e+00	1.446348e+00	1.497067e+00	1.566290e+00	1.740776e+00	1.838434e+00	-4.926729e-01	
4  7.81206	-1.006716e+00	4.505809e-02	5.101404e-02	7.184186e-01	9.537471e-01	8.102876e-01	3.656090e+00	5.162245e-02	3.147642e-01	1.101340e+00	1.221132e+00	1.275568e+00	1.316804e+00	1.359123e+00	1.399783e+00	1.445742e+00	1.496571e+00	1.564581e+00	1.740116e+00	1.758885e+00	-4.482586e-01	
10  8.17827	-1.017208e+00	6.240886e-02	5.088914e-02	7.177317e-01	9.548714e-01	8.085107e-01	3.583964e+00	9.592087e-02	3.150510e-01	1.102065e+00	1.221114e+00	1.275435e+00	1.316824e+00	1.359826e+00	1.400531e+00	1.446217e+00	1.496053e+00	1.564684e+00	1.738922e+00	1.823643e+00	-4.945416e-01	
3  8.62157	-1.053087e+00	2.110863e-01	4.844524e-02	7.340939e-01	9.472919e-01	8.137729e-01	3.918156e+00	7.371238e-02	3.107787e-01	1.098567e+00	1.217433e+00	1.271279e+00	1.311700e+00	1.355120e+00	1.393322e+00	1.439536e+00	1.487478e+00	1.556208e+00	1.729848e+00	1.865118e+00	-5.122540e-01	
5  12.0331	-1.053961e+00	1.774466e-01	5.053971e-02	7.223930e-01	9.569444e-01	8.125337e-01	3.674842e+00	7.600929e-02	3.109639e-01	1.100807e+00	1.222031e+00	1.275188e+00	1.317859e+00	1.360121e+00	1.400457e+00	1.446292e+00	1.493960e+00	1.564219e+00	1.738288e+00	1.914557e+00	-5.449917e-01	
1  10.6035	-1.050454e+00	1.206200e-01	5.200848e-02	7.022905e-01	9.646676e-01	8.091846e-01	3.214493e+00	1.097163e-01	3.128502e-01	1.103981e+00	1.226308e+00	1.280042e+00	1.322048e+00	1.366655e+00	1.405281e+00	1.453102e+00	1.500379e+00	1.570399e+00	1.746507e+00	1.896173e+00	-5.317293e-01	
20  8.8925	-1.060963e+00	1.477606e-01	5.103413e-02	6.849722e-01	9.698547e-01	8.097453e-01	3.031230e+00	1.006529e-01	3.120240e-01	1.104720e+00	1.227480e+00	1.281042e+00	1.324977e+00	1.367625e+00	1.407713e+00	1.454256e+00	1.502641e+00	1.572912e+00	1.749564e+00	1.846652e+00	-4.975283e-01	
4  9.39241	-1.045469e+00	8.618489e-02	5.094666e-02	6.779442e-01	9.733248e-01	8.074030e-01	3.000926e+00	1.220194e-01	3.137173e-01	1.104646e+00	1.227452e+00	1.281894e+00	1.324336e+00	1.367838e+00	1.408237e+00	1.454678e+00	1.504406e+00	1.573928e+00	1.751768e+00	1.828402e+00	-4.885592e-01	
6  9.30883	-1.035952e+00	5.411581e-02	5.224690e-02	6.754377e-01	9.745021e-01	8.068881e-01	2.797633e+00	1.100506e-01	3.140725e-01	1.105461e+00	1.227684e+00	1.281595e+00	1.324892e+00	1.368729e+00	1.409028e+00	1.456016e+00	1.506739e+00	1.575176e+00	1.754092e+00	1.791229e+00	-4.612707e-01	
1  10.1058	-1.082186e+00	2.664061e-01	5.070336e-02	7.033757e-01	9.605409e-01	8.135688e-01	3.089773e+00	7.800958e-02	3.088602e-01	1.100911e+00	1.222739e+00	1.275313e+00	1.317413e+00	1.360657e+00	1.399353e+00	1.445659e+00	1.494652e+00	1.562236e+00	1.739732e+00	1.740820e+00	-4.160484e-01	
1  9.25808	-1.086850e+00	2.719462e-01	5.127957e-02	6.949836e-01	9.630120e-01	8.138688e-01	2.864189e+00	9.072546e-02	3.084883e-01	1.100204e+00	1.221363e+00	1.274412e+00	1.317540e+00	1.359946e+00	1.398144e+00	1.444245e+00	1.494719e+00	1.561787e+00	1.738017e+00	1.830416e+00	-4.625175e-01	
3  9.21718	-1.083628e+00	2.758770e-01	5.347176e-02	6.958569e-01	9.635555e-01	8.152181e-01	2.701591e+00	6.183566e-02	3.081099e-01	1.100044e+00	1.221200e+00	1.273618e+00	1.317104e+00	1.359418e+00	1.398285e+00	1.444250e+00	1.494966e+00	1.561535e+00	1.737065e+00	1.905074e+00	-4.989750e-01	
2  11.3416	-1.082176e+00	2.174573e-01	5.376137e-02	6.635663e-01	9.768393e-01	8.137374e-01	2.212904e+00	7.483279e-02	3.083609e-01	1.101387e+00	1.224722e+00	1.277599e+00	1.321912e+00	1.364129e+00	1.405107e+00	1.451594e+00	1.501004e+00	1.568695e+00	1.745075e+00	1.902354e+00	-4.999148e-01	
3  12.7902	-1.117817e+00	3.868202e-01	5.178497e-02	6.976108e-01	9.610435e-01	8.179420e-01	2.756411e+00	7.156104e-02	3.049835e-01	1.098568e+00	1.220435e+00	1.272850e+00	1.316166e+00	1.356924e+00	1.397879e+00	1.441053e+00	1.491193e+00	1.557417e+00	1.732135e+00	1.881976e+00	-4.820007e-01	
6  10.7348	-1.100755e+00	3.525512e-01	5.237688e-02	6.919743e-01	9.587316e-01	8.165352e-01	2.555882e+00	8.012654e-02	3.067893e-01	1.097688e+00	1.218478e+00	1.271430e+00	1.312901e+00	1.354496e+00	1.395734e+00	1.438845e+00	1.488632e+00	1.554457e+00	1.729558e+00	1.781457e+00	-4.244653e-01	
1  11.2192	-1.103629e+00	3.660495e-01	5.139315e-02	6.842218e-01	9.589179e-01	8.176318e-01	2.502370e+00	6.379652e-02	3.064908e-01	1.097667e+00	1.218507e+00	1.272167e+00	1.312982e+00	1.354593e+00	1.395155e+00	1.439420e+00	1.488525e+00	1.555370e+00	1.729919e+00	1.890130e+00	-4.890736e-01	
17  10.5724	-1.098953e+00	3.305485e-01	4.984159e-02	6.912150e-01	9.599453e-01	8.169030e-01	2.908545e+00	8.094318e-02	3.066489e-01	1.097353e+00	1.218539e+00	1.272439e+00	1.313437e+00	1.354716e+00	1.396061e+00	1.439177e+00	1.489583e+00	1.556141e+00	1.731443e+00	1.825816e+00	-4.431795e-01	
12  10.542	-1.077145e+00	2.542900e-01	5.077774e-02	6.867543e-01	9.609100e-01	8.155621e-01	2.765755e+00	8.698428e-02	3.080248e-01	1.096839e+00	1.217224e+00	1.272161e+00	1.312157e+00	1.354882e+00	1.395404e+00	1.439674e+00	1.490191e+00	1.555601e+00	1.733163e+00	1.821166e+00	-4.457484e-01	
6  10.7205	-1.067196e+00	2.554616e-01	5.094201e-02	6.884623e-01	9.600955e-01	8.177472e-01	2.822250e+00	3.924965e-02	3.074301e-01	1.095214e+00	1.215945e+00	1.268862e+00	1.310968e+00	1.352839e+00	1.392892e+00	1.437678e+00	1.487992e+00	1.551989e+00	1.731758e+00	1.815291e+00	-4.414445e-01	
1  11.9833	-1.078796e+00	2.942110e-01	4.860647e-02	7.144049e-01	9.520105e-01	8.186225e-01	3.495639e+00	5.352008e-02	3.065428e-01	1.094148e+00	1.215540e+00	1.267716e+00	1.310144e+00	1.350709e+00	1.391016e+00	1.434691e+00	1.485751e+00	1.549983e+00	1.728270e+00	1.822429e+00	-4.405783e-01	
2  10.7361	-1.058680e+00	2.118036e-01	4.812390e-02	6.958709e-01	9.559379e-01	8.151623e-01	3.222608e+00	7.450467e-02	3.092400e-01	1.095918e+00	1.216750e+00	1.270203e+00	1.312503e+00	1.353636e+00	1.393811e+00	1.437639e+00	1.489197e+00	1.552626e+00	1.731638e+00	1.814593e+00	-4.441414e-01	
5  10.9746	-1.057820e+00	2.155520e-01	4.627363e-02	6.837666e-01	9.583033e-01	8.140072e-01	3.262589e+00	7.551663e-02	3.103786e-01	1.097614e+00	1.217606e+00	1.271368e+00	1.313680e+00	1.355554e+00	1.395663e+00	1.438530e+00	1.491121e+00	1.553808e+00	1.731743e+00	1.789927e+00	-4.338449e-01	
6  9.92432	-1.032266e+00	1.348032e-01	4.882194e-02	6.970338e-01	9.551258e-01	8.116855e-01	3.299293e+00	8.119865e-02	3.127042e-01	1.098591e+00	1.217580e+00	1.271946e+00	1.313628e+00	1.355471e+00	1.396277e+00	1.438386e+00	1.492957e+00	1.554719e+00	1.734044e+00	1.722035e+00	-3.927320e-01	
7  10.23	-1.044323e+00	2.056874e-01	4.774524e-02	7.018065e-01	9.539090e-01	8.130162e-01	3.505025e+00	6.596319e-02	3.117639e-01	1.097738e+00	1.216515e+00	1.270919e+00	1.311228e+00	1.354099e+00	1.392836e+00	1.436886e+00	1.489451e+00	1.552412e+00	1.731012e+00	1.643148e+00	-3.463922e-01	
1  10.949	-1.032037e+00	1.862837e-01	4.932021e-02	7.036743e-01	9.527106e-01	8.127805e-01	3.417269e+00	4.740135e-02	3.127029e-01	1.097643e+00	1.216597e+00	1.269609e+00	1.311703e+00	1.353010e+00	1.391978e+00	1.436200e+00	1.489298e+00	1.552229e+00	1.731627e+00	1.610328e+00	-3.305516e-01	
17  11.8385	-1.029390e+00	1.796826e-01	4.880722e-02	6.963043e-01	9.559723e-01	8.132605e-01	3.410575e+00	3.706090e-02	3.123592e-01	1.097318e+00	1.216685e+00	1.269563e+00	1.312392e+00	1.352372e+00	1.392452e+00	1.437282e+00	1.489254e+00	1.552749e+00	1.731270e+00	1.641052e+00	-3.466698e-01	
3  14.7779	-1.026473e+00	2.019086e-01	4.799197e-02	6.985891e-01	9.512732e-01	8.139751e-01	3.482817e+00	1.870068e-02	3.127289e-01	1.097013e+00	1.215446e+00	1.267132e+00	1.310245e+00	1.350211e+00	1.391366e+00	1.434162e+00	1.486790e+00	1.549987e+00	1.729252e+00	1.563461e+00	-3.019730e-01	
5  12.4871	-1.026194e+00	1.940699e-01	4.926043e-02	6.920090e-01	9.539052e-01	8.129542e-01	3.220045e+00	2.099260e-02	3.135553e-01	1.098542e+00	1.217542e+00	1.268862e+00	1.311947e+00	1.352359e+00	1.393260e+00	1.436868e+00	1.488903e+00	1.552246e+00	1.730179e+00	1.636873e+00	-3.544063e-01	
2  12.2213	-1.010837e+00	1.106087e-01	5.138459e-02	6.847202e-01	9.586888e-01	8.104275e-01	2.888190e+00	4.152420e-02	3.148636e-01	1.099254e+00	1.219194e+00	1.271209e+00	1.314402e+00	1.355310e+00	1.395520e+00	1.440861e+00	1.493677e+00	1.556427e+00	1.736133e+00	1.720129e+00	-4.059957e-01	
2  11.9008	-1.016036e+00	1.286409e-01	5.049136e-02	6.952401e-01	9.580786e-01	8.113202e-01	3.289949e+00	2.746612e-02	3.142696e-01	1.100550e+00	1.220363e+00	1.271277e+00	1.315126e+00	1.357065e+00	1.395762e+00	1.441176e+00	1.494511e+00	1.559081e+00	1.736422e+00	1.636409e+00	-3.547708e-01	
11  8.92202	-1.007013e+00	5.583401e-02	5.123244e-02	6.762073e-01	9.665138e-01	8.080701e-01	3.021559e+00	5.471473e-02	3.163046e-01	1.103459e+00	1.225060e+00	1.275965e+00	1.319858e+00	1.362748e+00	1.401738e+00	1.446512e+00	1.500742e+00	1.566388e+00	1.743910e+00	1.560156e+00	-3.128747e-01	
7  8.13755	-9.928856e-01	-2.201109e-02	5.229566e-02	6.588249e-01	9.719137e-01	8.081736e-01	2.627410e+00	3.794232e-02	3.163784e-01	1.104116e+00	1.225991e+00	1.278488e+00	1.321924e+00	1.366408e+00	1.404975e+00	1.451565e+00	1.506159e+00	1.571565e+00	1.751710e+00	1.554552e+00	-3.102448e-01	
8  9.49152	-9.858781e-01	-2.051298e-02	5.305769e-02	6.729903e-01	9.653518e-01	8.098534e-01	2.732030e+00	1.714759e-02	3.159322e-01	1.102542e+00	1.223175e+00	1.274626e+00	1.319653e+00	1.362328e+00	1.402297e+00	1.446802e+00	1.503689e+00	1.567428e+00	1.747919e+00	1.557300e+00	-3.110103e-01	
1  9.82764	-9.952128e-01	-1.094856e-02	5.406550e-02	6.846368e-01	9.661101e-01	8.093863e-01	2.864581e+00	3.133894e-02	3.154817e-01	1.103659e+00	1.225192e+00	1.276537e+00	1.322181e+00	1.364642e+00	1.404901e+00	1.447975e+00	1.505782e+00	1.568883e+00	1.748995e+00	1.608234e+00	-3.395987e-01	
6  9.58665	-9.883622e-01	-1.065482e-01	5.013357e-02	6.476835e-01	9.828679e-01	8.055746e-01	2.889533e+00	5.969551e-02	3.173896e-01	1.107776e+00	1.231073e+00	1.283853e+00	1.329921e+00	1.373597e+00	1.415299e+00	1.458531e+00	1.516658e+00	1.581100e+00	1.761956e+00	1.743438e+00	-4.250882e-01	
3  10.6003	-9.878312e-01	-1.263023e-01	5.122721e-02	6.382566e-01	9.878976e-01	8.048594e-01	2.659286e+00	5.676988e-02	3.177128e-01	1.109041e+00	1.233739e+00	1.286173e+00	1.333282e+00	1.375988e+00	1.419017e+00	1.462038e+00	1.520080e+00	1.585653e+00	1.767172e+00	1.793809e+00	-4.492668e-01	
2  11.5654	-1.008380e+00	-4.270801e-02	5.115984e-02	6.292391e-01	9.886238e-01	8.065305e-01	2.338080e+00	5.647932e-02	3.160054e-01	1.107657e+00	1.231616e+00	1.284624e+00	1.331480e+00	1.374507e+00	1.415591e+00	1.459802e+00	1.515762e+00	1.582086e+00	1.762539e+00	1.885338e+00	-4.937249e-01	
11  12.0828	-9.909030e-01	-1.064548e-01	4.989864e-02	6.190067e-01	9.931641e-01	8.047312e-01	2.466577e+00	5.451076e-02	3.177797e-01	1.108456e+00	1.233192e+00	1.286405e+00	1.333666e+00	1.375155e+00	1.418480e+00	1.461793e+00	1.519669e+00	1.585249e+00	1.766832e+00	1.878563e+00	-4.856924e-01	
1  13.2264	-9.940814e-01	-8.257071e-02	4.887994e-02	6.307056e-01	9.880042e-01	8.064104e-01	2.702658e+00	4.984813e-02	3.166876e-01	1.106041e+00	1.229838e+00	1.282602e+00	1.330170e+00	1.370846e+00	1.415210e+00	1.456628e+00	1.515660e+00	1.580840e+00	1.762771e+00	1.840895e+00	-4.558288e-01	
3  12.6291	-9.978133e-01	-8.200065e-02	4.945279e-02	6.373223e-01	9.867661e-01	8.058779e-01	2.742273e+00	6.701382e-02	3.167604e-01	1.106143e+00	1.229934e+00	1.282877e+00	1.330341e+00	1.371416e+00	1.415741e+00	1.456190e+00	1.515869e+00	1.580973e+00	1.762220e+00	2.009121e+00	-5.594194e-01	
1  11.6162	-1.005992e+00	-5.742540e-02	4.770728e-02	6.325993e-01	9.871408e-01	8.049427e-01	2.750446e+00	9.307391e-02	3.168073e-01	1.105885e+00	1.229341e+00	1.283229e+00	1.329150e+00	1.371753e+00	1.412964e+00	1.456388e+00	1.513453e+00	1.579415e+00	1.759161e+00	1.910090e+00	-4.945967e-01	
1  12.5569	-9.750104e-01	-1.972361e-01	4.868906e-02	6.104169e-01	9.973790e-01	8.016559e-01	2.462019e+00	9.329953e-02	3.192922e-01	1.107897e+00	1.232113e+00	1.286346e+00	1.333596e+00	1.377376e+00	1.418751e+00	1.463820e+00	1.519611e+00	1.586831e+00	1.769349e+00	1.902013e+00	-4.894536e-01	
2  12.1835	-9.770163e-01	-1.741866e-01	4.920958e-02	6.125329e-01	9.938585e-01	8.014685e-01	2.364523e+00	9.678192e-02	3.197825e-01	1.108229e+00	1.232144e+00	1.285699e+00	1.331746e+00	1.375708e+00	1.418762e+00	1.462234e+00	1.517583e+00	1.585354e+00	1.767537e+00	1.949545e+00	-5.193180e-01	
8  10.1843	-9.795722e-01	-1.704446e-01	4.891227e-02	6.070332e-01	9.964613e-01	8.023266e-01	2.266419e+00	9.626607e-02	3.186393e-01	1.106489e+00	1.229594e+00	1.284406e+00	1.330539e+00	1.373504e+00	1.416918e+00	1.461897e+00	1.514993e+00	1.584321e+00	1.766121e+00	2.056291e+00	-5.848498e-01	
2  11.6591	-9.785767e-01	-1.818770e-01	5.015538e-02	6.140738e-01	9.950532e-01	8.017089e-01	2.277213e+00	1.073028e-01	3.190066e-01	1.107142e+00	1.230059e+00	1.284751e+00	1.331024e+00	1.374945e+00	1.416817e+00	1.463236e+00	1.513807e+00	1.584386e+00	1.766318e+00	2.005279e+00	-5.483717e-01	
3  12.3802	-9.793528e-01	-2.018409e-01	5.042110e-02	6.017230e-01	1.000656e+00	8.013452e-01	2.117596e+00	1.015686e-01	3.191106e-01	1.108883e+00	1.232275e+00	1.287331e+00	1.334044e+00	1.378118e+00	1.421461e+00	1.468084e+00	1.518257e+00	1.588171e+00	1.770538e+00	1.949568e+00	-5.215707e-01	
13  9.80186	-9.984131e-01	-1.034936e-01	4.978535e-02	6.233830e-01	9.908905e-01	8.027870e-01	2.367186e+00	1.167540e-01	3.179957e-01	1.107001e+00	1.228970e+00	1.283872e+00	1.329823e+00	1.372269e+00	1.415908e+00	1.460973e+00	1.511651e+00	1.580293e+00	1.761618e+00	1.892299e+00	-4.918910e-01	
5  11.3912	-1.000093e+00	-8.421834e-02	4.842315e-02	6.397331e-01	9.837622e-01	8.033994e-01	2.689298e+00	1.209467e-01	3.178649e-01	1.105662e+00	1.227021e+00	1.282503e+00	1.327397e+00	1.369570e+00	1.412518e+00	1.458619e+00	1.507918e+00	1.576753e+00	1.757307e+00	1.765913e+00	-4.133560e-01	
4  11.4446	-9.826232e-01	-1.723674e-01	4.770092e-02	6.390956e-01	9.880750e-01	8.008209e-01	2.919208e+00	1.307272e-01	3.198492e-01	1.107503e+00	1.230016e+00	1.285198e+00	1.330650e+00	1.373767e+00	1.417128e+00	1.462504e+00	1.513112e+00	1.582874e+00	1.763363e+00	1.811628e+00	-4.515554e-01	
13  10.5245	-9.637883e-01	-2.348222e-01	4.888015e-02	6.267168e-01	9.908961e-01	7.985127e-01	2.651475e+00	1.319965e-01	3.222264e-01	1.109107e+00	1.231453e+00	1.286605e+00	1.332908e+00	1.375741e+00	1.419236e+00	1.463178e+00	1.516397e+00	1.585846e+00	1.766237e+00	1.814774e+00	-4.631805e-01	
3  9.96156	-9.502950e-01	-2.794193e-01	4.827336e-02	6.345264e-01	9.903027e-01	7.988729e-01	2.935697e+00	1.392148e-01	3.220805e-01	1.106071e+00	1.228296e+00	1.283505e+00	1.328965e+00	1.371841e+00	1.416680e+00	1.460555e+00	1.513423e+00	1.582624e+00	1.763553e+00	1.771177e+00	-4.380231e-01	
1  10.1291	-9.466428e-01	-2.624080e-01	4.806672e-02	6.402103e-01	9.848552e-01	7.997255e-01	2.946483e+00	1.128829e-01	3.220479e-01	1.106313e+00	1.228363e+00	1.282845e+00	1.326785e+00	1.371437e+00	1.415736e+00	1.458047e+00	1.513255e+00	1.579610e+00	1.762878e+00	1.782188e+00	-4.606982e-01	
8  9.61746	-9.669948e-01	-2.353228e-01	4.580565e-02	6.399893e-01	9.886672e-01	8.006346e-01	3.269632e+00	1.324277e-01	3.203038e-01	1.106480e+00	1.229243e+00	1.284455e+00	1.329414e+00	1.372817e+00	1.418592e+00	1.460039e+00	1.515407e+00	1.582928e+00	1.764426e+00	1.776164e+00	-4.449107e-01	
20  9.06768	-9.657431e-01	-2.459249e-01	4.479789e-02	6.332922e-01	9.909776e-01	8.010633e-01	3.258097e+00	1.304985e-01	3.198055e-01	1.105512e+00	1.228790e+00	1.283382e+00	1.329240e+00	1.372975e+00	1.417321e+00	1.459553e+00	1.515720e+00	1.582362e+00	1.765828e+00	1.689955e+00	-3.921922e-01	
1  7.8553	-9.581276e-01	-2.386175e-01	4.641109e-02	6.495517e-01	9.827261e-01	8.006347e-01	3.282279e+00	1.283550e-01	3.209775e-01	1.105753e+00	1.228232e+00	1.282219e+00	1.326531e+00	1.370807e+00	1.414040e+00	1.456969e+00	1.511729e+00	1.578763e+00	1.761974e+00	1.619100e+00	-3.547968e-01	
14  7.39224	-9.464570e-01	-2.650562e-01	4.611692e-02	6.338302e-01	9.847093e-01	8.015651e-01	3.007481e+00	1.189440e-01	3.209388e-01	1.103132e+00	1.225583e+00	1.278282e+00	1.323170e+00	1.367212e+00	1.410527e+00	1.453193e+00	1.508781e+00	1.575215e+00	1.759543e+00	1.700641e+00	-4.032447e-01	
3  8.28476	-9.675260e-01	-2.142606e-01	4.536001e-02	6.335247e-01	9.861988e-01	8.031540e-01	3.093415e+00	1.274448e-01	3.190159e-01	1.102778e+00	1.225391e+00	1.278417e+00	1.323426e+00	1.366356e+00	1.411461e+00	1.453657e+00	1.509761e+00	1.575133e+00	1.758841e+00	1.759610e+00	-4.298479e-01	
1  11.9836	-9.656183e-01	-2.038658e-01	4.442151e-02	6.624846e-01	9.766010e-01	8.033934e-01	3.667476e+00	1.336617e-01	3.190795e-01	1.101860e+00	1.224100e+00	1.276563e+00	1.321565e+00	1.362785e+00	1.408914e+00	1.449404e+00	1.507014e+00	1.573247e+00	1.755963e+00	1.754771e+00	-4.350348e-01	
5  10.2548	-9.690215e-01	-1.633479e-01	4.456272e-02	6.673858e-01	9.747533e-01	8.052956e-01	3.743168e+00	1.168257e-01	3.179873e-01	1.099735e+00	1.221975e+00	1.273606e+00	1.318773e+00	1.359472e+00	1.406463e+00	1.446078e+00	1.502067e+00	1.569281e+00	1.751281e+00	1.657081e+00	-3.760813e-01	
5  10.3407	-9.691783e-01	-1.551035e-01	4.520178e-02	6.800152e-01	9.694598e-01	8.052343e-01	3.810210e+00	1.225836e-01	3.180393e-01	1.099385e+00	1.221041e+00	1.272808e+00	1.317644e+00	1.358581e+00	1.404703e+00	1.444065e+00	1.500251e+00	1.566836e+00	1.747664e+00	1.610410e+00	-3.497628e-01	
3  9.91525	-9.834270e-01	-1.192108e-01	4.519552e-02	6.788294e-01	9.711827e-01	8.048535e-01	3.796189e+00	1.466669e-01	3.178725e-01	1.100336e+00	1.222027e+00	1.273268e+00	1.319261e+00	1.359138e+00	1.405543e+00	1.445256e+00	1.501152e+00	1.568201e+00	1.747673e+00	1.668602e+00	-3.892019e-01	
4  7.88951	-9.735106e-01	-1.805527e-01	4.545373e-02	6.601381e-01	9.789321e-01	8.039974e-01	3.580151e+00	1.294603e-01	3.184615e-01	1.102545e+00	1.225661e+00	1.276581e+00	1.324550e+00	1.364560e+00	1.410188e+00	1.453019e+00	1.506345e+00	1.574502e+00	1.755510e+00	1.696981e+00	-4.029493e-01	
4  11.1087	-9.549388e-01	-2.548435e-01	4.886860e-02	6.717398e-01	9.775860e-01	8.022467e-01	3.473096e+00	1.406699e-01	3.197992e-01	1.102766e+00	1.226568e+00	1.276899e+00	1.325991e+00	1.364862e+00	1.411551e+00	1.453735e+00	1.508108e+00	1.577068e+00	1.758529e+00	1.724189e+00	-4.088827e-01	
8  11.6018	-9.823262e-01	-1.186906e-01	4.944676e-02	6.862077e-01	9.682015e-01	8.058294e-01	3.416446e+00	1.295279e-01	3.172496e-01	1.100409e+00	1.223224e+00	1.271783e+00	1.320575e+00	1.359108e+00	1.405141e+00	1.447126e+00	1.499639e+00	1.567770e+00	1.748009e+00	1.704283e+00	-3.853052e-01	
8  11.2209	-9.905707e-01	-1.019258e-01	4.870863e-02	6.647024e-01	9.740903e-01	8.056286e-01	3.119366e+00	1.356182e-01	3.170781e-01	1.101066e+00	1.223756e+00	1.273243e+00	1.322106e+00	1.360068e+00	1.407614e+00	1.448645e+00	1.502948e+00	1.570012e+00	1.750825e+00	1.745638e+00	-4.031898e-01	
4  11.5954	-9.717411e-01	-1.629333e-01	4.867722e-02	6.666167e-01	9.739524e-01	8.047554e-01	3.233784e+00	1.292913e-01	3.182458e-01	1.100758e+00	1.223383e+00	1.272794e+00	1.322144e+00	1.358802e+00	1.406963e+00	1.447502e+00	1.503424e+00	1.570641e+00	1.751176e+00	1.626597e+00	-3.358517e-01	
3  15.0523	-9.752171e-01	-1.544515e-01	4.915288e-02	6.615277e-01	9.750528e-01	8.066630e-01	3.101321e+00	1.053818e-01	3.171023e-01	1.100336e+00	1.223916e+00	1.273091e+00	1.321793e+00	1.359854e+00	1.406207e+00	1.448548e+00	1.503541e+00	1.570278e+00	1.751497e+00	1.678640e+00	-3.592807e-01	
1  14.0987	-9.551348e-01	-1.876004e-01	4.797874e-02	6.636550e-01	9.712708e-01	8.066249e-01	3.260641e+00	9.330153e-02	3.180666e-01	1.098435e+00	1.220241e+00	1.269337e+00	1.318251e+00	1.356930e+00	1.402645e+00	1.444646e+00	1.499256e+00	1.566303e+00	1.747511e+00	1.621403e+00	-3.316711e-01	
11  11.4014	-9.505494e-01	-1.962695e-01	4.881368e-02	6.567451e-01	9.740544e-01	8.071718e-01	3.092144e+00	7.723981e-02	3.179429e-01	1.097919e+00	1.219722e+00	1.268920e+00	1.316606e+00	1.357339e+00	1.401845e+00	1.443685e+00	1.499096e+00	1.567233e+00	1.747179e+00	1.605604e+00	-3.257584e-01	
4  12.0346	-9.624484e-01	-1.090877e-01	4.914848e-02	6.843879e-01	9.625905e-01	8.103237e-01	3.356088e+00	4.328265e-02	3.159407e-01	1.095946e+00	1.216972e+00	1.265687e+00	1.312606e+00	1.352645e+00	1.396225e+00	1.436892e+00	1.492538e+00	1.561059e+00	1.739959e+00	1.593652e+00	-3.121151e-01	
7  10.6921	-9.561685e-01	-1.352308e-01	5.009850e-02	6.716583e-01	9.644323e-01	8.082597e-01	3.023804e+00	6.956722e-02	3.174973e-01	1.096743e+00	1.217078e+00	1.267127e+00	1.312588e+00	1.353494e+00	1.397009e+00	1.437535e+00	1.493384e+00	1.561819e+00	1.740794e+00	1.640949e+00	-3.386220e-01	
3  11.2083	-9.517483e-01	-1.684668e-01	5.090292e-02	6.828855e-01	9.613544e-01	8.061954e-01	3.118293e+00	9.714760e-02	3.187097e-01	1.098162e+00	1.218710e+00	1.268891e+00	1.313723e+00	1.355770e+00	1.398566e+00	1.440034e+00	1.494428e+00	1.564137e+00	1.743124e+00	1.671043e+00	-3.599245e-01	
5  7.85822	-9.523110e-01	-1.799447e-01	5.139032e-02	6.806289e-01	9.617080e-01	8.053434e-01	2.994650e+00	9.699783e-02	3.192259e-01	1.100353e+00	1.220160e+00	1.271434e+00	1.317562e+00	1.359306e+00	1.401595e+00	1.444108e+00	1.497413e+00	1.567740e+00	1.746439e+00	1.583093e+00	-3.131362e-01	
2  5.76207	-9.756706e-01	-7.420001e-02	5.119706e-02	6.856684e-01	9.576207e-01	8.082327e-01	2.910171e+00	8.631208e-02	3.167571e-01	1.098452e+00	1.217945e+00	1.268590e+00	1.313253e+00	1.355824e+00	1.397332e+00	1.439344e+00	1.493360e+00	1.561926e+00	1.739775e+00	1.575730e+00	-3.154303e-01	
1  6.51408	-9.653837e-01	-1.336998e-01	4.959249e-02	6.634329e-01	9.642249e-01	8.069385e-01	2.760300e+00	8.283447e-02	3.177435e-01	1.100141e+00	1.219868e+00	1.271370e+00	1.317000e+00	1.359230e+00	1.402220e+00	1.443151e+00	1.499082e+00	1.566851e+00	1.745357e+00	1.616236e+00	-3.488740e-01	
5  7.35313	-9.838878e-01	-1.191368e-01	4.773459e-02	6.640309e-01	9.697991e-01	8.063685e-01	3.048125e+00	1.117006e-01	3.168288e-01	1.101306e+00	1.222196e+00	1.274983e+00	1.319484e+00	1.363793e+00	1.406998e+00	1.446809e+00	1.503198e+00	1.570319e+00	1.750302e+00	1.720662e+00	-4.069843e-01	
4  8.6068	-9.814731e-01	-1.243830e-01	4.649141e-02	6.537605e-01	9.720683e-01	8.076547e-01	3.000092e+00	8.892478e-02	3.160319e-01	1.100707e+00	1.220876e+00	1.273579e+00	1.318424e+00	1.362786e+00	1.406064e+00	1.446424e+00	1.501754e+00	1.570285e+00	1.749712e+00	1.745937e+00	-4.193768e-01	
5  8.81524	-9.841556e-01	-1.126579e-01	4.625100e-02	6.516914e-01	9.719700e-01	8.070229e-01	3.005554e+00	1.009528e-01	3.164925e-01	1.101405e+00	1.221237e+00	1.274411e+00	1.318525e+00	1.363168e+00	1.406774e+00	1.446236e+00	1.502798e+00	1.570336e+00	1.749171e+00	1.755630e+00	-4.249922e-01	
15  8.53502	-9.563582e-01	-1.932214e-01	4.827192e-02	6.397756e-01	9.745537e-01	8.042900e-01	2.693231e+00	9.589164e-02	3.193459e-01	1.103179e+00	1.222532e+00	1.275584e+00	1.320665e+00	1.363388e+00	1.408929e+00	1.448897e+00	1.505644e+00	1.574173e+00	1.751891e+00	1.728993e+00	-4.262171e-01	
4  7.98955	-9.687333e-01	-1.501536e-01	4.793508e-02	6.453028e-01	9.740803e-01	8.042790e-01	2.793888e+00	1.086687e-01	3.185441e-01	1.102773e+00	1.223165e+00	1.274991e+00	1.320595e+00	1.362529e+00	1.408677e+00	1.448896e+00	1.504060e+00	1.573725e+00	1.750850e+00	1.748168e+00	-4.286498e-01	
3  6.91518	-9.682586e-01	-1.403795e-01	4.758414e-02	6.390960e-01	9.734890e-01	8.040982e-01	2.644449e+00	1.118847e-01	3.189996e-01	1.102660e+00	1.222435e+00	1.274542e+00	1.318712e+00	1.361402e+00	1.406362e+00	1.447358e+00	1.501892e+00	1.570629e+00	1.747944e+00	1.704660e+00	-4.038328e-01	
15  6.34774	-1.001784e+00	2.732108e-02	4.713839e-02	6.705011e-01	9.586083e-01	8.094223e-01	2.935044e+00	8.688378e-02	3.151647e-01	1.098962e+00	1.217256e+00	1.269014e+00	1.311154e+00	1.353367e+00	1.396893e+00	1.437667e+00	1.491112e+00	1.559606e+00	1.735234e+00	1.728741e+00	-4.062593e-01	
2  6.50154	-1.015265e+00	6.216820e-02	4.862542e-02	6.773498e-01	9.600813e-01	8.108515e-01	2.935095e+00	6.660976e-02	3.135756e-01	1.099832e+00	1.219189e+00	1.270760e+00	1.314153e+00	1.354639e+00	1.399940e+00	1.440186e+00	1.492863e+00	1.563142e+00	1.737596e+00	1.776384e+00	-4.371881e-01	
4  7.99784	-1.000340e+00	-3.325820e-02	4.898839e-02	6.673347e-01	9.660678e-01	8.072608e-01	2.820141e+00	1.146129e-01	3.159034e-01	1.101081e+00	1.221055e+00	1.272362e+00	1.318447e+00	1.356534e+00	1.404793e+00	1.443551e+00	1.497268e+00	1.568432e+00	1.742690e+00	1.803836e+00	-4.636302e-01	
11  8.91406	-9.782634e-01	-1.326484e-01	4.978090e-02	6.708765e-01	9.716020e-01	8.038500e-01	3.090982e+00	1.337378e-01	3.186303e-01	1.102585e+00	1.223464e+00	1.276046e+00	1.323019e+00	1.359781e+00	1.408794e+00	1.448280e+00	1.502602e+00	1.574322e+00	1.749726e+00	1.839743e+00	-4.939279e-01	
3  8.65912	-1.001763e+00	2.395948e-04	4.992883e-02	6.840344e-01	9.606650e-01	8.089091e-01	2.979676e+00	9.137740e-02	3.151941e-01	1.099118e+00	1.218857e+00	1.271356e+00	1.316863e+00	1.353657e+00	1.400257e+00	1.439848e+00	1.494261e+00	1.565515e+00	1.739951e+00	1.919365e+00	-5.331854e-01	
1  9.08215	-1.002992e+00	-2.743888e-03	4.957672e-02	6.848797e-01	9.616611e-01	8.085609e-01	3.042695e+00	1.029371e-01	3.150814e-01	1.098741e+00	1.218495e+00	1.272408e+00	1.315943e+00	1.354413e+00	1.398992e+00	1.439418e+00	1.493454e+00	1.564987e+00	1.738957e+00	1.933042e+00	-5.349694e-01	
3  7.32061	-9.854655e-01	-8.573290e-02	4.826113e-02	6.661852e-01	9.696708e-01	8.079573e-01	3.018889e+00	8.370343e-02	3.157825e-01	1.099976e+00	1.220000e+00	1.273531e+00	1.318849e+00	1.358656e+00	1.401047e+00	1.444657e+00	1.498269e+00	1.569733e+00	1.746820e+00	1.963695e+00	-5.502427e-01	
7  6.04801	-9.936545e-01	-3.560191e-02	4.835669e-02	6.604391e-01	9.680398e-01	8.074906e-01	2.784553e+00	1.039912e-01	3.158283e-01	1.098683e+00	1.218253e+00	1.271806e+00	1.315121e+00	1.355961e+00	1.398612e+00	1.440911e+00	1.494543e+00	1.564739e+00	1.741660e+00	1.909337e+00	-5.173128e-01	
31  5.84686	-1.003805e+00	1.600464e-02	4.999206e-02	6.670318e-01	9.653688e-01	8.081958e-01	2.682455e+00	8.981248e-02	3.152518e-01	1.100137e+00	1.219752e+00	1.271863e+00	1.315777e+00	1.355811e+00	1.399523e+00	1.440431e+00	1.494165e+00	1.563729e+00	1.740516e+00	1.984570e+00	-5.688079e-01	
13  9.04665	-9.887807e-01	-4.935765e-02	5.171518e-02	6.568673e-01	9.687086e-01	8.057315e-01	2.385538e+00	1.012225e-01	3.170158e-01	1.102192e+00	1.221833e+00	1.273860e+00	1.319056e+00	1.359547e+00	1.403515e+00	1.444031e+00	1.497831e+00	1.566908e+00	1.744896e+00	1.935546e+00	-5.331218e-01	
1  9.3891	-9.874185e-01	-7.517186e-02	5.034557e-02	6.665850e-01	9.667891e-01	8.049912e-01	2.767129e+00	1.096988e-01	3.176204e-01	1.103804e+00	1.224343e+00	1.276145e+00	1.321564e+00	1.363036e+00	1.407411e+00	1.446310e+00	1.501710e+00	1.570406e+00	1.749544e+00	1.950821e+00	-5.494164e-01	
2  10.2079	-1.015508e+00	1.741042e-02	5.011958e-02	6.647923e-01	9.675550e-01	8.081360e-01	2.663470e+00	9.271657e-02	3.144988e-01	1.102767e+00	1.224116e+00	1.275767e+00	1.321360e+00	1.362156e+00	1.406500e+00	1.446307e+00	1.500238e+00	1.569577e+00	1.748637e+00	2.036829e+00	-5.993772e-01	
3  10.8184	-1.041175e+00	1.226496e-01	4.904783e-02	6.899898e-01	9.599171e-01	8.096473e-01	3.117746e+00	1.040484e-01	3.130098e-01	1.102302e+00	1.223340e+00	1.273879e+00	1.320000e+00	1.359343e+00	1.402866e+00	1.442722e+00	1.496619e+00	1.564652e+00	1.742293e+00	2.098245e+00	-6.314052e-01	
5  10.0827	-1.047353e+00	1.418503e-01	4.825454e-02	6.762304e-01	9.643010e-01	8.098368e-01	2.932464e+00	1.071718e-01	3.123531e-01	1.101346e+00	1.222764e+00	1.274140e+00	1.318825e+00	1.359084e+00	1.401438e+00	1.442534e+00	1.496109e+00	1.564427e+00	1.740937e+00	2.097028e+00	-6.273686e-01	
2  9.80955	-1.050869e+00	1.945484e-01	4.830099e-02	6.863251e-01	9.609935e-01	8.129488e-01	3.064135e+00	7.695846e-02	3.103592e-01	1.097271e+00	1.217980e+00	1.269322e+00	1.313984e+00	1.353158e+00	1.394964e+00	1.436370e+00	1.489885e+00	1.556980e+00	1.734635e+00	2.045155e+00	-5.818907e-01	
9  11.5446	-1.059616e+00	2.480047e-01	4.604752e-02	6.835075e-01	9.574529e-01	8.150080e-01	3.167319e+00	6.214173e-02	3.094238e-01	1.095794e+00	1.215927e+00	1.267214e+00	1.311295e+00	1.350191e+00	1.392479e+00	1.431999e+00	1.485440e+00	1.551733e+00	1.730027e+00	2.007341e+00	-5.600465e-01	
6  9.14939	-1.060675e+00	2.504185e-01	4.629295e-02	7.169339e-01	9.480377e-01	8.148390e-01	3.666527e+00	9.075952e-02	3.092384e-01	1.094733e+00	1.213498e+00	1.265261e+00	1.308539e+00	1.347743e+00	1.389956e+00	1.428453e+00	1.482903e+00	1.547654e+00	1.725986e+00	1.862882e+00	-4.736227e-01	
5  10.3242	-1.048582e+00	1.699941e-01	4.576529e-02	6.914393e-01	9.603632e-01	8.123907e-01	3.484710e+00	9.622621e-02	3.107339e-01	1.096528e+00	1.217268e+00	1.269304e+00	1.313065e+00	1.354878e+00	1.396329e+00	1.435513e+00	1.490018e+00	1.556169e+00	1.735413e+00	1.785851e+00	-4.379640e-01	
6  10.2855	-1.054975e+00	2.258979e-01	4.569896e-02	6.900619e-01	9.577791e-01	8.136347e-01	3.400543e+00	8.441434e-02	3.103834e-01	1.095453e+00	1.215869e+00	1.267470e+00	1.310015e+00	1.352088e+00	1.392962e+00	1.431498e+00	1.486020e+00	1.551110e+00	1.729099e+00	1.786709e+00	-4.333279e-01	
14  10.8908	-1.052628e+00	2.285496e-01	4.684614e-02	7.042819e-01	9.519295e-01	8.144314e-01	3.380822e+00	8.340879e-02	3.099013e-01	1.093737e+00	1.214180e+00	1.264793e+00	1.307041e+00	1.349117e+00	1.389732e+00	1.427783e+00	1.483487e+00	1.547864e+00	1.724886e+00	1.896490e+00	-5.029528e-01	
3  11.7469	-1.028969e+00	1.486016e-01	4.777429e-02	6.912704e-01	9.541229e-01	8.145048e-01	3.073868e+00	4.947073e-02	3.108564e-01	1.093574e+00	1.213874e+00	1.265161e+00	1.307659e+00	1.349578e+00	1.391215e+00	1.428991e+00	1.485600e+00	1.550526e+00	1.728490e+00	1.867844e+00	-4.852324e-01	
5  11.8404	-1.015251e+00	9.333134e-02	4.781308e-02	6.832353e-01	9.558335e-01	8.126949e-01	2.954519e+00	5.199850e-02	3.124505e-01	1.094988e+00	1.216331e+00	1.267074e+00	1.309901e+00	1.352211e+00	1.393303e+00	1.432383e+00	1.488717e+00	1.553560e+00	1.733375e+00	1.877485e+00	-4.954450e-01	
1  11.5017	-1.006784e+00	8.478540e-02	4.903867e-02	7.213604e-01	9.423498e-01	8.116807e-01	3.404999e+00	7.066696e-02	3.134559e-01	1.095548e+00	1.214260e+00	1.266177e+00	1.307464e+00	1.349690e+00	1.390920e+00	1.428129e+00	1.486263e+00	1.550423e+00	1.727411e+00	1.858981e+00	-4.850586e-01	
5  11.5325	-9.932730e-01	9.276483e-03	4.911462e-02	7.144326e-01	9.469996e-01	8.096581e-01	3.380514e+00	8.562666e-02	3.147237e-01	1.096666e+00	1.215338e+00	1.268472e+00	1.308831e+00	1.353122e+00	1.392160e+00	1.432206e+00	1.490409e+00	1.554355e+00	1.732612e+00	1.893307e+00	-5.048823e-01	
12  11.0235	-9.827207e-01	-1.428285e-02	4.934653e-02	6.985236e-01	9.532699e-01	8.097254e-01	3.217007e+00	7.779260e-02	3.150300e-01	1.095503e+00	1.213739e+00	1.266528e+00	1.307095e+00	1.351559e+00	1.391705e+00	1.431943e+00	1.488835e+00	1.554319e+00	1.732132e+00	1.912275e+00	-5.078920e-01	
4  11.6448	-1.002295e+00	5.917622e-02	4.772487e-02	7.026488e-01	9.525326e-01	8.115783e-01	3.373877e+00	6.686119e-02	3.131598e-01	1.094751e+00	1.213267e+00	1.266572e+00	1.306210e+00	1.350231e+00	1.389340e+00	1.429869e+00	1.486389e+00	1.551985e+00	1.729323e+00	1.853645e+00	-4.785306e-01	
4  14.0203	-9.931327e-01	9.774203e-03	4.729281e-02	6.883878e-01	9.597378e-01	8.112089e-01	3.299510e+00	5.264452e-02	3.134052e-01	1.095095e+00	1.214257e+00	1.267611e+00	1.309006e+00	1.352451e+00	1.392706e+00	1.433192e+00	1.490908e+00	1.555352e+00	1.734752e+00	1.801208e+00	-4.440999e-01	
5  9.83733	-1.010438e+00	2.622640e-02	4.743885e-02	6.834722e-01	9.647358e-01	8.082740e-01	3.213022e+00	1.146253e-01	3.142279e-01	1.097259e+00	1.218107e+00	1.271341e+00	1.312396e+00	1.356067e+00	1.397079e+00	1.438467e+00	1.494057e+00	1.560324e+00	1.736826e+00	1.853117e+00	-4.817894e-01	
5  8.5603	-1.010222e+00	-2.720836e-02	4.726837e-02	6.574307e-01	9.762324e-01	8.068137e-01	2.908773e+00	1.185831e-01	3.146841e-01	1.099835e+00	1.222413e+00	1.276237e+00	1.319080e+00	1.362505e+00	1.405543e+00	1.446748e+00	1.502183e+00	1.569591e+00	1.745945e+00	1.820988e+00	-4.641245e-01	
3  6.66151	-1.007866e+00	-5.264326e-02	4.892008e-02	6.520293e-01	9.806232e-01	8.066941e-01	2.792834e+00	1.156029e-01	3.148975e-01	1.100718e+00	1.224026e+00	1.277324e+00	1.321974e+00	1.363623e+00	1.408339e+00	1.450093e+00	1.505479e+00	1.572837e+00	1.749874e+00	1.849484e+00	-4.742031e-01	
10  6.80538	-1.010694e+00	-3.055310e-02	4.965020e-02	6.494544e-01	9.807310e-01	8.068836e-01	2.647102e+00	1.106963e-01	3.147721e-01	1.101243e+00	1.224517e+00	1.275777e+00	1.321048e+00	1.363797e+00	1.406478e+00	1.450395e+00	1.504632e+00	1.571375e+00	1.748971e+00	1.842427e+00	-4.607267e-01	
1  5.87956	-1.018705e+00	-7.070964e-03	4.684987e-02	6.525923e-01	9.801035e-01	8.070663e-01	3.013006e+00	1.134525e-01	3.144379e-01	1.101793e+00	1.225433e+00	1.276766e+00	1.322053e+00	1.365571e+00	1.406715e+00	1.451048e+00	1.504277e+00	1.572221e+00	1.749209e+00	1.830474e+00	-4.551542e-01	
3  6.83396	-1.007397e+00	-2.657338e-02	4.504999e-02	6.282187e-01	9.807447e-01	8.067241e-01	2.634595e+00	9.866939e-02	3.156689e-01	1.102181e+00	1.224233e+00	1.275693e+00	1.320837e+00	1.365714e+00	1.405491e+00	1.449830e+00	1.503178e+00	1.571662e+00	1.749068e+00	1.857184e+00	-4.765860e-01	
4  9.52579	-1.016706e+00	-7.444419e-04	4.547621e-02	6.236397e-01	9.839615e-01	8.067177e-01	2.586145e+00	1.012482e-01	3.152842e-01	1.102287e+00	1.225686e+00	1.277023e+00	1.321234e+00	1.366531e+00	1.405646e+00	1.452147e+00	1.503766e+00	1.573091e+00	1.748954e+00	1.824114e+00	-4.430408e-01	
1  12.7347	-1.004208e+00	-6.475553e-02	4.424324e-02	5.942090e-01	9.951204e-01	8.053117e-01	2.355476e+00	9.986396e-02	3.165019e-01	1.103316e+00	1.226959e+00	1.279801e+00	1.323181e+00	1.369379e+00	1.408668e+00	1.457060e+00	1.507663e+00	1.577219e+00	1.752431e+00	1.825117e+00	-4.487668e-01	
2  10.7508	-1.020293e+00	7.292309e-03	4.392688e-02	6.036755e-01	9.892985e-01	8.066466e-01	2.379480e+00	9.894278e-02	3.154158e-01	1.102991e+00	1.225983e+00	1.278290e+00	1.321782e+00	1.366777e+00	1.407102e+00	1.454253e+00	1.505025e+00	1.573690e+00	1.748201e+00	1.891072e+00	-4.890990e-01	
4  11.5702	-1.002077e+00	-3.713397e-02	4.665276e-02	6.142161e-01	9.864961e-01	8.065750e-01	2.306522e+00	7.935090e-02	3.163185e-01	1.102681e+00	1.225077e+00	1.277583e+00	1.321617e+00	1.365433e+00	1.406186e+00	1.452744e+00	1.503567e+00	1.573660e+00	1.747705e+00	1.951088e+00	-5.182997e-01	
2  11.6519	-9.774668e-01	-1.064963e-01	4.550241e-02	6.051063e-01	9.869031e-01	8.054053e-01	2.358861e+00	7.366689e-02	3.182090e-01	1.102427e+00	1.224160e+00	1.276648e+00	1.320694e+00	1.364991e+00	1.405608e+00	1.452641e+00	1.503484e+00	1.573875e+00	1.748543e+00	1.903532e+00	-4.981743e-01	
3  12.2693	-9.890990e-01	-3.790535e-02	4.367984e-02	6.403407e-01	9.738108e-01	8.069547e-01	3.067961e+00	8.593786e-02	3.170750e-01	1.099793e+00	1.220848e+00	1.273484e+00	1.316053e+00	1.359797e+00	1.400526e+00	1.445831e+00	1.496823e+00	1.566923e+00	1.739620e+00	1.831113e+00	-4.515644e-01	
8  11.1099	-1.006698e+00	4.590130e-03	4.459874e-02	6.400691e-01	9.758280e-01	8.078980e-01	2.925335e+00	8.803396e-02	3.156028e-01	1.099988e+00	1.221973e+00	1.274311e+00	1.318477e+00	1.360325e+00	1.401857e+00	1.447618e+00	1.497246e+00	1.567960e+00	1.739921e+00	1.924746e+00	-5.132306e-01	
9  9.69996	-9.813479e-01	-1.083171e-01	4.392194e-02	6.071633e-01	9.877525e-01	8.051960e-01	2.546154e+00	9.006475e-02	3.175835e-01	1.101056e+00	1.223000e+00	1.275886e+00	1.321133e+00	1.363861e+00	1.406447e+00	1.451470e+00	1.502763e+00	1.574311e+00	1.747772e+00	1.884497e+00	-5.020208e-01	
7  9.24201	-9.902155e-01	-7.279853e-02	4.258797e-02	6.159581e-01	9.799968e-01	8.059397e-01	2.602773e+00	1.129704e-01	3.169270e-01	1.099454e+00	1.220843e+00	1.273280e+00	1.316890e+00	1.360484e+00	1.402759e+00	1.446918e+00	1.498464e+00	1.568856e+00	1.743276e+00	1.893026e+00	-5.101269e-01	
2  9.46203	-9.633253e-01	-1.880665e-01	4.460236e-02	6.060813e-01	9.878975e-01	8.033690e-01	2.404516e+00	1.123526e-01	3.186756e-01	1.100640e+00	1.223261e+00	1.275687e+00	1.319709e+00	1.363572e+00	1.407147e+00	1.452395e+00	1.503412e+00	1.574388e+00	1.751632e+00	1.843995e+00	-4.859695e-01	
5  10.2659	-9.489420e-01	-2.408216e-01	4.543416e-02	6.175623e-01	9.852853e-01	8.018701e-01	2.528351e+00	1.205476e-01	3.197671e-01	1.100716e+00	1.223429e+00	1.275622e+00	1.320404e+00	1.364293e+00	1.408160e+00	1.452148e+00	1.504683e+00	1.574571e+00	1.753372e+00	1.710696e+00	-4.010046e-01	
1  12.923	-9.390865e-01	-3.148973e-01	4.390269e-02	5.989283e-01	9.941956e-01	7.998772e-01	2.508228e+00	1.324645e-01	3.208158e-01	1.102084e+00	1.225561e+00	1.279303e+00	1.324649e+00	1.370003e+00	1.410856e+00	1.458696e+00	1.510191e+00	1.579433e+00	1.760894e+00	1.755837e+00	-4.311499e-01	
1  10.6277	-9.524345e-01	-2.390588e-01	4.310216e-02	6.117820e-01	9.871295e-01	8.010005e-01	2.696809e+00	1.348718e-01	3.202877e-01	1.101078e+00	1.224123e+00	1.275928e+00	1.322031e+00	1.366288e+00	1.407101e+00	1.454084e+00	1.505551e+00	1.574333e+00	1.754390e+00	1.791219e+00	-4.491281e-01	
1  12.452	-9.693059e-01	-1.777370e-01	4.276034e-02	6.237732e-01	9.819762e-01	8.035410e-01	2.833560e+00	1.162484e-01	3.184331e-01	1.100607e+00	1.223416e+00	1.274881e+00	1.322153e+00	1.364947e+00	1.407085e+00	1.451509e+00	1.505153e+00	1.573034e+00	1.753600e+00	1.916261e+00	-5.097970e-01	
7  12.2242	-9.705411e-01	-1.994766e-01	4.283272e-02	6.073495e-01	9.871015e-01	8.022965e-01	2.527908e+00	1.211946e-01	3.187652e-01	1.103343e+00	1.226049e+00	1.278480e+00	1.326295e+00	1.369348e+00	1.411102e+00	1.457502e+00	1.509778e+00	1.577205e+00	1.758857e+00	1.933923e+00	-5.293652e-01	
5  13.5671	-9.880911e-01	-1.471955e-01	4.411984e-02	6.119908e-01	9.870074e-01	8.021550e-01	2.412911e+00	1.403917e-01	3.180501e-01	1.103892e+00	1.227148e+00	1.278831e+00	1.327079e+00	1.369925e+00	1.411177e+00	1.457906e+00	1.509426e+00	1.577112e+00	1.757135e+00	1.978079e+00	-5.496994e-01	
2  14.0121	-9.815103e-01	-1.861591e-01	4.471602e-02	5.969158e-01	9.934050e-01	8.010574e-01	2.221690e+00	1.318972e-01	3.188909e-01	1.105915e+00	1.230213e+00	1.282284e+00	1.329966e+00	1.374020e+00	1.415592e+00	1.463091e+00	1.514222e+00	1.582325e+00	1.762315e+00	1.959627e+00	-5.416398e-01	
2  14.088	-9.709670e-01	-2.249972e-01	4.272308e-02	5.931747e-01	9.957953e-01	8.008907e-01	2.444216e+00	1.256783e-01	3.193991e-01	1.105262e+00	1.230230e+00	1.282021e+00	1.329893e+00	1.374429e+00	1.415158e+00	1.462844e+00	1.513940e+00	1.582787e+00	1.762410e+00	1.997067e+00	-5.638801e-01	
6  12.624	-9.910759e-01	-1.288688e-01	4.050587e-02	6.114374e-01	9.860870e-01	8.030177e-01	2.831109e+00	1.371965e-01	3.180973e-01	1.103061e+00	1.226672e+00	1.277887e+00	1.326009e+00	1.368074e+00	1.410178e+00	1.455863e+00	1.506634e+00	1.576006e+00	1.752606e+00	1.950693e+00	-5.471668e-01	
2  11.722	-1.003467e+00	-9.069015e-02	4.216802e-02	6.156705e-01	9.891635e-01	8.044634e-01	2.784349e+00	1.130348e-01	3.164661e-01	1.103901e+00	1.227529e+00	1.279312e+00	1.327150e+00	1.370280e+00	1.410269e+00	1.458402e+00	1.507350e+00	1.578594e+00	1.753886e+00	1.880677e+00	-5.095850e-01	
1  10.6229	-1.006974e+00	-8.121989e-02	4.260229e-02	6.126602e-01	9.865098e-01	8.046453e-01	2.551867e+00	1.159742e-01	3.164290e-01	1.104582e+00	1.228275e+00	1.279753e+00	1.327330e+00	1.369454e+00	1.410108e+00	1.456738e+00	1.507378e+00	1.578268e+00	1.753063e+00	1.839226e+00	-4.923150e-01	
11  10.8015	-9.946744e-01	-1.289410e-01	4.248414e-02	6.186898e-01	9.835920e-01	8.028072e-01	2.665010e+00	1.388663e-01	3.180156e-01	1.104886e+00	1.227532e+00	1.281142e+00	1.327180e+00	1.369054e+00	1.410033e+00	1.457716e+00	1.507070e+00	1.579210e+00	1.753086e+00	1.864710e+00	-5.131200e-01	
12  11.2639	-9.703866e-01	-2.182865e-01	4.131938e-02	6.069912e-01	9.868046e-01	8.008605e-01	2.674504e+00	1.331090e-01	3.199678e-01	1.106288e+00	1.228468e+00	1.282877e+00	1.327474e+00	1.372085e+00	1.411683e+00	1.460726e+00	1.509918e+00	1.582804e+00	1.759282e+00	1.754261e+00	-4.489184e-01	
1  10.4325	-9.607402e-01	-2.299417e-01	4.272452e-02	6.268858e-01	9.797383e-01	8.001915e-01	2.820070e+00	1.524969e-01	3.209151e-01	1.104535e+00	1.225446e+00	1.279066e+00	1.324017e+00	1.367747e+00	1.408382e+00	1.455551e+00	1.506169e+00	1.577800e+00	1.754096e+00	1.753643e+00	-4.490387e-01	
1  10.1998	-9.420206e-01	-2.814351e-01	4.508906e-02	6.282830e-01	9.804985e-01	7.990946e-01	2.684307e+00	1.318607e-01	3.224017e-01	1.105710e+00	1.226504e+00	1.280578e+00	1.324953e+00	1.369837e+00	1.409640e+00	1.457087e+00	1.508613e+00	1.579481e+00	1.756885e+00	1.674197e+00	-4.022894e-01	
8  10.0136	-9.638640e-01	-2.283443e-01	4.334212e-02	6.315752e-01	9.793491e-01	7.996257e-01	2.860672e+00	1.578863e-01	3.213109e-01	1.105451e+00	1.227400e+00	1.282120e+00	1.325264e+00	1.369846e+00	1.409960e+00	1.458494e+00	1.508423e+00	1.579031e+00	1.756040e+00	1.691708e+00	-4.100243e-01	
11  11.404	-9.401267e-01	-3.337553e-01	4.328383e-02	6.075261e-01	9.886009e-01	7.983862e-01	2.623507e+00	1.418134e-01	3.225646e-01	1.106233e+00	1.229185e+00	1.285105e+00	1.327444e+00	1.373855e+00	1.412500e+00	1.463121e+00	1.514440e+00	1.585228e+00	1.764089e+00	1.728401e+00	-4.398145e-01	
2  10.6922	-9.205152e-01	-3.985555e-01	4.535472e-02	6.086218e-01	9.907847e-01	7.971927e-01	2.559566e+00	1.408795e-01	3.237493e-01	1.105849e+00	1.228657e+00	1.284619e+00	1.327287e+00	1.373206e+00	1.412972e+00	1.464403e+00	1.514105e+00	1.586331e+00	1.766289e+00	1.735098e+00	-4.451555e-01	
3  10.7167	-9.316637e-01	-3.815710e-01	4.391535e-02	5.939205e-01	9.973719e-01	7.979164e-01	2.497986e+00	1.455038e-01	3.226451e-01	1.105821e+00	1.228986e+00	1.284304e+00	1.328353e+00	1.374079e+00	1.414464e+00	1.465463e+00	1.515407e+00	1.586599e+00	1.767047e+00	1.759216e+00	-4.564084e-01	
6  10.6638	-9.433453e-01	-3.452830e-01	4.383529e-02	5.917300e-01	1.001051e+00	7.981632e-01	2.557884e+00	1.454117e-01	3.219611e-01	1.105674e+00	1.229726e+00	1.285386e+00	1.329876e+00	1.375041e+00	1.416314e+00	1.464974e+00	1.516584e+00	1.586514e+00	1.766238e+00	1.814445e+00	-4.877633e-01	
1  8.05708	-9.616869e-01	-2.564504e-01	4.484036e-02	6.164218e-01	9.917054e-01	8.008008e-01	2.768067e+00	1.376721e-01	3.199548e-01	1.104243e+00	1.227650e+00	1.283098e+00	1.325555e+00	1.371337e+00	1.412799e+00	1.461358e+00	1.511908e+00	1.581917e+00	1.760579e+00	1.825728e+00	-4.928256e-01	
10  10.2805	-9.668915e-01	-2.475463e-01	4.605020e-02	6.249557e-01	9.894353e-01	8.017894e-01	2.752945e+00	1.182610e-01	3.191372e-01	1.105365e+00	1.229528e+00	1.284827e+00	1.327467e+00	1.373851e+00	1.414547e+00	1.464895e+00	1.514268e+00	1.584996e+00	1.764545e+00	1.907161e+00	-5.394416e-01	
4  8.74806	-9.683451e-01	-2.338639e-01	4.513605e-02	6.279906e-01	9.875620e-01	8.011215e-01	2.882484e+00	1.430337e-01	3.196895e-01	1.104284e+00	1.228008e+00	1.281692e+00	1.326753e+00	1.370952e+00	1.412279e+00	1.461188e+00	1.511674e+00	1.582763e+00	1.760432e+00	1.979146e+00	-5.747204e-01	
7  7.93573	-9.922050e-01	-1.673919e-01	4.382364e-02	6.256058e-01	9.870962e-01	8.024894e-01	2.840268e+00	1.429780e-01	3.179113e-01	1.105139e+00	1.229545e+00	1.283390e+00	1.328824e+00	1.371542e+00	1.413682e+00	1.461992e+00	1.513060e+00	1.583510e+00	1.759670e+00	1.895968e+00	-5.186748e-01	
25  10.0087	-9.915007e-01	-1.304610e-01	4.438281e-02	6.407949e-01	9.769718e-01	8.036687e-01	2.857964e+00	1.389578e-01	3.179139e-01	1.103614e+00	1.226638e+00	1.279343e+00	1.323387e+00	1.367105e+00	1.408285e+00	1.456757e+00	1.506172e+00	1.576348e+00	1.752312e+00	1.876727e+00	-5.199866e-01	
16  8.34114	-9.925472e-01	-1.256713e-01	4.415172e-02	6.355670e-01	9.802288e-01	8.033438e-01	2.880785e+00	1.434254e-01	3.181617e-01	1.103403e+00	1.227074e+00	1.279954e+00	1.323336e+00	1.366892e+00	1.408704e+00	1.455536e+00	1.506458e+00	1.576728e+00	1.751570e+00	1.852282e+00	-5.010342e-01	
1  10.545	-9.736334e-01	-2.270621e-01	4.708925e-02	6.179287e-01	9.892611e-01	8.004175e-01	2.380230e+00	1.646580e-01	3.197959e-01	1.104682e+00	1.228930e+00	1.282346e+00	1.326466e+00	1.370986e+00	1.410717e+00	1.462872e+00	1.511555e+00	1.581939e+00	1.758172e+00	1.863206e+00	-4.995595e-01	
5  10.8378	-9.811011e-01	-2.209936e-01	4.617033e-02	6.243713e-01	9.896479e-01	8.009686e-01	2.641278e+00	1.790252e-01	3.190939e-01	1.104787e+00	1.228740e+00	1.282202e+00	1.326273e+00	1.372068e+00	1.411516e+00	1.462483e+00	1.511877e+00	1.581325e+00	1.757924e+00	1.851855e+00	-4.887118e-01	
16  11.4057	-9.906653e-01	-1.737670e-01	4.808303e-02	6.276218e-01	9.874043e-01	8.011211e-01	2.360798e+00	1.868151e-01	3.188552e-01	1.104648e+00	1.227578e+00	1.280896e+00	1.324449e+00	1.370368e+00	1.409253e+00	1.460230e+00	1.508974e+00	1.578651e+00	1.754516e+00	1.876434e+00	-5.027254e-01	
4  12.5324	-1.010697e+00	-1.003369e-01	4.619818e-02	6.443045e-01	9.821432e-01	8.029487e-01	2.801340e+00	1.797569e-01	3.172695e-01	1.104817e+00	1.227894e+00	1.280653e+00	1.325288e+00	1.369646e+00	1.408648e+00	1.459270e+00	1.508424e+00	1.577561e+00	1.751854e+00	1.868561e+00	-4.917447e-01	
3  12.861	-9.909781e-01	-1.654370e-01	4.805115e-02	6.265944e-01	9.855017e-01	8.002480e-01	2.350902e+00	1.902522e-01	3.198446e-01	1.105909e+00	1.229055e+00	1.282644e+00	1.326164e+00	1.371801e+00	1.409847e+00	1.462658e+00	1.510344e+00	1.579547e+00	1.754323e+00	1.881144e+00	-5.111826e-01	
27  16.109	-9.749227e-01	-2.108597e-01	5.047143e-02	6.227794e-01	9.840040e-01	7.986243e-01	1.912775e+00	1.950639e-01	3.214112e-01	1.105833e+00	1.228082e+00	1.283302e+00	1.324143e+00	1.371945e+00	1.410414e+00	1.460428e+00	1.509703e+00	1.578878e+00	1.753798e+00	1.817300e+00	-4.742277e-01	
2  16.2599	-9.827593e-01	-1.642936e-01	4.880468e-02	6.288914e-01	9.814440e-01	8.000936e-01	2.265082e+00	1.704397e-01	3.208836e-01	1.106030e+00	1.228338e+00	1.283112e+00	1.323688e+00	1.371942e+00	1.409197e+00	1.459313e+00	1.508494e+00	1.577205e+00	1.751147e+00	1.886958e+00	-5.082225e-01	
10  16.2735	-9.996943e-01	-9.753681e-02	4.715327e-02	6.227779e-01	9.843523e-01	8.013532e-01	2.345155e+00	1.759492e-01	3.192522e-01	1.104760e+00	1.226058e+00	1.281735e+00	1.321424e+00	1.369668e+00	1.406260e+00	1.457307e+00	1.506549e+00	1.574058e+00	1.748601e+00	1.871092e+00	-4.941250e-01	
8  16.5979	-9.988283e-01	-8.191666e-02	4.990436e-02	6.294171e-01	9.813367e-01	8.025034e-01	2.154336e+00	1.468687e-01	3.190643e-01	1.105470e+00	1.226565e+00	1.281622e+00	1.321276e+00	1.369677e+00	1.406382e+00	1.456224e+00	1.506596e+00	1.574074e+00	1.747928e+00	1.870275e+00	-5.011048e-01	
27  13.291	-9.920619e-01	-1.526844e-01	5.104257e-02	6.226373e-01	9.911235e-01	7.996775e-01	2.155748e+00	1.659794e-01	3.203943e-01	1.108172e+00	1.231292e+00	1.286669e+00	1.326831e+00	1.375223e+00	1.414298e+00	1.463205e+00	1.514421e+00	1.583477e+00	1.759087e+00	1.876122e+00	-5.121583e-01	
4  12.1863	-1.001745e+00	-9.443325e-02	5.091584e-02	6.278820e-01	9.872354e-01	8.016917e-01	2.182828e+00	1.646624e-01	3.191472e-01	1.105563e+00	1.227363e+00	1.281928e+00	1.322946e+00	1.370585e+00	1.408581e+00	1.458560e+00	1.508314e+00	1.577247e+00	1.752472e+00	1.795584e+00	-4.505835e-01	
15  13.4713	-9.987990e-01	-1.272517e-01	5.122038e-02	6.171125e-01	9.904214e-01	8.004835e-01	1.970795e+00	1.792647e-01	3.200343e-01	1.106574e+00	1.228686e+00	1.283604e+00	1.324698e+00	1.372711e+00	1.410278e+00	1.461397e+00	1.510527e+00	1.580580e+00	1.756881e+00	1.847032e+00	-4.841261e-01	
1  17.3231	-9.916191e-01	-1.540677e-01	5.080577e-02	5.982872e-01	9.951904e-01	7.985078e-01	1.693019e+00	1.976276e-01	3.215652e-01	1.106476e+00	1.228387e+00	1.283783e+00	1.324297e+00	1.372623e+00	1.410806e+00	1.459931e+00	1.510951e+00	1.580301e+00	1.757022e+00	1.818611e+00	-4.680030e-01	
7  16.8142	-9.951036e-01	-1.169761e-01	5.035963e-02	6.076140e-01	9.917229e-01	8.000523e-01	1.895857e+00	1.836999e-01	3.207155e-01	1.105180e+00	1.226279e+00	1.282301e+00	1.321306e+00	1.369353e+00	1.407824e+00	1.457021e+00	1.507618e+00	1.576270e+00	1.752966e+00	1.819794e+00	-4.641128e-01	
12  15.224	-9.703357e-01	-1.965963e-01	5.039116e-02	5.994111e-01	9.922798e-01	7.993676e-01	1.833919e+00	1.675700e-01	3.221673e-01	1.105127e+00	1.225978e+00	1.281709e+00	1.321108e+00	1.370244e+00	1.409279e+00	1.458175e+00	1.508218e+00	1.577844e+00	1.755683e+00	1.666536e+00	-3.728520e-01	
1  14.8046	-9.804388e-01	-1.935399e-01	4.966000e-02	5.998978e-01	9.954760e-01	7.994413e-01	1.981107e+00	1.788365e-01	3.212550e-01	1.105816e+00	1.227716e+00	1.283484e+00	1.324598e+00	1.373047e+00	1.411065e+00	1.461241e+00	1.510885e+00	1.580695e+00	1.758604e+00	1.707109e+00	-3.873344e-01	
# After 184 accepted steps: update proposal with max(R-1) = 0.717761 and jumping factor = 2.400000 
11  11.8418	-9.717382e-01	-2.119512e-01	5.127620e-02	6.100655e-01	9.906974e-01	7.992043e-01	1.879237e+00	1.653771e-01	3.217670e-01	1.106384e+00	1.228067e+00	1.283700e+00	1.324694e+00	1.372803e+00	1.411709e+00	1.460963e+00	1.510415e+00	1.580808e+00	1.758212e+00	1.745598e+00	-4.151795e-01	
7  12.0047	-9.595986e-01	-2.668333e-01	5.100115e-02	6.065605e-01	9.928238e-01	7.978281e-01	1.919071e+00	1.570662e-01	3.227256e-01	1.108060e+00	1.230018e+00	1.285580e+00	1.328858e+00	1.376739e+00	1.414924e+00	1.464705e+00	1.514712e+00	1.585080e+00	1.763279e+00	1.818606e+00	-4.567422e-01	
1  13.5621	-9.441461e-01	-3.021984e-01	5.055832e-02	6.043833e-01	9.919364e-01	7.984178e-01	1.910440e+00	1.309722e-01	3.229815e-01	1.106867e+00	1.228639e+00	1.284344e+00	1.327026e+00	1.375547e+00	1.414189e+00	1.462307e+00	1.514258e+00	1.583778e+00	1.763024e+00	1.750377e+00	-4.193951e-01	
6  13.6236	-9.599953e-01	-2.166951e-01	4.974292e-02	6.236342e-01	9.850548e-01	8.018012e-01	2.209263e+00	1.100326e-01	3.203408e-01	1.104063e+00	1.225171e+00	1.279911e+00	1.323160e+00	1.369455e+00	1.409184e+00	1.455096e+00	1.508020e+00	1.577254e+00	1.756336e+00	1.710949e+00	-3.851972e-01	
13  11.5604	-9.417013e-01	-3.155678e-01	4.790511e-02	6.040346e-01	9.953120e-01	7.976596e-01	2.294241e+00	1.389457e-01	3.230358e-01	1.106329e+00	1.228463e+00	1.284561e+00	1.327841e+00	1.374499e+00	1.415526e+00	1.461640e+00	1.514828e+00	1.584307e+00	1.763784e+00	1.665539e+00	-3.599672e-01	
8  13.1083	-9.210579e-01	-4.113801e-01	4.791324e-02	5.774698e-01	1.007921e+00	7.975953e-01	2.051245e+00	1.147982e-01	3.230998e-01	1.106826e+00	1.229547e+00	1.285236e+00	1.329829e+00	1.377420e+00	1.420080e+00	1.465247e+00	1.520179e+00	1.590238e+00	1.770167e+00	1.627201e+00	-3.325588e-01	
6  14.2516	-9.418169e-01	-3.160939e-01	4.751424e-02	5.840307e-01	1.003798e+00	7.999911e-01	2.070002e+00	9.354146e-02	3.208942e-01	1.106841e+00	1.228452e+00	1.284280e+00	1.328529e+00	1.376027e+00	1.417701e+00	1.464113e+00	1.517946e+00	1.587305e+00	1.765747e+00	1.694885e+00	-3.762016e-01	
12  13.0322	-9.512940e-01	-2.871766e-01	4.997207e-02	5.930451e-01	9.999577e-01	7.984992e-01	1.847736e+00	1.202402e-01	3.218459e-01	1.107776e+00	1.230414e+00	1.286175e+00	1.328779e+00	1.376171e+00	1.417476e+00	1.465161e+00	1.517113e+00	1.586274e+00	1.765142e+00	1.799519e+00	-4.429674e-01	
6  12.3144	-9.600299e-01	-2.554814e-01	4.852043e-02	6.085823e-01	9.932349e-01	7.982194e-01	2.211611e+00	1.318502e-01	3.218406e-01	1.109121e+00	1.230996e+00	1.287501e+00	1.329654e+00	1.378084e+00	1.417042e+00	1.465062e+00	1.516739e+00	1.586562e+00	1.763961e+00	1.881334e+00	-5.021978e-01	
2  12.489	-9.887196e-01	-9.787061e-02	4.894307e-02	6.384377e-01	9.816766e-01	8.046788e-01	2.615308e+00	8.845403e-02	3.179097e-01	1.104596e+00	1.225572e+00	1.280185e+00	1.323690e+00	1.368421e+00	1.409646e+00	1.454095e+00	1.506296e+00	1.575053e+00	1.752792e+00	1.844539e+00	-4.707929e-01	
1  10.7162	-9.657486e-01	-2.172729e-01	4.933220e-02	6.109899e-01	9.954224e-01	8.013071e-01	2.333261e+00	1.026181e-01	3.201809e-01	1.106299e+00	1.229222e+00	1.284061e+00	1.327251e+00	1.374160e+00	1.414742e+00	1.461476e+00	1.513871e+00	1.581901e+00	1.760782e+00	1.850858e+00	-4.773313e-01	
36  11.0914	-9.615065e-01	-2.612983e-01	4.817781e-02	5.807586e-01	1.006655e+00	7.999496e-01	1.970771e+00	1.080037e-01	3.206267e-01	1.107434e+00	1.231581e+00	1.285987e+00	1.328945e+00	1.377264e+00	1.418272e+00	1.466556e+00	1.518151e+00	1.586636e+00	1.766726e+00	1.933609e+00	-5.272662e-01	
13  12.4192	-9.760647e-01	-1.938898e-01	4.714544e-02	6.190330e-01	9.935267e-01	8.020528e-01	2.624064e+00	1.184024e-01	3.188483e-01	1.104913e+00	1.228324e+00	1.282817e+00	1.324259e+00	1.372103e+00	1.412941e+00	1.459662e+00	1.512473e+00	1.579610e+00	1.759109e+00	1.859489e+00	-4.908551e-01	
11  12.06	-9.656698e-01	-2.831971e-01	4.850036e-02	5.930715e-01	1.003613e+00	7.991039e-01	2.045786e+00	1.319951e-01	3.204035e-01	1.108574e+00	1.232680e+00	1.288820e+00	1.329744e+00	1.378870e+00	1.420074e+00	1.468316e+00	1.520614e+00	1.589350e+00	1.769129e+00	1.889401e+00	-5.076768e-01	
5  11.1237	-9.783086e-01	-2.367595e-01	4.839103e-02	5.981763e-01	1.002953e+00	8.016376e-01	2.106564e+00	1.085734e-01	3.182020e-01	1.107707e+00	1.232321e+00	1.287348e+00	1.330411e+00	1.378483e+00	1.419773e+00	1.468137e+00	1.519769e+00	1.588438e+00	1.768475e+00	1.843566e+00	-4.722904e-01	
28  10.4317	-9.827956e-01	-2.179567e-01	4.923046e-02	6.050988e-01	1.004915e+00	8.019801e-01	2.350924e+00	9.911821e-02	3.180458e-01	1.108785e+00	1.234122e+00	1.288383e+00	1.332688e+00	1.378883e+00	1.421702e+00	1.469818e+00	1.521078e+00	1.589847e+00	1.769997e+00	1.781983e+00	-4.374465e-01	
3  11.6285	-9.765974e-01	-2.369610e-01	4.954653e-02	6.102877e-01	1.002336e+00	8.006829e-01	2.390865e+00	1.184218e-01	3.190832e-01	1.108250e+00	1.233633e+00	1.287343e+00	1.330936e+00	1.377894e+00	1.420492e+00	1.467580e+00	1.520296e+00	1.588553e+00	1.768636e+00	1.828029e+00	-4.680142e-01	
30  11.5181	-9.837321e-01	-2.212050e-01	5.010453e-02	6.067437e-01	1.000221e+00	8.013797e-01	2.062052e+00	1.234848e-01	3.180592e-01	1.107766e+00	1.232661e+00	1.286260e+00	1.330393e+00	1.377372e+00	1.419578e+00	1.467284e+00	1.519144e+00	1.589055e+00	1.767978e+00	1.933127e+00	-5.300360e-01	
38  11.5653	-9.870633e-01	-2.379800e-01	5.050854e-02	6.000970e-01	1.003230e+00	7.996479e-01	1.930200e+00	1.470087e-01	3.190617e-01	1.109282e+00	1.234593e+00	1.289621e+00	1.333381e+00	1.380808e+00	1.422429e+00	1.471277e+00	1.522469e+00	1.592038e+00	1.769896e+00	1.864041e+00	-4.833664e-01	
14  12.0596	-9.885553e-01	-2.370364e-01	4.668853e-02	5.997108e-01	1.002601e+00	7.999228e-01	2.247560e+00	1.481190e-01	3.188033e-01	1.108455e+00	1.234195e+00	1.289443e+00	1.333759e+00	1.380627e+00	1.421218e+00	1.471281e+00	1.522581e+00	1.591811e+00	1.767988e+00	1.864455e+00	-4.921506e-01	
5  11.2466	-9.906867e-01	-2.105254e-01	4.763802e-02	6.066451e-01	9.971483e-01	8.001750e-01	2.187523e+00	1.563162e-01	3.189190e-01	1.107280e+00	1.232820e+00	1.287487e+00	1.331200e+00	1.378483e+00	1.419298e+00	1.467002e+00	1.518336e+00	1.588441e+00	1.764338e+00	1.856062e+00	-4.800426e-01	
25  11.7642	-9.874879e-01	-1.989484e-01	4.734330e-02	6.089399e-01	9.958953e-01	8.028144e-01	2.223774e+00	1.236074e-01	3.173739e-01	1.104658e+00	1.229777e+00	1.283128e+00	1.327536e+00	1.375231e+00	1.415470e+00	1.463049e+00	1.514556e+00	1.584693e+00	1.762360e+00	1.791664e+00	-4.381098e-01	
1  13.5939	-9.924468e-01	-1.808698e-01	4.912416e-02	6.104182e-01	9.947142e-01	8.047744e-01	2.043615e+00	9.749255e-02	3.162555e-01	1.105517e+00	1.229819e+00	1.282334e+00	1.328867e+00	1.374711e+00	1.416926e+00	1.462970e+00	1.515434e+00	1.584932e+00	1.763790e+00	1.789440e+00	-4.376173e-01	
41  10.3199	-9.713812e-01	-2.638484e-01	4.770818e-02	5.950158e-01	9.992126e-01	8.009355e-01	2.040101e+00	1.358556e-01	3.194440e-01	1.105868e+00	1.230377e+00	1.283107e+00	1.328465e+00	1.375894e+00	1.416827e+00	1.465286e+00	1.516106e+00	1.586330e+00	1.763920e+00	1.800134e+00	-4.575363e-01	
# After 208 accepted steps: rescaled jumping factor from 2.400000 to 2.429367, due to updated covariance matrix 
# After 208 accepted steps: update proposal with max(R-1) = 0.831213 and jumping factor = 2.429367 
34  8.63676	-9.918472e-01	-1.990037e-01	4.783590e-02	5.917694e-01	9.993421e-01	8.018336e-01	1.889814e+00	1.391029e-01	3.182349e-01	1.106541e+00	1.231352e+00	1.284160e+00	1.330431e+00	1.376013e+00	1.418232e+00	1.464709e+00	1.515841e+00	1.586643e+00	1.763698e+00	1.736829e+00	-4.087073e-01	
6  10.0688	-1.017977e+00	-7.180210e-02	5.008673e-02	6.205659e-01	9.904614e-01	8.055917e-01	2.012942e+00	1.292100e-01	3.149681e-01	1.103791e+00	1.227793e+00	1.280054e+00	1.325731e+00	1.370238e+00	1.411828e+00	1.457400e+00	1.507817e+00	1.578045e+00	1.755039e+00	1.773183e+00	-4.223501e-01	
14  11.1211	-1.019031e+00	-7.317637e-02	4.873428e-02	6.206729e-01	9.888327e-01	8.035195e-01	2.138439e+00	1.497093e-01	3.162594e-01	1.105532e+00	1.229574e+00	1.282195e+00	1.327494e+00	1.373385e+00	1.412423e+00	1.458055e+00	1.511452e+00	1.579647e+00	1.757015e+00	1.832624e+00	-4.615111e-01	
2  9.7288	-1.030361e+00	-3.167535e-02	4.801258e-02	6.137686e-01	9.945004e-01	8.057562e-01	2.209868e+00	1.192046e-01	3.141079e-01	1.105509e+00	1.229587e+00	1.281851e+00	1.328792e+00	1.372849e+00	1.414186e+00	1.458890e+00	1.511832e+00	1.581862e+00	1.758512e+00	1.829929e+00	-4.498878e-01	
8  9.18816	-1.034999e+00	1.474178e-02	4.783025e-02	6.268313e-01	9.893197e-01	8.078432e-01	2.452094e+00	9.637846e-02	3.131162e-01	1.104054e+00	1.228049e+00	1.280207e+00	1.327156e+00	1.369877e+00	1.411209e+00	1.455605e+00	1.508010e+00	1.578066e+00	1.755019e+00	1.822149e+00	-4.437290e-01	
1  13.5462	-1.017587e+00	-3.537203e-02	4.899375e-02	6.344798e-01	9.880705e-01	8.083541e-01	2.522958e+00	7.239075e-02	3.133253e-01	1.103681e+00	1.227023e+00	1.279233e+00	1.325865e+00	1.368850e+00	1.412228e+00	1.454030e+00	1.507928e+00	1.578660e+00	1.756825e+00	1.742724e+00	-3.918226e-01	
1  15.0697	-1.030373e+00	2.477900e-02	4.806222e-02	6.461372e-01	9.823136e-01	8.088344e-01	2.724497e+00	8.163619e-02	3.129914e-01	1.103071e+00	1.225634e+00	1.278737e+00	1.324073e+00	1.366761e+00	1.410397e+00	1.451561e+00	1.504363e+00	1.575472e+00	1.751743e+00	1.677269e+00	-3.435823e-01	
4  15.8884	-1.018470e+00	-7.216339e-03	4.828732e-02	6.412777e-01	9.823739e-01	8.083258e-01	2.602055e+00	8.628269e-02	3.139104e-01	1.101850e+00	1.223766e+00	1.277954e+00	1.321025e+00	1.365666e+00	1.407920e+00	1.449804e+00	1.501490e+00	1.573424e+00	1.749964e+00	1.666083e+00	-3.346795e-01	
2  18.5386	-1.038063e+00	7.287843e-02	4.856578e-02	6.663564e-01	9.704322e-01	8.104801e-01	2.823044e+00	8.442727e-02	3.125961e-01	1.101264e+00	1.222467e+00	1.276058e+00	1.319112e+00	1.362831e+00	1.404568e+00	1.447440e+00	1.498088e+00	1.569505e+00	1.744734e+00	1.628570e+00	-3.257396e-01	
5  17.9361	-1.040954e+00	1.251803e-01	5.097914e-02	7.110658e-01	9.538466e-01	8.131778e-01	3.195601e+00	6.927170e-02	3.112567e-01	1.098851e+00	1.218647e+00	1.271858e+00	1.313361e+00	1.357760e+00	1.398020e+00	1.440542e+00	1.491165e+00	1.560558e+00	1.737554e+00	1.706117e+00	-3.709735e-01	
1  14.7636	-1.046507e+00	1.532522e-01	5.020697e-02	7.147938e-01	9.536022e-01	8.138993e-01	3.398067e+00	6.010178e-02	3.108797e-01	1.099021e+00	1.218789e+00	1.271866e+00	1.314228e+00	1.357570e+00	1.395807e+00	1.441343e+00	1.489995e+00	1.561117e+00	1.736517e+00	1.739751e+00	-3.946739e-01	
11  11.1595	-1.035110e+00	8.201462e-02	5.003193e-02	6.952313e-01	9.629325e-01	8.113153e-01	3.230082e+00	7.688839e-02	3.122436e-01	1.100891e+00	1.221406e+00	1.275967e+00	1.318487e+00	1.361373e+00	1.401056e+00	1.447040e+00	1.496296e+00	1.568585e+00	1.742947e+00	1.813132e+00	-4.319431e-01	
3  7.55273	-9.978036e-01	-2.826265e-02	5.129096e-02	6.859190e-01	9.673579e-01	8.103716e-01	3.155744e+00	5.457060e-02	3.139921e-01	1.099788e+00	1.220058e+00	1.274102e+00	1.316916e+00	1.360145e+00	1.400606e+00	1.446835e+00	1.496482e+00	1.569448e+00	1.746222e+00	1.807101e+00	-4.378298e-01	
3  8.60403	-9.884946e-01	-1.104455e-01	5.003900e-02	6.696783e-01	9.758168e-01	8.070668e-01	3.107076e+00	8.375853e-02	3.158685e-01	1.102378e+00	1.224109e+00	1.279650e+00	1.322050e+00	1.366436e+00	1.405639e+00	1.454394e+00	1.502275e+00	1.576297e+00	1.753685e+00	1.820201e+00	-4.519734e-01	
4  10.2447	-9.590939e-01	-2.195517e-01	5.252499e-02	6.417393e-01	9.851371e-01	8.048050e-01	2.565508e+00	6.493461e-02	3.186578e-01	1.104288e+00	1.226908e+00	1.281755e+00	1.325144e+00	1.369882e+00	1.411580e+00	1.459066e+00	1.508594e+00	1.583016e+00	1.761666e+00	1.763900e+00	-4.194295e-01	
15  10.5662	-9.391954e-01	-2.885353e-01	5.301079e-02	6.308953e-01	9.892416e-01	8.022927e-01	2.442074e+00	7.729678e-02	3.207711e-01	1.105034e+00	1.227915e+00	1.282608e+00	1.325452e+00	1.371054e+00	1.411822e+00	1.462876e+00	1.509638e+00	1.585165e+00	1.763827e+00	1.743570e+00	-4.156374e-01	
2  8.60391	-9.573814e-01	-1.401092e-01	5.320823e-02	6.955443e-01	9.630630e-01	8.073229e-01	3.256757e+00	5.557700e-02	3.180353e-01	1.099689e+00	1.219651e+00	1.273656e+00	1.315678e+00	1.358433e+00	1.398177e+00	1.448067e+00	1.495777e+00	1.569085e+00	1.746243e+00	1.785223e+00	-4.459761e-01	
4  6.88288	-9.838838e-01	-4.229758e-02	5.325614e-02	7.021428e-01	9.608191e-01	8.103743e-01	3.252386e+00	3.997975e-02	3.152402e-01	1.099191e+00	1.219199e+00	1.272561e+00	1.315666e+00	1.357064e+00	1.397065e+00	1.446741e+00	1.493749e+00	1.566629e+00	1.742008e+00	1.810358e+00	-4.661540e-01	
2  7.04882	-9.888984e-01	-2.753362e-02	5.164189e-02	7.010800e-01	9.588603e-01	8.112908e-01	3.252764e+00	3.585209e-02	3.141440e-01	1.098554e+00	1.218100e+00	1.271407e+00	1.314478e+00	1.357087e+00	1.395909e+00	1.446474e+00	1.492017e+00	1.565699e+00	1.740995e+00	1.819886e+00	-4.689767e-01	
5  7.16416	-9.922965e-01	1.205681e-02	5.047953e-02	7.266409e-01	9.500448e-01	8.127641e-01	3.755926e+00	3.849302e-02	3.132644e-01	1.096018e+00	1.214648e+00	1.266908e+00	1.310393e+00	1.350749e+00	1.390933e+00	1.440160e+00	1.485538e+00	1.558476e+00	1.733973e+00	1.839279e+00	-4.845780e-01	
3  10.719	-9.893342e-01	-5.806008e-02	4.799012e-02	6.900238e-01	9.639587e-01	8.080290e-01	3.537340e+00	9.791674e-02	3.159022e-01	1.098770e+00	1.218964e+00	1.271690e+00	1.316489e+00	1.355547e+00	1.398720e+00	1.447289e+00	1.492180e+00	1.566517e+00	1.740613e+00	1.870423e+00	-4.979556e-01	
5  10.9184	-9.903924e-01	-8.608353e-02	4.884028e-02	6.770075e-01	9.693993e-01	8.070049e-01	3.231745e+00	1.117984e-01	3.160211e-01	1.100011e+00	1.221022e+00	1.274644e+00	1.318598e+00	1.358368e+00	1.402188e+00	1.450289e+00	1.495742e+00	1.569968e+00	1.745598e+00	1.850067e+00	-4.830420e-01	
4  10.759	-9.741659e-01	-1.467425e-01	4.854726e-02	6.649085e-01	9.738964e-01	8.045499e-01	3.152910e+00	1.172072e-01	3.180596e-01	1.101513e+00	1.223167e+00	1.277140e+00	1.320059e+00	1.361165e+00	1.404332e+00	1.453322e+00	1.498816e+00	1.572908e+00	1.749727e+00	1.818777e+00	-4.748261e-01	
16  8.86365	-9.879070e-01	-1.042202e-01	4.918021e-02	6.666772e-01	9.752426e-01	8.070965e-01	3.113456e+00	8.502019e-02	3.156838e-01	1.102115e+00	1.224093e+00	1.277558e+00	1.322295e+00	1.361897e+00	1.406932e+00	1.453682e+00	1.500073e+00	1.574857e+00	1.752008e+00	1.814134e+00	-4.613813e-01	
6  9.05345	-9.816903e-01	-1.211718e-01	4.917964e-02	6.552060e-01	9.777826e-01	8.069280e-01	2.935045e+00	7.855625e-02	3.161190e-01	1.102003e+00	1.223245e+00	1.277201e+00	1.322673e+00	1.361943e+00	1.406865e+00	1.453375e+00	1.500328e+00	1.577113e+00	1.752189e+00	1.800860e+00	-4.531090e-01	
1  11.2533	-9.818740e-01	-8.097768e-02	4.765676e-02	6.672917e-01	9.688732e-01	8.088001e-01	3.111440e+00	6.908963e-02	3.152857e-01	1.098917e+00	1.219127e+00	1.272000e+00	1.316040e+00	1.355667e+00	1.400142e+00	1.444923e+00	1.492890e+00	1.568329e+00	1.745899e+00	1.756298e+00	-4.215117e-01	
2  10.2727	-9.695219e-01	-1.604668e-01	4.643805e-02	6.336288e-01	9.805877e-01	8.052358e-01	2.767014e+00	9.060281e-02	3.176442e-01	1.101774e+00	1.222853e+00	1.277142e+00	1.320663e+00	1.361881e+00	1.405525e+00	1.450408e+00	1.500807e+00	1.576322e+00	1.753399e+00	1.742815e+00	-4.137315e-01	
8  8.70433	-9.886125e-01	-1.100058e-01	4.735060e-02	6.292738e-01	9.831129e-01	8.052746e-01	2.582509e+00	1.127611e-01	3.170798e-01	1.102614e+00	1.224206e+00	1.278246e+00	1.322374e+00	1.362196e+00	1.406360e+00	1.451629e+00	1.501575e+00	1.575633e+00	1.753610e+00	1.785106e+00	-4.453988e-01	
2  8.16011	-9.882367e-01	-8.827290e-02	4.721612e-02	6.532152e-01	9.757698e-01	8.051057e-01	2.962098e+00	1.114640e-01	3.172066e-01	1.102650e+00	1.222847e+00	1.277192e+00	1.321544e+00	1.360981e+00	1.404530e+00	1.448381e+00	1.499951e+00	1.572262e+00	1.750947e+00	1.871579e+00	-4.966996e-01	
1  10.2616	-9.984797e-01	-4.119909e-02	4.893639e-02	6.637119e-01	9.726333e-01	8.082873e-01	2.934173e+00	8.612811e-02	3.150371e-01	1.101044e+00	1.221615e+00	1.274374e+00	1.320941e+00	1.357080e+00	1.403203e+00	1.445022e+00	1.497978e+00	1.569187e+00	1.748002e+00	1.895761e+00	-5.107619e-01	
2  10.6961	-9.973869e-01	-2.890699e-02	5.120455e-02	6.830920e-01	9.660868e-01	8.100429e-01	2.963069e+00	6.315748e-02	3.142415e-01	1.100531e+00	1.220371e+00	1.272374e+00	1.319974e+00	1.356029e+00	1.401186e+00	1.442915e+00	1.497179e+00	1.567133e+00	1.745615e+00	1.779984e+00	-4.408986e-01	
1  11.9686	-9.851814e-01	-2.646963e-02	5.001670e-02	7.095792e-01	9.559285e-01	8.118245e-01	3.577864e+00	4.054301e-02	3.143458e-01	1.098038e+00	1.216446e+00	1.267582e+00	1.314693e+00	1.351022e+00	1.395088e+00	1.436912e+00	1.491270e+00	1.559818e+00	1.739725e+00	1.782417e+00	-4.421911e-01	
7  10.1718	-1.004946e+00	7.213319e-02	5.101130e-02	7.143683e-01	9.534976e-01	8.151794e-01	3.415872e+00	7.379531e-03	3.117954e-01	1.096564e+00	1.214616e+00	1.264793e+00	1.312465e+00	1.348180e+00	1.392037e+00	1.433676e+00	1.486782e+00	1.555273e+00	1.733923e+00	1.848734e+00	-4.884337e-01	
8  11.0117	-9.863865e-01	2.906509e-02	5.176137e-02	7.268959e-01	9.490462e-01	8.130299e-01	3.620042e+00	2.729463e-02	3.138535e-01	1.095806e+00	1.213258e+00	1.263113e+00	1.310043e+00	1.345475e+00	1.388936e+00	1.432913e+00	1.483931e+00	1.553219e+00	1.729962e+00	1.839363e+00	-4.834725e-01	
9  10.9951	-9.591874e-01	-9.549855e-02	5.124692e-02	6.928594e-01	9.599721e-01	8.073397e-01	3.180412e+00	7.137789e-02	3.176537e-01	1.098297e+00	1.215221e+00	1.266271e+00	1.313113e+00	1.351141e+00	1.393314e+00	1.439137e+00	1.489365e+00	1.560638e+00	1.735222e+00	1.845986e+00	-4.902646e-01	
1  14.7256	-9.970265e-01	8.765765e-02	5.372318e-02	7.196920e-01	9.445286e-01	8.128513e-01	2.989200e+00	5.681918e-02	3.137993e-01	1.093965e+00	1.208873e+00	1.259528e+00	1.306168e+00	1.341055e+00	1.383790e+00	1.426915e+00	1.477177e+00	1.546896e+00	1.720936e+00	1.965269e+00	-5.668695e-01	
4  13.127	-1.010465e+00	1.241147e-01	5.353903e-02	7.220138e-01	9.480192e-01	8.140845e-01	3.157993e+00	4.207642e-02	3.123965e-01	1.094607e+00	1.210128e+00	1.261021e+00	1.307698e+00	1.342928e+00	1.386123e+00	1.428474e+00	1.480177e+00	1.549070e+00	1.722202e+00	1.906032e+00	-5.215714e-01	
1  13.8952	-1.014142e+00	1.529721e-01	5.454810e-02	7.217517e-01	9.473484e-01	8.143125e-01	3.004336e+00	3.698716e-02	3.123987e-01	1.094674e+00	1.210086e+00	1.261107e+00	1.306963e+00	1.342334e+00	1.385571e+00	1.426437e+00	1.479677e+00	1.546771e+00	1.720103e+00	1.900536e+00	-5.227575e-01	
3  13.9154	-1.030967e+00	1.987350e-01	5.148613e-02	7.201823e-01	9.469254e-01	8.138052e-01	3.243459e+00	6.037316e-02	3.120138e-01	1.095507e+00	1.211120e+00	1.262991e+00	1.308303e+00	1.342313e+00	1.386689e+00	1.426198e+00	1.480201e+00	1.546627e+00	1.720072e+00	1.800991e+00	-4.625285e-01	
11  12.1776	-1.046268e+00	2.265537e-01	4.910788e-02	7.287750e-01	9.452921e-01	8.151628e-01	3.618034e+00	4.739085e-02	3.104644e-01	1.096907e+00	1.213314e+00	1.266307e+00	1.311113e+00	1.345270e+00	1.390108e+00	1.429504e+00	1.484043e+00	1.549176e+00	1.725224e+00	1.694607e+00	-3.926775e-01	
2  11.6869	-1.054796e+00	2.763916e-01	5.105849e-02	7.461263e-01	9.401030e-01	8.184511e-01	3.644861e+00	2.474479e-02	3.083855e-01	1.094351e+00	1.210592e+00	1.262883e+00	1.306913e+00	1.341595e+00	1.385277e+00	1.426197e+00	1.480111e+00	1.544279e+00	1.719863e+00	1.732302e+00	-4.123320e-01	
1  10.5049	-1.061135e+00	2.868511e-01	4.839682e-02	7.502265e-01	9.362695e-01	8.187532e-01	3.879512e+00	4.570051e-02	3.078404e-01	1.092843e+00	1.208912e+00	1.261773e+00	1.304922e+00	1.340855e+00	1.383550e+00	1.423656e+00	1.478305e+00	1.542443e+00	1.717449e+00	1.723424e+00	-4.068163e-01	
3  10.7739	-1.060737e+00	2.290356e-01	4.870105e-02	7.306163e-01	9.472484e-01	8.154970e-01	3.605024e+00	7.172313e-02	3.093050e-01	1.096678e+00	1.214686e+00	1.268167e+00	1.311344e+00	1.349052e+00	1.391197e+00	1.432430e+00	1.486346e+00	1.551940e+00	1.726904e+00	1.730452e+00	-4.137059e-01	
25  10.9481	-1.064510e+00	2.367429e-01	5.055852e-02	7.218360e-01	9.492157e-01	8.168059e-01	3.185617e+00	4.571907e-02	3.082560e-01	1.097559e+00	1.215984e+00	1.269745e+00	1.312359e+00	1.351255e+00	1.392786e+00	1.434523e+00	1.487787e+00	1.554398e+00	1.729076e+00	1.809237e+00	-4.642206e-01	
1  9.75273	-1.037001e+00	1.367547e-01	5.188933e-02	6.957299e-01	9.562406e-01	8.134380e-01	2.743434e+00	6.028225e-02	3.115204e-01	1.098576e+00	1.217628e+00	1.270688e+00	1.313563e+00	1.353325e+00	1.395572e+00	1.437776e+00	1.489927e+00	1.557823e+00	1.732544e+00	1.918086e+00	-5.350087e-01	
2  7.34517	-1.007125e+00	2.046187e-02	4.872999e-02	6.877335e-01	9.590177e-01	8.112900e-01	3.064417e+00	5.840691e-02	3.134841e-01	1.099253e+00	1.218812e+00	1.271659e+00	1.314777e+00	1.355895e+00	1.396957e+00	1.441414e+00	1.493485e+00	1.562407e+00	1.738133e+00	1.928145e+00	-5.383597e-01	
12  8.43239	-9.842087e-01	-4.660950e-02	4.856090e-02	6.742659e-01	9.609971e-01	8.089047e-01	2.916890e+00	6.557264e-02	3.158622e-01	1.099917e+00	1.219035e+00	1.271467e+00	1.313892e+00	1.356310e+00	1.396666e+00	1.442716e+00	1.494087e+00	1.563699e+00	1.738960e+00	1.948871e+00	-5.598472e-01	
9  7.43085	-9.646923e-01	-1.451192e-01	4.922206e-02	6.565570e-01	9.704620e-01	8.064398e-01	2.773446e+00	7.674063e-02	3.179811e-01	1.101452e+00	1.221448e+00	1.274163e+00	1.316661e+00	1.360439e+00	1.401572e+00	1.447761e+00	1.499405e+00	1.570259e+00	1.746438e+00	1.888904e+00	-5.212288e-01	
5  8.36466	-9.560654e-01	-1.908627e-01	4.689658e-02	6.458546e-01	9.746730e-01	8.030489e-01	2.956530e+00	1.135622e-01	3.199156e-01	1.103502e+00	1.223270e+00	1.276243e+00	1.319376e+00	1.362151e+00	1.405527e+00	1.449636e+00	1.502507e+00	1.573940e+00	1.749175e+00	1.779797e+00	-4.449332e-01	
1  7.59888	-9.855387e-01	-8.070063e-02	4.609313e-02	6.655761e-01	9.659331e-01	8.068234e-01	3.263722e+00	7.942279e-02	3.169965e-01	1.104314e+00	1.224212e+00	1.277929e+00	1.321225e+00	1.362340e+00	1.405700e+00	1.449879e+00	1.503015e+00	1.573543e+00	1.749499e+00	1.726548e+00	-4.159999e-01	
1  7.42044	-1.014686e+00	4.669661e-02	4.824180e-02	6.919679e-01	9.585028e-01	8.118260e-01	3.392729e+00	3.938965e-02	3.132361e-01	1.102713e+00	1.222708e+00	1.275551e+00	1.318910e+00	1.358841e+00	1.402260e+00	1.445453e+00	1.499417e+00	1.567747e+00	1.743342e+00	1.713812e+00	-4.078715e-01	
16  7.64826	-9.973492e-01	-1.636466e-02	4.862230e-02	6.707510e-01	9.647021e-01	8.081006e-01	3.097606e+00	7.034527e-02	3.162905e-01	1.103937e+00	1.223342e+00	1.276749e+00	1.319320e+00	1.360416e+00	1.403608e+00	1.445638e+00	1.501054e+00	1.569380e+00	1.746114e+00	1.704361e+00	-4.016430e-01	
2  8.28904	-1.015395e+00	5.309089e-02	4.891796e-02	6.697082e-01	9.636289e-01	8.101188e-01	2.931994e+00	6.772355e-02	3.147296e-01	1.102467e+00	1.221734e+00	1.275103e+00	1.317647e+00	1.358195e+00	1.402843e+00	1.442575e+00	1.497676e+00	1.566632e+00	1.743198e+00	1.623404e+00	-3.426376e-01	
17  7.73873	-1.014656e+00	5.042650e-02	4.901636e-02	6.672820e-01	9.636606e-01	8.114479e-01	2.887725e+00	5.062100e-02	3.142456e-01	1.101726e+00	1.221186e+00	1.274275e+00	1.316920e+00	1.357457e+00	1.401647e+00	1.444772e+00	1.496869e+00	1.565831e+00	1.742485e+00	1.640359e+00	-3.436329e-01	
3  8.50285	-1.032529e+00	1.253417e-01	4.706778e-02	6.786060e-01	9.604686e-01	8.145270e-01	3.225259e+00	2.026873e-02	3.115569e-01	1.100994e+00	1.221088e+00	1.274152e+00	1.316242e+00	1.357096e+00	1.400992e+00	1.443117e+00	1.496046e+00	1.563167e+00	1.741301e+00	1.584243e+00	-2.991433e-01	
2  10.4765	-1.030475e+00	8.773340e-02	4.545397e-02	6.535652e-01	9.716453e-01	8.123937e-01	3.076857e+00	3.367002e-02	3.125094e-01	1.102976e+00	1.223816e+00	1.277495e+00	1.319937e+00	1.360569e+00	1.405931e+00	1.448335e+00	1.501045e+00	1.569287e+00	1.747307e+00	1.633023e+00	-3.301951e-01	
4  9.11211	-1.021737e+00	6.163009e-02	4.492323e-02	6.535581e-01	9.725715e-01	8.120988e-01	3.143718e+00	3.539125e-02	3.128551e-01	1.101899e+00	1.223031e+00	1.275713e+00	1.318246e+00	1.360113e+00	1.404706e+00	1.446849e+00	1.500335e+00	1.568234e+00	1.745970e+00	1.636743e+00	-3.235831e-01	
2  11.064	-1.029502e+00	8.948610e-02	4.392527e-02	6.596707e-01	9.712182e-01	8.129474e-01	3.354004e+00	1.978688e-02	3.120540e-01	1.102688e+00	1.224098e+00	1.276980e+00	1.319651e+00	1.361684e+00	1.404791e+00	1.449068e+00	1.501843e+00	1.570266e+00	1.747194e+00	1.674226e+00	-3.498486e-01	
1  10.6211	-1.039275e+00	9.256572e-02	4.315862e-02	6.464280e-01	9.772113e-01	8.111606e-01	3.217346e+00	4.019852e-02	3.124382e-01	1.105007e+00	1.227688e+00	1.280563e+00	1.323894e+00	1.365788e+00	1.408234e+00	1.453822e+00	1.505565e+00	1.574793e+00	1.752566e+00	1.783857e+00	-4.234278e-01	
1  13.612	-1.018514e+00	9.138681e-03	4.466759e-02	6.333047e-01	9.836292e-01	8.079869e-01	2.983339e+00	5.394925e-02	3.151509e-01	1.106495e+00	1.229192e+00	1.283036e+00	1.325931e+00	1.368288e+00	1.410858e+00	1.456542e+00	1.508631e+00	1.578121e+00	1.756819e+00	1.709206e+00	-3.726414e-01	
1  8.05248	-1.029187e+00	6.574572e-02	4.462624e-02	6.536504e-01	9.753905e-01	8.104821e-01	3.178677e+00	5.324641e-02	3.132305e-01	1.103452e+00	1.225323e+00	1.278260e+00	1.321798e+00	1.362901e+00	1.404866e+00	1.450936e+00	1.502510e+00	1.571028e+00	1.749333e+00	1.745365e+00	-3.976259e-01	
12  7.90632	-1.024484e+00	8.527522e-02	4.582809e-02	6.671493e-01	9.718125e-01	8.117312e-01	3.347596e+00	3.397512e-02	3.129804e-01	1.101944e+00	1.223293e+00	1.274685e+00	1.319829e+00	1.358772e+00	1.401974e+00	1.446403e+00	1.499677e+00	1.567162e+00	1.746178e+00	1.779989e+00	-4.255343e-01	
4  9.37203	-1.014018e+00	4.712210e-02	4.674480e-02	6.583419e-01	9.714791e-01	8.106896e-01	2.988569e+00	4.005292e-02	3.141436e-01	1.102354e+00	1.223073e+00	1.274058e+00	1.319143e+00	1.359211e+00	1.402453e+00	1.446209e+00	1.499635e+00	1.567533e+00	1.746748e+00	1.707141e+00	-3.833771e-01	
1  10.3502	-1.003886e+00	2.197136e-02	4.640591e-02	6.697226e-01	9.670900e-01	8.096641e-01	3.218876e+00	5.210702e-02	3.152787e-01	1.101551e+00	1.222022e+00	1.272972e+00	1.317945e+00	1.357347e+00	1.400443e+00	1.444497e+00	1.496598e+00	1.565490e+00	1.744401e+00	1.749528e+00	-4.147727e-01	
4  9.17917	-9.681715e-01	-1.039286e-01	4.752479e-02	6.491857e-01	9.738976e-01	8.065668e-01	2.903489e+00	5.658960e-02	3.184300e-01	1.102187e+00	1.221588e+00	1.273997e+00	1.317638e+00	1.359541e+00	1.401430e+00	1.446746e+00	1.498930e+00	1.568287e+00	1.748800e+00	1.812000e+00	-4.618250e-01	
10  9.01214	-9.897922e-01	-1.545748e-02	4.869552e-02	6.737967e-01	9.642569e-01	8.098753e-01	3.032753e+00	4.332294e-02	3.156973e-01	1.100193e+00	1.220703e+00	1.271767e+00	1.314209e+00	1.356776e+00	1.398179e+00	1.442710e+00	1.494020e+00	1.562302e+00	1.744185e+00	1.834313e+00	-4.723599e-01	
2  8.35493	-1.003438e+00	2.438030e-02	5.099007e-02	6.696546e-01	9.676342e-01	8.112002e-01	2.675557e+00	3.940736e-02	3.140163e-01	1.099643e+00	1.220023e+00	1.272504e+00	1.314280e+00	1.357202e+00	1.397913e+00	1.442786e+00	1.494197e+00	1.562174e+00	1.743404e+00	1.843508e+00	-4.733554e-01	
1  8.15188	-1.013047e+00	5.647371e-02	4.796612e-02	6.598758e-01	9.701978e-01	8.093654e-01	2.842810e+00	5.846046e-02	3.145101e-01	1.101631e+00	1.222680e+00	1.275313e+00	1.317135e+00	1.360037e+00	1.400102e+00	1.445233e+00	1.496784e+00	1.564885e+00	1.744702e+00	1.853512e+00	-4.926770e-01	
6  6.70727	-1.000263e+00	-5.898644e-03	4.717635e-02	6.437802e-01	9.776028e-01	8.070399e-01	2.768170e+00	6.880680e-02	3.159482e-01	1.102924e+00	1.223538e+00	1.277538e+00	1.319226e+00	1.363252e+00	1.402782e+00	1.449094e+00	1.500484e+00	1.569360e+00	1.748370e+00	1.839077e+00	-4.753950e-01	
7  8.32382	-1.003364e+00	7.180648e-03	4.740713e-02	6.402383e-01	9.796376e-01	8.079670e-01	2.714749e+00	5.497589e-02	3.152054e-01	1.102832e+00	1.224104e+00	1.277344e+00	1.319254e+00	1.363587e+00	1.403575e+00	1.448948e+00	1.500908e+00	1.568678e+00	1.748148e+00	1.890835e+00	-4.973774e-01	
1  10.1828	-9.957696e-01	-2.848270e-02	4.545693e-02	6.399523e-01	9.800006e-01	8.057675e-01	2.957460e+00	6.964993e-02	3.167035e-01	1.104416e+00	1.225355e+00	1.278841e+00	1.321534e+00	1.365770e+00	1.405866e+00	1.450581e+00	1.502656e+00	1.572262e+00	1.749501e+00	1.911557e+00	-5.113640e-01	
1  9.27096	-1.020642e+00	1.676186e-02	4.828396e-02	6.319544e-01	9.823859e-01	8.065766e-01	2.360830e+00	9.260571e-02	3.151931e-01	1.104907e+00	1.226653e+00	1.280331e+00	1.322856e+00	1.367873e+00	1.408809e+00	1.451606e+00	1.504188e+00	1.573645e+00	1.751073e+00	1.807964e+00	-4.491351e-01	
3  9.46166	-1.019983e+00	9.825629e-02	5.241997e-02	7.007738e-01	9.529057e-01	8.108982e-01	2.768741e+00	6.177920e-02	3.134579e-01	1.099958e+00	1.219509e+00	1.271383e+00	1.313398e+00	1.356967e+00	1.398039e+00	1.436701e+00	1.492324e+00	1.558628e+00	1.737282e+00	1.840170e+00	-4.809759e-01	
7  9.69192	-1.008750e+00	4.125864e-02	5.059241e-02	6.856920e-01	9.601501e-01	8.091678e-01	2.884015e+00	6.428769e-02	3.144546e-01	1.101364e+00	1.221668e+00	1.274288e+00	1.316801e+00	1.360796e+00	1.401314e+00	1.440438e+00	1.496524e+00	1.564904e+00	1.742838e+00	1.811908e+00	-4.608537e-01	
129  10.2836	-1.025266e+00	1.179281e-01	4.989319e-02	7.163547e-01	9.499407e-01	8.098411e-01	3.436630e+00	7.802994e-02	3.136794e-01	1.100722e+00	1.221751e+00	1.273103e+00	1.314644e+00	1.357985e+00	1.398152e+00	1.437178e+00	1.491865e+00	1.560614e+00	1.738026e+00	1.931396e+00	-5.363786e-01	
2  13.1604	-9.959349e-01	-2.375860e-02	4.978743e-02	6.853348e-01	9.636144e-01	8.045381e-01	3.134260e+00	1.122481e-01	3.175555e-01	1.103583e+00	1.225061e+00	1.277203e+00	1.318925e+00	1.363899e+00	1.403021e+00	1.445980e+00	1.498543e+00	1.569017e+00	1.746188e+00	1.952223e+00	-5.528500e-01	
2  12.6025	-1.015306e+00	8.387989e-02	4.999874e-02	7.133769e-01	9.475217e-01	8.085513e-01	3.299441e+00	8.737016e-02	3.152546e-01	1.101234e+00	1.221510e+00	1.273567e+00	1.314615e+00	1.357529e+00	1.397400e+00	1.438473e+00	1.491286e+00	1.561460e+00	1.737687e+00	1.767580e+00	-4.362253e-01	
3  11.329	-9.859297e-01	-1.959672e-02	5.137781e-02	7.023997e-01	9.514435e-01	8.070901e-01	3.081108e+00	8.600382e-02	3.171564e-01	1.100709e+00	1.220767e+00	1.272840e+00	1.313958e+00	1.356837e+00	1.398007e+00	1.439352e+00	1.492017e+00	1.564350e+00	1.740220e+00	1.862638e+00	-4.999154e-01	
1  9.34568	-9.924131e-01	-1.714369e-02	5.192878e-02	6.914054e-01	9.575473e-01	8.066149e-01	2.946873e+00	9.489241e-02	3.174391e-01	1.102025e+00	1.222196e+00	1.275239e+00	1.316014e+00	1.359109e+00	1.399426e+00	1.443346e+00	1.494114e+00	1.566814e+00	1.743722e+00	1.827066e+00	-4.799351e-01	
1  11.2957	-9.947295e-01	-1.108203e-02	5.480333e-02	7.104402e-01	9.502116e-01	8.087938e-01	2.782993e+00	8.153455e-02	3.160576e-01	1.100788e+00	1.220419e+00	1.272319e+00	1.312978e+00	1.357501e+00	1.396961e+00	1.441747e+00	1.491465e+00	1.563378e+00	1.741890e+00	1.814923e+00	-4.792713e-01	
3  13.3304	-9.948337e-01	-1.148321e-02	5.457791e-02	7.229258e-01	9.469753e-01	8.103913e-01	3.071341e+00	6.362965e-02	3.153489e-01	1.100442e+00	1.220138e+00	1.271712e+00	1.313845e+00	1.355288e+00	1.397785e+00	1.440861e+00	1.491319e+00	1.563360e+00	1.742544e+00	1.661177e+00	-3.848928e-01	
2  12.8138	-1.005861e+00	5.931490e-02	5.629718e-02	7.351974e-01	9.406180e-01	8.132462e-01	2.989116e+00	4.723820e-02	3.138286e-01	1.098253e+00	1.217080e+00	1.266350e+00	1.310909e+00	1.350110e+00	1.392653e+00	1.436040e+00	1.485824e+00	1.556344e+00	1.734776e+00	1.651478e+00	-3.715004e-01	
