14  3.59244	-1.034139e+00	1.366122e-01	4.769058e-02	6.883574e-01	9.592572e-01	8.137870e-01	3.216311e+00	5.373904e-02	3.110571e-01	1.097299e+00	1.216506e+00	1.269279e+00	1.311805e+00	1.353096e+00	1.394288e+00	1.437099e+00	1.489739e+00	1.557826e+00	1.735317e+00	1.748989e+00	-4.240126e-01	
2  5.15063	-1.037671e+00	1.236934e-01	4.747628e-02	6.841792e-01	9.658148e-01	8.126354e-01	3.351245e+00	6.370344e-02	3.113310e-01	1.098715e+00	1.219648e+00	1.272771e+00	1.315818e+00	1.355863e+00	1.398696e+00	1.440901e+00	1.493919e+00	1.561692e+00	1.740909e+00	1.663163e+00	-3.722628e-01	
6  5.59154	-1.075513e+00	2.609804e-01	4.748008e-02	6.935316e-01	9.600352e-01	8.155401e-01	3.299306e+00	5.921802e-02	3.082901e-01	1.098978e+00	1.220168e+00	1.271795e+00	1.316074e+00	1.355671e+00	1.397455e+00	1.439592e+00	1.491880e+00	1.559150e+00	1.736577e+00	1.724782e+00	-4.015482e-01	
1  6.81896	-1.050705e+00	1.527969e-01	4.710732e-02	6.658159e-01	9.685065e-01	8.132504e-01	2.904907e+00	7.291875e-02	3.099214e-01	1.098561e+00	1.219576e+00	1.271946e+00	1.317021e+00	1.356050e+00	1.398482e+00	1.441830e+00	1.494871e+00	1.561403e+00	1.739979e+00	1.704127e+00	-3.760433e-01	
1  6.16736	-1.044883e+00	1.347460e-01	4.802438e-02	6.797775e-01	9.625353e-01	8.120850e-01	2.984247e+00	1.009851e-01	3.109137e-01	1.098002e+00	1.218154e+00	1.270287e+00	1.316360e+00	1.353650e+00	1.397605e+00	1.438875e+00	1.492951e+00	1.559685e+00	1.736780e+00	1.751645e+00	-4.143630e-01	
13  7.39125	-1.054917e+00	1.546611e-01	4.944385e-02	6.764910e-01	9.640468e-01	8.123506e-01	2.742948e+00	9.053256e-02	3.102190e-01	1.100494e+00	1.221189e+00	1.273174e+00	1.319359e+00	1.358293e+00	1.400778e+00	1.442567e+00	1.496850e+00	1.564114e+00	1.739536e+00	1.748410e+00	-4.093333e-01	
19  6.21574	-1.054782e+00	1.875395e-01	4.948964e-02	6.970621e-01	9.544090e-01	8.142422e-01	2.964277e+00	6.720953e-02	3.098805e-01	1.098953e+00	1.219295e+00	1.269878e+00	1.315814e+00	1.353482e+00	1.397203e+00	1.438239e+00	1.491668e+00	1.559747e+00	1.733484e+00	1.861730e+00	-4.766049e-01	
1  7.97715	-1.050077e+00	1.492956e-01	5.052512e-02	6.862656e-01	9.596758e-01	8.118450e-01	2.755522e+00	9.381928e-02	3.114096e-01	1.100725e+00	1.221422e+00	1.272119e+00	1.318158e+00	1.355911e+00	1.400466e+00	1.440901e+00	1.495149e+00	1.563435e+00	1.735734e+00	1.884529e+00	-5.006065e-01	
1  8.33399	-1.044294e+00	1.342566e-01	4.996496e-02	7.066651e-01	9.537479e-01	8.126524e-01	3.167366e+00	8.807965e-02	3.111123e-01	1.099587e+00	1.220044e+00	1.271095e+00	1.316057e+00	1.354360e+00	1.398062e+00	1.439778e+00	1.492305e+00	1.562922e+00	1.733807e+00	1.813661e+00	-4.573084e-01	
9  7.38869	-1.042894e+00	1.236555e-01	5.105074e-02	6.997800e-01	9.558456e-01	8.121444e-01	2.947587e+00	9.019078e-02	3.115765e-01	1.100122e+00	1.221035e+00	1.271469e+00	1.316708e+00	1.356730e+00	1.399500e+00	1.440998e+00	1.493336e+00	1.563966e+00	1.734784e+00	1.669711e+00	-3.638859e-01	
1  7.7804	-1.049149e+00	1.843881e-01	5.064157e-02	7.135068e-01	9.469877e-01	8.139817e-01	3.065463e+00	7.266870e-02	3.108318e-01	1.098804e+00	1.218299e+00	1.268887e+00	1.312789e+00	1.352557e+00	1.395443e+00	1.435206e+00	1.489716e+00	1.558129e+00	1.729584e+00	1.678363e+00	-3.649209e-01	
2  8.25316	-1.048984e+00	1.721275e-01	5.081902e-02	6.993479e-01	9.521964e-01	8.139711e-01	2.860319e+00	6.637150e-02	3.107890e-01	1.099574e+00	1.219441e+00	1.270581e+00	1.314796e+00	1.353843e+00	1.397155e+00	1.437566e+00	1.491618e+00	1.560618e+00	1.731679e+00	1.686904e+00	-3.761772e-01	
4  5.97418	-1.044306e+00	1.482844e-01	5.082414e-02	6.894385e-01	9.571884e-01	8.122698e-01	2.786102e+00	8.562657e-02	3.116480e-01	1.099869e+00	1.219533e+00	1.271853e+00	1.314866e+00	1.355966e+00	1.398271e+00	1.439994e+00	1.492952e+00	1.562392e+00	1.733754e+00	1.660745e+00	-3.641001e-01	
3  6.80774	-1.027482e+00	6.874275e-02	5.273937e-02	6.760420e-01	9.637805e-01	8.097775e-01	2.452057e+00	1.104481e-01	3.134844e-01	1.100090e+00	1.219387e+00	1.272800e+00	1.315649e+00	1.357345e+00	1.399764e+00	1.441883e+00	1.495713e+00	1.563566e+00	1.736359e+00	1.775328e+00	-4.328153e-01	
1  7.17811	-1.046850e+00	1.547454e-01	5.248170e-02	6.870701e-01	9.582165e-01	8.132102e-01	2.562929e+00	7.804542e-02	3.108936e-01	1.098906e+00	1.218794e+00	1.272138e+00	1.313434e+00	1.356285e+00	1.397651e+00	1.439554e+00	1.494539e+00	1.559322e+00	1.733561e+00	1.727139e+00	-3.987437e-01	
19  7.24796	-1.043539e+00	1.149552e-01	5.326565e-02	6.758005e-01	9.664636e-01	8.113651e-01	2.454271e+00	7.536067e-02	3.119065e-01	1.101819e+00	1.223452e+00	1.277591e+00	1.319511e+00	1.362247e+00	1.404406e+00	1.445980e+00	1.501143e+00	1.567209e+00	1.741612e+00	1.781245e+00	-4.325867e-01	
9  12.1834	-1.045709e+00	1.786670e-01	5.316843e-02	6.864968e-01	9.584196e-01	8.129550e-01	2.578649e+00	6.799959e-02	3.117387e-01	1.099444e+00	1.219057e+00	1.272594e+00	1.314543e+00	1.355471e+00	1.398183e+00	1.437803e+00	1.494255e+00	1.559538e+00	1.730684e+00	1.643450e+00	-3.516713e-01	
2  10.8522	-1.047376e+00	1.637101e-01	5.191068e-02	6.985609e-01	9.565288e-01	8.121517e-01	2.977873e+00	9.793522e-02	3.120244e-01	1.099367e+00	1.218820e+00	1.271628e+00	1.315046e+00	1.354204e+00	1.398330e+00	1.437597e+00	1.494165e+00	1.560714e+00	1.730908e+00	1.660431e+00	-3.592253e-01	
4  11.9601	-1.034831e+00	7.771662e-02	4.917007e-02	6.885663e-01	9.634324e-01	8.104070e-01	3.278602e+00	1.201350e-01	3.131194e-01	1.099807e+00	1.220179e+00	1.273930e+00	1.317051e+00	1.357772e+00	1.400969e+00	1.441864e+00	1.498716e+00	1.564615e+00	1.736884e+00	1.547884e+00	-2.869607e-01	
2  14.724	-1.043988e+00	1.465146e-01	4.655696e-02	6.918261e-01	9.571184e-01	8.138170e-01	3.416408e+00	9.640447e-02	3.111905e-01	1.096440e+00	1.215736e+00	1.269324e+00	1.311488e+00	1.352257e+00	1.393836e+00	1.435254e+00	1.491628e+00	1.556370e+00	1.729098e+00	1.537631e+00	-2.728460e-01	
1  14.5187	-1.032427e+00	1.136613e-01	4.584798e-02	6.664434e-01	9.618492e-01	8.131883e-01	3.032010e+00	9.593857e-02	3.119614e-01	1.095667e+00	1.213861e+00	1.267635e+00	1.309309e+00	1.351859e+00	1.392609e+00	1.433564e+00	1.491268e+00	1.554830e+00	1.729052e+00	1.570258e+00	-3.010793e-01	
1  14.2561	-1.023726e+00	1.546742e-02	4.600094e-02	6.691305e-01	9.696178e-01	8.100174e-01	3.324688e+00	1.358987e-01	3.130390e-01	1.097957e+00	1.218969e+00	1.272143e+00	1.316041e+00	1.358313e+00	1.400445e+00	1.442220e+00	1.499952e+00	1.563902e+00	1.739378e+00	1.568417e+00	-2.994779e-01	
6  14.1286	-1.041970e+00	1.327907e-01	4.812357e-02	6.920554e-01	9.586029e-01	8.130505e-01	3.260111e+00	1.021225e-01	3.113409e-01	1.097284e+00	1.216699e+00	1.269114e+00	1.312787e+00	1.353624e+00	1.396499e+00	1.435008e+00	1.494059e+00	1.557668e+00	1.730414e+00	1.689413e+00	-3.720120e-01	
6  14.3228	-1.021844e+00	3.686151e-02	4.731588e-02	6.965740e-01	9.613585e-01	8.109263e-01	3.616488e+00	1.248154e-01	3.127934e-01	1.097424e+00	1.216698e+00	1.268895e+00	1.313911e+00	1.354419e+00	1.397803e+00	1.437905e+00	1.495699e+00	1.561262e+00	1.733939e+00	1.533491e+00	-2.789571e-01	
4  12.5751	-1.001445e+00	-2.633596e-02	4.747720e-02	6.778405e-01	9.638222e-01	8.088335e-01	3.264699e+00	1.308199e-01	3.151141e-01	1.097656e+00	1.216776e+00	1.269283e+00	1.313305e+00	1.356074e+00	1.397742e+00	1.438926e+00	1.495574e+00	1.561110e+00	1.735439e+00	1.464414e+00	-2.318381e-01	
6  12.2768	-1.019814e+00	6.877828e-02	4.701577e-02	6.909304e-01	9.580510e-01	8.116506e-01	3.388519e+00	1.020192e-01	3.128878e-01	1.096757e+00	1.214679e+00	1.267473e+00	1.310825e+00	1.353988e+00	1.393943e+00	1.436190e+00	1.490507e+00	1.556991e+00	1.731048e+00	1.422035e+00	-1.990920e-01	
1  12.13	-1.007916e+00	3.548943e-02	4.770923e-02	6.939903e-01	9.560210e-01	8.119509e-01	3.336631e+00	7.712386e-02	3.130982e-01	1.096504e+00	1.214408e+00	1.267460e+00	1.309695e+00	1.355144e+00	1.393999e+00	1.436250e+00	1.490221e+00	1.558183e+00	1.732620e+00	1.428976e+00	-1.994991e-01	
2  10.6448	-9.953394e-01	-1.441986e-03	4.779366e-02	6.965687e-01	9.552726e-01	8.097012e-01	3.402681e+00	1.005738e-01	3.150800e-01	1.096724e+00	1.214970e+00	1.266850e+00	1.309369e+00	1.353429e+00	1.393436e+00	1.434588e+00	1.489900e+00	1.557748e+00	1.732219e+00	1.420677e+00	-1.974374e-01	
1  10.7151	-9.960931e-01	-2.330619e-02	4.717029e-02	6.798875e-01	9.614876e-01	8.095222e-01	3.325866e+00	1.012901e-01	3.151203e-01	1.097784e+00	1.217130e+00	1.268698e+00	1.312958e+00	1.355698e+00	1.397573e+00	1.437955e+00	1.494355e+00	1.562176e+00	1.737451e+00	1.408139e+00	-1.880813e-01	
6  10.5831	-9.846485e-01	-7.869521e-02	4.760023e-02	6.840503e-01	9.638520e-01	8.079899e-01	3.443414e+00	1.099500e-01	3.158544e-01	1.098585e+00	1.218097e+00	1.269465e+00	1.315834e+00	1.357246e+00	1.399498e+00	1.441165e+00	1.496752e+00	1.565084e+00	1.741830e+00	1.383231e+00	-1.743579e-01	
1  9.6112	-9.876796e-01	-4.110909e-02	4.776793e-02	6.901028e-01	9.615475e-01	8.093641e-01	3.563779e+00	8.827639e-02	3.155986e-01	1.098264e+00	1.217511e+00	1.268558e+00	1.314121e+00	1.354127e+00	1.397980e+00	1.439910e+00	1.494756e+00	1.561479e+00	1.739076e+00	1.469454e+00	-2.384131e-01	
8  10.8464	-9.935903e-01	-1.218532e-02	4.726122e-02	7.158390e-01	9.546543e-01	8.093168e-01	4.054610e+00	1.054256e-01	3.153327e-01	1.096960e+00	1.217252e+00	1.267205e+00	1.312925e+00	1.350714e+00	1.394857e+00	1.436441e+00	1.491659e+00	1.557134e+00	1.734996e+00	1.410837e+00	-1.978834e-01	
1  13.5414	-1.018692e+00	7.993904e-02	4.609792e-02	7.128251e-01	9.549528e-01	8.109622e-01	4.114912e+00	1.075346e-01	3.135306e-01	1.096739e+00	1.216608e+00	1.266868e+00	1.312652e+00	1.350630e+00	1.394853e+00	1.434349e+00	1.491760e+00	1.554293e+00	1.731458e+00	1.434280e+00	-2.058200e-01	
3  14.0685	-1.018791e+00	2.401054e-02	4.728156e-02	7.025845e-01	9.648302e-01	8.095687e-01	3.976565e+00	1.197428e-01	3.135682e-01	1.099098e+00	1.221390e+00	1.271811e+00	1.318013e+00	1.358738e+00	1.401058e+00	1.443945e+00	1.498030e+00	1.563152e+00	1.741051e+00	1.398418e+00	-1.813562e-01	
3  10.9547	-1.015439e+00	1.155843e-02	4.861342e-02	6.999478e-01	9.661470e-01	8.081386e-01	3.783622e+00	1.195384e-01	3.145494e-01	1.101020e+00	1.222841e+00	1.274181e+00	1.320874e+00	1.362071e+00	1.403759e+00	1.446676e+00	1.500307e+00	1.567614e+00	1.743875e+00	1.451320e+00	-2.192546e-01	
1  12.9192	-1.024119e+00	8.069448e-02	4.880189e-02	7.250497e-01	9.559008e-01	8.097302e-01	4.039436e+00	1.230890e-01	3.137075e-01	1.098243e+00	1.219085e+00	1.269416e+00	1.315881e+00	1.356501e+00	1.397967e+00	1.439191e+00	1.493665e+00	1.558786e+00	1.735135e+00	1.421790e+00	-2.077542e-01	
14  12.756	-1.027263e+00	8.129823e-02	4.842946e-02	7.170316e-01	9.576697e-01	8.084359e-01	3.911550e+00	1.474390e-01	3.145310e-01	1.098902e+00	1.220206e+00	1.269490e+00	1.317267e+00	1.356448e+00	1.399167e+00	1.439855e+00	1.494663e+00	1.559417e+00	1.736275e+00	1.471809e+00	-2.404227e-01	
19  12.7049	-1.024349e+00	6.791431e-02	4.874878e-02	7.089967e-01	9.602038e-01	8.088843e-01	3.757785e+00	1.345419e-01	3.144211e-01	1.099066e+00	1.220112e+00	1.269458e+00	1.317603e+00	1.356761e+00	1.399995e+00	1.441094e+00	1.495406e+00	1.561044e+00	1.738657e+00	1.597191e+00	-3.106541e-01	
1  13.7078	-1.015035e+00	2.310332e-02	4.869387e-02	6.939803e-01	9.640469e-01	8.056775e-01	3.475834e+00	1.730230e-01	3.162966e-01	1.099995e+00	1.221047e+00	1.271334e+00	1.318153e+00	1.358784e+00	1.399680e+00	1.443402e+00	1.496847e+00	1.561992e+00	1.740893e+00	1.628070e+00	-3.320587e-01	
1  13.9314	-1.009759e+00	-6.120686e-03	4.807686e-02	6.852770e-01	9.652702e-01	8.047100e-01	3.407718e+00	1.704877e-01	3.171954e-01	1.101616e+00	1.223143e+00	1.273619e+00	1.320550e+00	1.362125e+00	1.402746e+00	1.446407e+00	1.500626e+00	1.565242e+00	1.744105e+00	1.587315e+00	-3.031062e-01	
13  16.3501	-1.017355e+00	7.783356e-02	4.809829e-02	7.160699e-01	9.521879e-01	8.080102e-01	3.806831e+00	1.392002e-01	3.155543e-01	1.098899e+00	1.218644e+00	1.267813e+00	1.315899e+00	1.354682e+00	1.397125e+00	1.437405e+00	1.492361e+00	1.556555e+00	1.734524e+00	1.571119e+00	-2.827572e-01	
2  16.8864	-1.029617e+00	1.087143e-01	4.898626e-02	7.194216e-01	9.522131e-01	8.084208e-01	3.761805e+00	1.359983e-01	3.147452e-01	1.100509e+00	1.220307e+00	1.270454e+00	1.317569e+00	1.357235e+00	1.398339e+00	1.440273e+00	1.494901e+00	1.558098e+00	1.735811e+00	1.492014e+00	-2.269764e-01	
3  15.6261	-9.997264e-01	1.858390e-02	4.945623e-02	7.047305e-01	9.557858e-01	8.058309e-01	3.558347e+00	1.267402e-01	3.177431e-01	1.101839e+00	1.220592e+00	1.272043e+00	1.318725e+00	1.358062e+00	1.400433e+00	1.441904e+00	1.497224e+00	1.561014e+00	1.739362e+00	1.486795e+00	-2.365529e-01	
2  15.3846	-1.010698e+00	5.468484e-02	4.951484e-02	7.002806e-01	9.578490e-01	8.078727e-01	3.499381e+00	9.935855e-02	3.158868e-01	1.101447e+00	1.220897e+00	1.272317e+00	1.319638e+00	1.357939e+00	1.401879e+00	1.443196e+00	1.497434e+00	1.561418e+00	1.739813e+00	1.547644e+00	-2.733733e-01	
4  15.1552	-1.021742e+00	1.188882e-01	4.909944e-02	7.047591e-01	9.501194e-01	8.108834e-01	3.343900e+00	8.651692e-02	3.137715e-01	1.098782e+00	1.217050e+00	1.268629e+00	1.314235e+00	1.352722e+00	1.395055e+00	1.438728e+00	1.490425e+00	1.553942e+00	1.731655e+00	1.498924e+00	-2.415811e-01	
3  14.1126	-1.039447e+00	1.602304e-01	4.830547e-02	7.032207e-01	9.502130e-01	8.122900e-01	3.277447e+00	8.129230e-02	3.120134e-01	1.099261e+00	1.217455e+00	1.269529e+00	1.316361e+00	1.353789e+00	1.396610e+00	1.440293e+00	1.491284e+00	1.555379e+00	1.733093e+00	1.578715e+00	-2.979316e-01	
6  11.7663	-1.051392e+00	1.868018e-01	4.838901e-02	7.167128e-01	9.494204e-01	8.115473e-01	3.520768e+00	1.102099e-01	3.118203e-01	1.099277e+00	1.217791e+00	1.270619e+00	1.316297e+00	1.354102e+00	1.396787e+00	1.440175e+00	1.490968e+00	1.555220e+00	1.731788e+00	1.630038e+00	-3.295229e-01	
1  10.4863	-1.061028e+00	2.141077e-01	4.825796e-02	7.264274e-01	9.486976e-01	8.122336e-01	3.749735e+00	1.121288e-01	3.111467e-01	1.099411e+00	1.218644e+00	1.271446e+00	1.316200e+00	1.355283e+00	1.396337e+00	1.440785e+00	1.491063e+00	1.556109e+00	1.730545e+00	1.614338e+00	-3.175047e-01	
4  8.74005	-1.066461e+00	2.117061e-01	4.875974e-02	7.161669e-01	9.529000e-01	8.111713e-01	3.536295e+00	1.231008e-01	3.114502e-01	1.101082e+00	1.221790e+00	1.274571e+00	1.319019e+00	1.358916e+00	1.399176e+00	1.445732e+00	1.493888e+00	1.560598e+00	1.735176e+00	1.626893e+00	-3.329404e-01	
6  8.76614	-1.043362e+00	1.229489e-01	4.931468e-02	6.984608e-01	9.605312e-01	8.094040e-01	3.330956e+00	1.240997e-01	3.131523e-01	1.100882e+00	1.221968e+00	1.275489e+00	1.319190e+00	1.360499e+00	1.399404e+00	1.448880e+00	1.495914e+00	1.563357e+00	1.739400e+00	1.592155e+00	-3.104397e-01	
3  8.2081	-1.038389e+00	7.752588e-02	4.811477e-02	6.794941e-01	9.677573e-01	8.084809e-01	3.230968e+00	1.203859e-01	3.136401e-01	1.102862e+00	1.224727e+00	1.278804e+00	1.321197e+00	1.364553e+00	1.403940e+00	1.452937e+00	1.501459e+00	1.568258e+00	1.746103e+00	1.731673e+00	-3.881771e-01	
2  10.4562	-1.070498e+00	2.321501e-01	4.553806e-02	7.002312e-01	9.544143e-01	8.131905e-01	3.485421e+00	9.589257e-02	3.101268e-01	1.099787e+00	1.220568e+00	1.273980e+00	1.315586e+00	1.357396e+00	1.394152e+00	1.443644e+00	1.492635e+00	1.557769e+00	1.733905e+00	1.769142e+00	-4.094106e-01	
1  8.97669	-1.063320e+00	2.280464e-01	4.683958e-02	7.039464e-01	9.519167e-01	8.126981e-01	3.411479e+00	8.940776e-02	3.110339e-01	1.100146e+00	1.220601e+00	1.273178e+00	1.314677e+00	1.357383e+00	1.393182e+00	1.442082e+00	1.491791e+00	1.556029e+00	1.733333e+00	1.802993e+00	-4.392879e-01	
15  8.88869	-1.067117e+00	2.270671e-01	4.710577e-02	7.030973e-01	9.544134e-01	8.118376e-01	3.372492e+00	1.021594e-01	3.112581e-01	1.101234e+00	1.222153e+00	1.274489e+00	1.316174e+00	1.359089e+00	1.395449e+00	1.443551e+00	1.493529e+00	1.557882e+00	1.733376e+00	1.786319e+00	-4.445461e-01	
1  9.37745	-1.068004e+00	2.057154e-01	4.430653e-02	6.866802e-01	9.586284e-01	8.108266e-01	3.396507e+00	1.206715e-01	3.116589e-01	1.101687e+00	1.223600e+00	1.275785e+00	1.317378e+00	1.360798e+00	1.398255e+00	1.446161e+00	1.495071e+00	1.560257e+00	1.736272e+00	1.734641e+00	-4.206480e-01	
8  6.56052	-1.025720e+00	3.397010e-02	4.534890e-02	6.785823e-01	9.643915e-01	8.073218e-01	3.381682e+00	1.240627e-01	3.147232e-01	1.103073e+00	1.225241e+00	1.277627e+00	1.321829e+00	1.363326e+00	1.404048e+00	1.451744e+00	1.500000e+00	1.567888e+00	1.744311e+00	1.738205e+00	-4.294594e-01	
1  6.50768	-1.024312e+00	7.724239e-02	4.666675e-02	7.019011e-01	9.540425e-01	8.093307e-01	3.496924e+00	1.009677e-01	3.139865e-01	1.100648e+00	1.221588e+00	1.272877e+00	1.316687e+00	1.356983e+00	1.398567e+00	1.444310e+00	1.493804e+00	1.561401e+00	1.737232e+00	1.846051e+00	-5.044666e-01	
7  5.88353	-1.010715e+00	5.756783e-03	4.751565e-02	6.930626e-01	9.594015e-01	8.083719e-01	3.368982e+00	1.019272e-01	3.146575e-01	1.101173e+00	1.222662e+00	1.274292e+00	1.318482e+00	1.360476e+00	1.401575e+00	1.447413e+00	1.496875e+00	1.565288e+00	1.742504e+00	1.809614e+00	-4.828398e-01	
6  5.82309	-9.828512e-01	-1.051016e-01	4.629380e-02	6.560400e-01	9.736663e-01	8.072387e-01	3.112980e+00	6.650800e-02	3.162019e-01	1.102911e+00	1.224791e+00	1.276474e+00	1.321812e+00	1.365657e+00	1.406385e+00	1.453384e+00	1.503498e+00	1.572259e+00	1.751060e+00	1.726762e+00	-4.281556e-01	
3  7.8007	-9.704258e-01	-1.717447e-01	4.543818e-02	6.563473e-01	9.780035e-01	8.050879e-01	3.410857e+00	8.670844e-02	3.175917e-01	1.103560e+00	1.226670e+00	1.278083e+00	1.324734e+00	1.367141e+00	1.409496e+00	1.455763e+00	1.507719e+00	1.575688e+00	1.756357e+00	1.727890e+00	-4.359143e-01	
8  7.44821	-9.939629e-01	-1.244937e-01	4.341058e-02	6.324509e-01	9.856323e-01	8.061867e-01	3.139857e+00	8.478219e-02	3.158767e-01	1.104391e+00	1.228539e+00	1.281393e+00	1.327785e+00	1.370595e+00	1.411797e+00	1.458895e+00	1.511859e+00	1.578349e+00	1.758131e+00	1.688418e+00	-3.974795e-01	
6  5.86921	-9.977199e-01	-9.705629e-02	4.324008e-02	6.533724e-01	9.771878e-01	8.065345e-01	3.453609e+00	9.681545e-02	3.156284e-01	1.104002e+00	1.226773e+00	1.279232e+00	1.326240e+00	1.367535e+00	1.409942e+00	1.455591e+00	1.508791e+00	1.575681e+00	1.755480e+00	1.711095e+00	-4.092936e-01	
17  6.69607	-9.837832e-01	-1.523697e-01	4.795170e-02	6.577703e-01	9.798104e-01	8.061397e-01	3.208413e+00	7.328886e-02	3.161654e-01	1.105507e+00	1.228816e+00	1.281546e+00	1.329475e+00	1.370989e+00	1.414115e+00	1.459281e+00	1.512691e+00	1.580148e+00	1.760512e+00	1.778510e+00	-4.480903e-01	
4  7.10452	-9.818210e-01	-1.528322e-01	4.807326e-02	6.559695e-01	9.790018e-01	8.058996e-01	3.118241e+00	7.253159e-02	3.162115e-01	1.105340e+00	1.228099e+00	1.281499e+00	1.328569e+00	1.370473e+00	1.413293e+00	1.459256e+00	1.512820e+00	1.579461e+00	1.761954e+00	1.737664e+00	-4.171190e-01	
13  4.99288	-1.000526e+00	-5.802343e-02	4.709981e-02	6.806619e-01	9.692765e-01	8.078427e-01	3.494885e+00	7.643901e-02	3.146896e-01	1.103451e+00	1.225449e+00	1.278207e+00	1.324029e+00	1.365233e+00	1.409013e+00	1.452883e+00	1.505619e+00	1.573135e+00	1.752708e+00	1.667578e+00	-3.711323e-01	
46  4.90209	-9.871264e-01	-1.104601e-01	4.729057e-02	6.573090e-01	9.775026e-01	8.054774e-01	3.176248e+00	8.633630e-02	3.165810e-01	1.104399e+00	1.226449e+00	1.279859e+00	1.325576e+00	1.367498e+00	1.410402e+00	1.456666e+00	1.506478e+00	1.576231e+00	1.755495e+00	1.625371e+00	-3.506006e-01	
1  5.91056	-1.007726e+00	-4.522248e-02	4.483792e-02	6.616161e-01	9.753645e-01	8.073581e-01	3.414754e+00	1.046952e-01	3.146006e-01	1.102527e+00	1.224575e+00	1.276209e+00	1.323613e+00	1.364043e+00	1.406730e+00	1.453869e+00	1.502415e+00	1.573019e+00	1.750395e+00	1.645286e+00	-3.567411e-01	
7  6.68312	-1.027026e+00	8.588014e-02	4.602335e-02	6.928812e-01	9.627017e-01	8.106755e-01	3.678020e+00	7.947602e-02	3.128444e-01	1.100524e+00	1.220604e+00	1.271113e+00	1.318628e+00	1.356796e+00	1.401143e+00	1.444797e+00	1.494693e+00	1.563539e+00	1.738384e+00	1.680791e+00	-3.842959e-01	
4  7.72523	-1.036790e+00	1.098181e-01	4.642943e-02	7.004753e-01	9.616407e-01	8.117175e-01	3.720268e+00	7.242203e-02	3.115251e-01	1.100416e+00	1.221005e+00	1.271881e+00	1.319824e+00	1.356574e+00	1.401606e+00	1.444932e+00	1.495690e+00	1.564241e+00	1.739800e+00	1.831701e+00	-4.624837e-01	
5  7.07213	-1.001471e+00	-3.923072e-02	4.660907e-02	6.831753e-01	9.686651e-01	8.075065e-01	3.572869e+00	1.066751e-01	3.149779e-01	1.100615e+00	1.220969e+00	1.273329e+00	1.320246e+00	1.358323e+00	1.404050e+00	1.446765e+00	1.500064e+00	1.568131e+00	1.745909e+00	1.854711e+00	-4.846796e-01	
1  7.38973	-1.003668e+00	-2.212947e-02	4.719341e-02	6.951817e-01	9.631575e-01	8.075187e-01	3.607752e+00	1.184981e-01	3.151257e-01	1.100043e+00	1.219602e+00	1.272989e+00	1.317727e+00	1.356385e+00	1.402181e+00	1.444080e+00	1.497442e+00	1.565204e+00	1.742554e+00	1.826766e+00	-4.717326e-01	
1  6.57067	-9.981145e-01	-2.786080e-02	4.784091e-02	6.915672e-01	9.635583e-01	8.092760e-01	3.472196e+00	7.210278e-02	3.144472e-01	1.100037e+00	1.219950e+00	1.273360e+00	1.318558e+00	1.357076e+00	1.403158e+00	1.445201e+00	1.497888e+00	1.565567e+00	1.745177e+00	1.868637e+00	-4.945459e-01	
8  6.8982	-9.941301e-01	-7.104013e-02	4.699007e-02	6.792341e-01	9.672008e-01	8.069642e-01	3.359378e+00	1.025358e-01	3.159261e-01	1.101443e+00	1.221739e+00	1.275705e+00	1.320561e+00	1.360244e+00	1.406317e+00	1.449336e+00	1.500461e+00	1.569820e+00	1.749288e+00	1.850432e+00	-4.926855e-01	
11  6.24049	-9.647872e-01	-1.985380e-01	4.815407e-02	6.455953e-01	9.785069e-01	8.029967e-01	2.851694e+00	1.019846e-01	3.190988e-01	1.104566e+00	1.226414e+00	1.281491e+00	1.324981e+00	1.367769e+00	1.412901e+00	1.457224e+00	1.508387e+00	1.579357e+00	1.760154e+00	1.777415e+00	-4.424786e-01	
15  6.82025	-9.554130e-01	-2.583362e-01	4.786243e-02	6.285752e-01	9.871619e-01	8.014919e-01	2.770956e+00	1.108175e-01	3.200572e-01	1.105462e+00	1.228920e+00	1.283679e+00	1.328213e+00	1.370842e+00	1.415842e+00	1.462148e+00	1.512353e+00	1.583793e+00	1.765165e+00	1.728999e+00	-4.105926e-01	
8  6.09685	-9.746594e-01	-2.079437e-01	4.980979e-02	6.439946e-01	9.849224e-01	8.023382e-01	2.833864e+00	1.183567e-01	3.188696e-01	1.106540e+00	1.230549e+00	1.284474e+00	1.330337e+00	1.372325e+00	1.417893e+00	1.463383e+00	1.513475e+00	1.585054e+00	1.763945e+00	1.692776e+00	-3.898393e-01	
2  5.65903	-9.759109e-01	-1.871670e-01	4.904613e-02	6.445242e-01	9.812981e-01	8.041381e-01	2.805446e+00	9.909553e-02	3.180384e-01	1.105026e+00	1.228173e+00	1.282288e+00	1.328571e+00	1.369763e+00	1.415926e+00	1.459711e+00	1.511689e+00	1.581555e+00	1.762273e+00	1.691971e+00	-3.964692e-01	
10  5.18578	-1.002094e+00	-8.620079e-02	4.878258e-02	6.751998e-01	9.708801e-01	8.067019e-01	3.177730e+00	9.704097e-02	3.156769e-01	1.104688e+00	1.227280e+00	1.281677e+00	1.326198e+00	1.367664e+00	1.412245e+00	1.456136e+00	1.508853e+00	1.577424e+00	1.756532e+00	1.654632e+00	-3.659720e-01	
1  6.91781	-9.763686e-01	-1.690263e-01	4.961025e-02	6.696967e-01	9.743843e-01	8.061449e-01	3.155935e+00	8.388938e-02	3.168776e-01	1.103203e+00	1.225376e+00	1.280315e+00	1.324234e+00	1.366467e+00	1.410741e+00	1.455883e+00	1.507813e+00	1.576892e+00	1.757291e+00	1.611725e+00	-3.314330e-01	
1  6.93664	-9.763812e-01	-1.842501e-01	4.917715e-02	6.416952e-01	9.861892e-01	8.053045e-01	2.831579e+00	7.922505e-02	3.169600e-01	1.104620e+00	1.226690e+00	1.283829e+00	1.326765e+00	1.370035e+00	1.414507e+00	1.460544e+00	1.511825e+00	1.581312e+00	1.761218e+00	1.684896e+00	-3.830961e-01	
2  6.2446	-9.942198e-01	-1.258133e-01	4.796261e-02	6.358640e-01	9.878723e-01	8.059215e-01	2.771016e+00	9.053994e-02	3.159588e-01	1.104031e+00	1.226516e+00	1.282846e+00	1.326188e+00	1.369114e+00	1.413580e+00	1.457280e+00	1.512481e+00	1.578861e+00	1.759893e+00	1.763578e+00	-4.373525e-01	
1  7.27358	-9.941730e-01	-9.789665e-02	4.923765e-02	6.533125e-01	9.791958e-01	8.060255e-01	2.827782e+00	9.082408e-02	3.165678e-01	1.103488e+00	1.225646e+00	1.281532e+00	1.324092e+00	1.366910e+00	1.410389e+00	1.452862e+00	1.508549e+00	1.574664e+00	1.755497e+00	1.737192e+00	-4.185078e-01	
4  7.12441	-9.729930e-01	-1.959951e-01	5.023326e-02	6.230502e-01	9.916403e-01	8.039188e-01	2.389645e+00	8.308804e-02	3.179562e-01	1.104765e+00	1.228122e+00	1.283691e+00	1.328224e+00	1.370636e+00	1.415668e+00	1.458320e+00	1.515357e+00	1.581304e+00	1.763723e+00	1.814968e+00	-4.640863e-01	
5  8.0582	-9.772330e-01	-1.405007e-01	4.825645e-02	6.501135e-01	9.789371e-01	8.059501e-01	2.887671e+00	7.953525e-02	3.170340e-01	1.101303e+00	1.224215e+00	1.278838e+00	1.323112e+00	1.364023e+00	1.408720e+00	1.450663e+00	1.506813e+00	1.574555e+00	1.753888e+00	1.748303e+00	-4.217859e-01	
1  8.35465	-9.866866e-01	-8.996471e-02	4.844297e-02	6.562706e-01	9.750053e-01	8.077566e-01	2.920611e+00	6.986601e-02	3.158887e-01	1.099967e+00	1.223038e+00	1.276356e+00	1.321616e+00	1.361130e+00	1.406994e+00	1.448163e+00	1.503454e+00	1.571177e+00	1.749852e+00	1.782171e+00	-4.405107e-01	
4  9.2217	-9.903381e-01	-9.459167e-02	4.784741e-02	6.386871e-01	9.807541e-01	8.067742e-01	2.702914e+00	8.402268e-02	3.162603e-01	1.100830e+00	1.224601e+00	1.278032e+00	1.323698e+00	1.363144e+00	1.409891e+00	1.450252e+00	1.505800e+00	1.574621e+00	1.752799e+00	1.759590e+00	-4.227538e-01	
11  6.84523	-9.800521e-01	-1.371180e-01	4.764239e-02	6.339865e-01	9.844480e-01	8.051612e-01	2.782774e+00	8.634672e-02	3.176259e-01	1.102589e+00	1.226592e+00	1.280600e+00	1.324811e+00	1.365985e+00	1.411514e+00	1.453844e+00	1.508019e+00	1.578095e+00	1.755444e+00	1.704419e+00	-3.960242e-01	
4  6.14434	-9.931690e-01	-1.033764e-01	4.830028e-02	6.509746e-01	9.788671e-01	8.054225e-01	2.884464e+00	1.077520e-01	3.165388e-01	1.102457e+00	1.226524e+00	1.279752e+00	1.324743e+00	1.364971e+00	1.410273e+00	1.452190e+00	1.506681e+00	1.576952e+00	1.754578e+00	1.724495e+00	-3.973691e-01	
2  7.54472	-9.879543e-01	-1.248592e-01	4.821806e-02	6.322991e-01	9.829630e-01	8.035215e-01	2.529472e+00	1.255759e-01	3.179350e-01	1.103298e+00	1.226362e+00	1.281054e+00	1.325681e+00	1.365220e+00	1.411472e+00	1.452948e+00	1.508261e+00	1.577876e+00	1.755632e+00	1.702013e+00	-3.880654e-01	
7  9.27892	-1.008274e+00	-6.278115e-02	4.664820e-02	6.411781e-01	9.817096e-01	8.058160e-01	2.840270e+00	1.137532e-01	3.157245e-01	1.102726e+00	1.226869e+00	1.281311e+00	1.325468e+00	1.365846e+00	1.411208e+00	1.452582e+00	1.507310e+00	1.577798e+00	1.753478e+00	1.660386e+00	-3.501092e-01	
1  10.4785	-9.948669e-01	-1.022681e-01	4.743293e-02	6.198831e-01	9.868944e-01	8.053251e-01	2.466905e+00	8.670570e-02	3.170294e-01	1.104462e+00	1.227860e+00	1.283563e+00	1.326764e+00	1.369426e+00	1.413650e+00	1.454987e+00	1.512002e+00	1.579174e+00	1.756518e+00	1.573713e+00	-3.024261e-01	
1  11.4504	-1.000965e+00	-1.070958e-01	4.871011e-02	6.148606e-01	9.908591e-01	8.044959e-01	2.240965e+00	9.519706e-02	3.170801e-01	1.106175e+00	1.230619e+00	1.286765e+00	1.329676e+00	1.373120e+00	1.418095e+00	1.459361e+00	1.516110e+00	1.582735e+00	1.761434e+00	1.732737e+00	-4.123141e-01	
14  11.5963	-9.857633e-01	-1.925839e-01	4.720708e-02	5.883426e-01	1.002250e+00	8.027270e-01	2.077124e+00	1.017574e-01	3.180003e-01	1.106342e+00	1.231785e+00	1.288410e+00	1.332132e+00	1.376292e+00	1.421366e+00	1.464832e+00	1.519961e+00	1.587266e+00	1.767204e+00	1.775206e+00	-4.418690e-01	
6  12.0826	-9.789128e-01	-2.226254e-01	4.847155e-02	5.803838e-01	1.005913e+00	8.018824e-01	1.895802e+00	9.345061e-02	3.188048e-01	1.107988e+00	1.234070e+00	1.289978e+00	1.333307e+00	1.380298e+00	1.423150e+00	1.468537e+00	1.522984e+00	1.590744e+00	1.769859e+00	1.640976e+00	-3.650558e-01	
18  12.1592	-9.838524e-01	-1.889345e-01	4.757062e-02	5.804189e-01	1.004720e+00	8.022841e-01	1.996706e+00	8.789597e-02	3.187926e-01	1.108433e+00	1.233641e+00	1.290281e+00	1.333964e+00	1.378890e+00	1.422956e+00	1.467597e+00	1.522454e+00	1.590724e+00	1.769040e+00	1.614211e+00	-3.453180e-01	
3  12.872	-9.713872e-01	-2.392710e-01	4.656162e-02	5.973514e-01	9.951185e-01	8.016928e-01	2.291332e+00	1.048786e-01	3.197526e-01	1.107988e+00	1.232894e+00	1.288708e+00	1.333614e+00	1.377820e+00	1.420874e+00	1.466365e+00	1.520120e+00	1.588505e+00	1.769500e+00	1.542356e+00	-2.956237e-01	
6  12.8942	-9.551749e-01	-2.593233e-01	4.832177e-02	5.986913e-01	9.924664e-01	8.013009e-01	2.104294e+00	8.853243e-02	3.209552e-01	1.106975e+00	1.231110e+00	1.286402e+00	1.331012e+00	1.374054e+00	1.419523e+00	1.460703e+00	1.517974e+00	1.585434e+00	1.766097e+00	1.508943e+00	-2.825456e-01	
3  12.1101	-9.767031e-01	-2.082007e-01	5.049036e-02	6.201640e-01	9.899779e-01	8.015734e-01	2.206141e+00	1.143453e-01	3.193856e-01	1.106687e+00	1.231996e+00	1.287344e+00	1.332450e+00	1.374833e+00	1.419423e+00	1.461235e+00	1.518225e+00	1.585138e+00	1.765454e+00	1.549821e+00	-2.989902e-01	
7  12.7517	-9.914327e-01	-1.043095e-01	4.858977e-02	6.370376e-01	9.795642e-01	8.035110e-01	2.577462e+00	1.066604e-01	3.185331e-01	1.105412e+00	1.229270e+00	1.284245e+00	1.328396e+00	1.368683e+00	1.413993e+00	1.454131e+00	1.511004e+00	1.578480e+00	1.756230e+00	1.502578e+00	-2.727440e-01	
5  11.5664	-9.850910e-01	-1.449844e-01	4.996750e-02	6.317890e-01	9.833993e-01	8.035094e-01	2.354906e+00	1.017641e-01	3.182461e-01	1.105084e+00	1.229823e+00	1.284194e+00	1.329224e+00	1.370024e+00	1.414924e+00	1.456542e+00	1.512124e+00	1.579590e+00	1.759323e+00	1.491705e+00	-2.634744e-01	
5  11.2571	-9.806983e-01	-1.575864e-01	5.062882e-02	6.278290e-01	9.865029e-01	8.031859e-01	2.314235e+00	1.021975e-01	3.186386e-01	1.104809e+00	1.229534e+00	1.284090e+00	1.328529e+00	1.370009e+00	1.414208e+00	1.456669e+00	1.510948e+00	1.579532e+00	1.759392e+00	1.499345e+00	-2.662622e-01	
4  11.7057	-9.782673e-01	-1.575507e-01	4.966185e-02	6.294778e-01	9.862442e-01	8.044740e-01	2.513097e+00	8.730404e-02	3.182010e-01	1.103916e+00	1.228783e+00	1.282882e+00	1.327207e+00	1.368811e+00	1.414405e+00	1.454625e+00	1.510917e+00	1.578273e+00	1.758371e+00	1.624778e+00	-3.440690e-01	
2  13.2032	-9.873316e-01	-1.278918e-01	4.958841e-02	6.371588e-01	9.824218e-01	8.043067e-01	2.538692e+00	1.078182e-01	3.179692e-01	1.103349e+00	1.227921e+00	1.281731e+00	1.325559e+00	1.366608e+00	1.412384e+00	1.452257e+00	1.508846e+00	1.576045e+00	1.755221e+00	1.542857e+00	-2.820887e-01	
2  14.7436	-9.823883e-01	-1.427372e-01	4.976997e-02	6.154817e-01	9.867893e-01	8.035765e-01	2.172528e+00	1.056188e-01	3.187369e-01	1.104053e+00	1.227997e+00	1.282025e+00	1.326948e+00	1.367839e+00	1.413203e+00	1.453703e+00	1.509214e+00	1.576824e+00	1.757450e+00	1.582706e+00	-3.044888e-01	
3  13.2893	-9.927738e-01	-7.403797e-02	4.931459e-02	6.192195e-01	9.823908e-01	8.054405e-01	2.161843e+00	1.084356e-01	3.176562e-01	1.101165e+00	1.223994e+00	1.277238e+00	1.322151e+00	1.362521e+00	1.407366e+00	1.447750e+00	1.503495e+00	1.569572e+00	1.748475e+00	1.475768e+00	-2.400833e-01	
1  14.8358	-9.829050e-01	-8.683824e-02	4.896784e-02	6.419323e-01	9.759280e-01	8.057501e-01	2.624189e+00	1.042577e-01	3.178682e-01	1.099720e+00	1.221411e+00	1.274965e+00	1.319186e+00	1.359364e+00	1.404627e+00	1.444819e+00	1.499280e+00	1.566431e+00	1.743919e+00	1.443681e+00	-2.199768e-01	
4  14.0611	-9.693960e-01	-1.442161e-01	5.118361e-02	6.408744e-01	9.779008e-01	8.025079e-01	2.420911e+00	1.237310e-01	3.203304e-01	1.102092e+00	1.223918e+00	1.277211e+00	1.322052e+00	1.361721e+00	1.408667e+00	1.447490e+00	1.503098e+00	1.570957e+00	1.748100e+00	1.515347e+00	-2.664178e-01	
4  13.0792	-9.982015e-01	-5.440735e-02	4.965599e-02	6.168437e-01	9.825144e-01	8.045480e-01	2.032503e+00	1.248415e-01	3.181436e-01	1.102011e+00	1.223583e+00	1.278051e+00	1.320963e+00	1.362585e+00	1.406573e+00	1.447394e+00	1.502222e+00	1.570117e+00	1.746232e+00	1.685094e+00	-3.628779e-01	
5  11.9239	-9.981623e-01	-3.114339e-02	4.930694e-02	6.478694e-01	9.705678e-01	8.058810e-01	2.449017e+00	1.215333e-01	3.174631e-01	1.100365e+00	1.220960e+00	1.274693e+00	1.317980e+00	1.359595e+00	1.402872e+00	1.442473e+00	1.496694e+00	1.565775e+00	1.742842e+00	1.618742e+00	-3.257718e-01	
11  11.4383	-9.920346e-01	-7.447838e-02	4.890159e-02	6.366844e-01	9.751593e-01	8.044073e-01	2.313716e+00	1.314328e-01	3.180455e-01	1.100950e+00	1.222515e+00	1.276593e+00	1.320663e+00	1.361668e+00	1.405465e+00	1.445689e+00	1.500338e+00	1.568512e+00	1.747144e+00	1.658665e+00	-3.518800e-01	
4  10.484	-9.640646e-01	-1.766650e-01	4.955873e-02	6.141700e-01	9.833175e-01	8.022017e-01	2.067352e+00	1.155746e-01	3.203813e-01	1.103089e+00	1.224484e+00	1.278425e+00	1.324376e+00	1.364952e+00	1.409155e+00	1.450215e+00	1.505960e+00	1.574827e+00	1.755430e+00	1.578927e+00	-3.116138e-01	
3  9.70983	-9.971931e-01	-4.482213e-02	4.976403e-02	6.253458e-01	9.783334e-01	8.051313e-01	2.041552e+00	1.283031e-01	3.176661e-01	1.100431e+00	1.221721e+00	1.274496e+00	1.318905e+00	1.359679e+00	1.403108e+00	1.445073e+00	1.498563e+00	1.567448e+00	1.745488e+00	1.521808e+00	-2.859452e-01	
5  8.24085	-9.788358e-01	-1.396317e-01	4.878730e-02	6.114866e-01	9.860333e-01	8.031429e-01	2.071445e+00	1.372141e-01	3.190806e-01	1.101251e+00	1.223319e+00	1.275638e+00	1.321158e+00	1.362689e+00	1.406365e+00	1.448600e+00	1.503417e+00	1.571127e+00	1.752465e+00	1.486653e+00	-2.694609e-01	
8  7.05855	-9.900625e-01	-1.029536e-01	4.801883e-02	6.207782e-01	9.856664e-01	8.033575e-01	2.301652e+00	1.260243e-01	3.182408e-01	1.102915e+00	1.224417e+00	1.278386e+00	1.322964e+00	1.365593e+00	1.406938e+00	1.450581e+00	1.504355e+00	1.573461e+00	1.753792e+00	1.514326e+00	-2.792323e-01	
1  4.89853	-9.961637e-01	-1.052842e-01	4.762362e-02	6.146032e-01	9.922519e-01	8.035081e-01	2.385822e+00	1.221451e-01	3.175181e-01	1.103849e+00	1.227059e+00	1.280870e+00	1.325356e+00	1.368523e+00	1.410464e+00	1.454658e+00	1.508332e+00	1.577076e+00	1.758520e+00	1.617181e+00	-3.455832e-01	
1  5.15485	-9.750340e-01	-1.819919e-01	4.966583e-02	6.090205e-01	9.945163e-01	8.014422e-01	2.124095e+00	1.241031e-01	3.192281e-01	1.104999e+00	1.227647e+00	1.281698e+00	1.326607e+00	1.370368e+00	1.412353e+00	1.456336e+00	1.510603e+00	1.580475e+00	1.761172e+00	1.638038e+00	-3.655450e-01	
10  5.21466	-9.872529e-01	-1.381368e-01	5.110900e-02	6.261924e-01	9.891686e-01	8.025720e-01	2.204710e+00	1.297141e-01	3.183853e-01	1.104810e+00	1.227272e+00	1.280666e+00	1.326007e+00	1.369168e+00	1.411394e+00	1.454459e+00	1.507975e+00	1.577555e+00	1.757746e+00	1.687524e+00	-3.917578e-01	
3  6.10778	-1.014009e+00	-2.646880e-02	5.077051e-02	6.461334e-01	9.802730e-01	8.058489e-01	2.441517e+00	1.230426e-01	3.160689e-01	1.103296e+00	1.225417e+00	1.278108e+00	1.323904e+00	1.366029e+00	1.408100e+00	1.449910e+00	1.503866e+00	1.571740e+00	1.750538e+00	1.702881e+00	-4.043640e-01	
1  6.65943	-1.029147e+00	6.014958e-02	4.946943e-02	6.684086e-01	9.701712e-01	8.081167e-01	2.870555e+00	1.250717e-01	3.146906e-01	1.100759e+00	1.222242e+00	1.274483e+00	1.319483e+00	1.359965e+00	1.402443e+00	1.443079e+00	1.497282e+00	1.564238e+00	1.741357e+00	1.731806e+00	-4.142820e-01	
1  9.05028	-1.045088e+00	1.268152e-01	4.857613e-02	6.805675e-01	9.675359e-01	8.107073e-01	3.230393e+00	9.301305e-02	3.128857e-01	1.100774e+00	1.222716e+00	1.274815e+00	1.320020e+00	1.359829e+00	1.402659e+00	1.442852e+00	1.497349e+00	1.563568e+00	1.740533e+00	1.680758e+00	-3.815266e-01	
3  11.9488	-1.053383e+00	1.557740e-01	4.750152e-02	6.916373e-01	9.632090e-01	8.102846e-01	3.460379e+00	1.287788e-01	3.128453e-01	1.099580e+00	1.221065e+00	1.273216e+00	1.317838e+00	1.357532e+00	1.400412e+00	1.441314e+00	1.493510e+00	1.559977e+00	1.736696e+00	1.699762e+00	-3.950595e-01	
3  12.3354	-1.062298e+00	1.994087e-01	4.703960e-02	7.059876e-01	9.560682e-01	8.117822e-01	3.634860e+00	1.111851e-01	3.120739e-01	1.100602e+00	1.220727e+00	1.273306e+00	1.318053e+00	1.356980e+00	1.399937e+00	1.439511e+00	1.492210e+00	1.558301e+00	1.735077e+00	1.722542e+00	-4.131481e-01	
15  12.0672	-1.080127e+00	2.874681e-01	4.648611e-02	7.256456e-01	9.450032e-01	8.146584e-01	3.791855e+00	1.046866e-01	3.100236e-01	1.098847e+00	1.217661e+00	1.269706e+00	1.314125e+00	1.352912e+00	1.394229e+00	1.434418e+00	1.486588e+00	1.552075e+00	1.726417e+00	1.711859e+00	-4.015367e-01	
6  16.7138	-1.098647e+00	3.742555e-01	4.615795e-02	7.351328e-01	9.395799e-01	8.168197e-01	3.792760e+00	1.029854e-01	3.082318e-01	1.096817e+00	1.214673e+00	1.264879e+00	1.310974e+00	1.347065e+00	1.390845e+00	1.428582e+00	1.481036e+00	1.546629e+00	1.718905e+00	1.792748e+00	-4.496151e-01	
9  17.429	-1.090577e+00	3.808063e-01	4.674872e-02	7.429341e-01	9.359587e-01	8.176202e-01	3.858801e+00	7.977220e-02	3.085398e-01	1.095208e+00	1.213193e+00	1.263307e+00	1.308295e+00	1.344088e+00	1.387844e+00	1.427304e+00	1.477415e+00	1.543334e+00	1.716517e+00	1.833547e+00	-4.813227e-01	
5  14.6611	-1.082066e+00	3.282410e-01	4.810171e-02	7.397427e-01	9.378876e-01	8.174313e-01	3.726717e+00	8.124460e-02	3.086182e-01	1.095394e+00	1.214036e+00	1.263535e+00	1.309533e+00	1.344577e+00	1.391538e+00	1.428463e+00	1.479983e+00	1.546581e+00	1.720103e+00	1.789426e+00	-4.500216e-01	
5  14.8018	-1.082491e+00	3.159943e-01	4.852423e-02	7.469126e-01	9.428816e-01	8.190745e-01	4.000096e+00	5.874234e-02	3.070355e-01	1.094247e+00	1.213731e+00	1.262871e+00	1.309985e+00	1.344849e+00	1.391139e+00	1.430447e+00	1.481247e+00	1.547946e+00	1.722426e+00	1.646650e+00	-3.595478e-01	
2  13.1871	-1.067401e+00	2.527862e-01	4.732496e-02	7.340900e-01	9.462680e-01	8.187212e-01	3.995471e+00	4.445088e-02	3.079065e-01	1.094807e+00	1.214805e+00	1.264492e+00	1.311707e+00	1.347165e+00	1.391911e+00	1.433607e+00	1.484282e+00	1.550515e+00	1.728202e+00	1.620938e+00	-3.366524e-01	
1  13.8848	-1.045322e+00	1.922362e-01	4.751815e-02	7.021950e-01	9.544080e-01	8.173002e-01	3.500235e+00	3.474769e-02	3.099124e-01	1.095333e+00	1.214854e+00	1.264332e+00	1.310246e+00	1.348352e+00	1.391356e+00	1.434623e+00	1.485029e+00	1.550643e+00	1.730649e+00	1.611196e+00	-3.462363e-01	
1  9.96284	-1.047328e+00	2.245157e-01	4.968193e-02	7.158612e-01	9.488349e-01	8.187041e-01	3.408048e+00	1.327826e-02	3.089153e-01	1.094356e+00	1.213794e+00	1.263107e+00	1.308537e+00	1.346391e+00	1.389163e+00	1.431169e+00	1.482776e+00	1.547501e+00	1.728692e+00	1.554071e+00	-3.085377e-01	
4  11.3983	-1.055459e+00	2.087749e-01	4.980450e-02	6.924049e-01	9.582842e-01	8.171573e-01	3.026245e+00	4.101145e-02	3.087079e-01	1.095278e+00	1.216872e+00	1.265909e+00	1.311096e+00	1.349516e+00	1.393388e+00	1.435612e+00	1.487316e+00	1.552508e+00	1.733807e+00	1.681554e+00	-3.800306e-01	
3  12.7671	-1.073577e+00	2.568225e-01	4.970112e-02	7.121007e-01	9.554017e-01	8.187897e-01	3.297034e+00	4.805256e-02	3.066655e-01	1.094927e+00	1.215998e+00	1.266379e+00	1.310049e+00	1.348866e+00	1.391303e+00	1.436297e+00	1.486161e+00	1.550959e+00	1.732208e+00	1.765880e+00	-4.218110e-01	
9  14.3965	-1.084236e+00	2.955381e-01	4.917415e-02	7.321798e-01	9.493360e-01	8.196670e-01	3.648807e+00	5.536411e-02	3.058054e-01	1.094120e+00	1.215734e+00	1.265852e+00	1.309007e+00	1.347041e+00	1.391278e+00	1.432985e+00	1.484837e+00	1.548747e+00	1.728806e+00	1.718804e+00	-3.870884e-01	
9  14.2591	-1.074760e+00	2.736916e-01	4.999826e-02	7.342670e-01	9.466753e-01	8.188543e-01	3.531483e+00	5.328296e-02	3.068219e-01	1.094553e+00	1.215416e+00	1.265528e+00	1.308953e+00	1.346547e+00	1.391056e+00	1.431940e+00	1.484534e+00	1.547871e+00	1.728788e+00	1.576498e+00	-3.075456e-01	
14  15.85	-1.050083e+00	1.936052e-01	5.347074e-02	7.261297e-01	9.480355e-01	8.169655e-01	3.101388e+00	4.920017e-02	3.091651e-01	1.095780e+00	1.216779e+00	1.266341e+00	1.309918e+00	1.347931e+00	1.393881e+00	1.432564e+00	1.488605e+00	1.550652e+00	1.732327e+00	1.632177e+00	-3.522195e-01	
6  18.0647	-1.055394e+00	2.450212e-01	5.516861e-02	7.310884e-01	9.451764e-01	8.182545e-01	2.920890e+00	2.411537e-02	3.083485e-01	1.095721e+00	1.215893e+00	1.264798e+00	1.309033e+00	1.346253e+00	1.393857e+00	1.430155e+00	1.486034e+00	1.548029e+00	1.729865e+00	1.673471e+00	-3.765613e-01	
17  16.5992	-1.071286e+00	2.912382e-01	5.539834e-02	7.326721e-01	9.427786e-01	8.197800e-01	2.783059e+00	5.894590e-03	3.068601e-01	1.096945e+00	1.217400e+00	1.266715e+00	1.309942e+00	1.349301e+00	1.394813e+00	1.432275e+00	1.488518e+00	1.549074e+00	1.731312e+00	1.667393e+00	-3.746810e-01	
2  14.4017	-1.054251e+00	2.005042e-01	5.691999e-02	7.245076e-01	9.470039e-01	8.165571e-01	2.596208e+00	2.498661e-02	3.090970e-01	1.099530e+00	1.220792e+00	1.270297e+00	1.314852e+00	1.355021e+00	1.399100e+00	1.439602e+00	1.493001e+00	1.556337e+00	1.738437e+00	1.560174e+00	-3.086389e-01	
13  10.9791	-1.052791e+00	2.107543e-01	5.486650e-02	7.349900e-01	9.410920e-01	8.161387e-01	2.871121e+00	4.877815e-02	3.095733e-01	1.097294e+00	1.217635e+00	1.267779e+00	1.311172e+00	1.350551e+00	1.393912e+00	1.434986e+00	1.487664e+00	1.551329e+00	1.733060e+00	1.617545e+00	-3.481110e-01	
1  12.9261	-1.061044e+00	2.398610e-01	5.620759e-02	7.442563e-01	9.402050e-01	8.185292e-01	2.859056e+00	3.276071e-02	3.075326e-01	1.095882e+00	1.215812e+00	1.266101e+00	1.308848e+00	1.349828e+00	1.391950e+00	1.433088e+00	1.485996e+00	1.548698e+00	1.731014e+00	1.639181e+00	-3.489607e-01	
6  12.4359	-1.067053e+00	2.681755e-01	5.445065e-02	7.485521e-01	9.394789e-01	8.204497e-01	3.147950e+00	7.242645e-03	3.061976e-01	1.095386e+00	1.215306e+00	1.265636e+00	1.309039e+00	1.348772e+00	1.390695e+00	1.432437e+00	1.485002e+00	1.548183e+00	1.729355e+00	1.744383e+00	-4.032870e-01	
5  12.0583	-1.085462e+00	3.248255e-01	5.421930e-02	7.253160e-01	9.459611e-01	8.211198e-01	2.753240e+00	7.980577e-03	3.052648e-01	1.095727e+00	1.216632e+00	1.265946e+00	1.311198e+00	1.349102e+00	1.393181e+00	1.433942e+00	1.486391e+00	1.549605e+00	1.730259e+00	1.721580e+00	-3.975956e-01	
8  11.8394	-1.085289e+00	3.056835e-01	5.402830e-02	7.264543e-01	9.475359e-01	8.195131e-01	2.843639e+00	3.528160e-02	3.060723e-01	1.096079e+00	1.217514e+00	1.266706e+00	1.312884e+00	1.349511e+00	1.394771e+00	1.434324e+00	1.487908e+00	1.551252e+00	1.732029e+00	1.703123e+00	-3.846879e-01	
35  12.1162	-1.072938e+00	2.444542e-01	5.418397e-02	7.080621e-01	9.533307e-01	8.185210e-01	2.614032e+00	2.971896e-02	3.072343e-01	1.097634e+00	1.219905e+00	1.268832e+00	1.315688e+00	1.352538e+00	1.397995e+00	1.438981e+00	1.491416e+00	1.556454e+00	1.737407e+00	1.710451e+00	-3.889158e-01	
1  13.7799	-1.075480e+00	2.637669e-01	5.395088e-02	7.123799e-01	9.512311e-01	8.192695e-01	2.650968e+00	1.629302e-02	3.068202e-01	1.097126e+00	1.218986e+00	1.268202e+00	1.315707e+00	1.351319e+00	1.396877e+00	1.437026e+00	1.491072e+00	1.555585e+00	1.736378e+00	1.737212e+00	-4.056861e-01	
6  11.1571	-1.068326e+00	2.295596e-01	5.311462e-02	7.037261e-01	9.561575e-01	8.176667e-01	2.761259e+00	2.340962e-02	3.080094e-01	1.098409e+00	1.220306e+00	1.270949e+00	1.317858e+00	1.354046e+00	1.399752e+00	1.440097e+00	1.493503e+00	1.559012e+00	1.739705e+00	1.695049e+00	-3.865017e-01	
7  11.0067	-1.092621e+00	3.528563e-01	5.172843e-02	7.393541e-01	9.415004e-01	8.206508e-01	3.316156e+00	1.543923e-02	3.060293e-01	1.096870e+00	1.217506e+00	1.268104e+00	1.313699e+00	1.348226e+00	1.393604e+00	1.433620e+00	1.486395e+00	1.551135e+00	1.728856e+00	1.665127e+00	-3.573335e-01	
1  13.3127	-1.091419e+00	3.397097e-01	4.942655e-02	7.269367e-01	9.436233e-01	8.198921e-01	3.304576e+00	2.862341e-02	3.061667e-01	1.096539e+00	1.217707e+00	1.268638e+00	1.313572e+00	1.347639e+00	1.393462e+00	1.434390e+00	1.486265e+00	1.552231e+00	1.730047e+00	1.633082e+00	-3.499755e-01	
2  12.7267	-1.084203e+00	3.024106e-01	4.987482e-02	7.289376e-01	9.468848e-01	8.200126e-01	3.428908e+00	1.111366e-02	3.058810e-01	1.096845e+00	1.219301e+00	1.270631e+00	1.315304e+00	1.350895e+00	1.395872e+00	1.438122e+00	1.489278e+00	1.556268e+00	1.734678e+00	1.645876e+00	-3.553461e-01	
1  11.3174	-1.071198e+00	2.356391e-01	5.034098e-02	7.045564e-01	9.527872e-01	8.172680e-01	2.941207e+00	3.922718e-02	3.077461e-01	1.098013e+00	1.219906e+00	1.271088e+00	1.317027e+00	1.353044e+00	1.398790e+00	1.440200e+00	1.490662e+00	1.559661e+00	1.736986e+00	1.562689e+00	-3.089982e-01	
1  12.6063	-1.063522e+00	2.073061e-01	5.024120e-02	6.914235e-01	9.566148e-01	8.161427e-01	2.832013e+00	3.892159e-02	3.088962e-01	1.099207e+00	1.221074e+00	1.271929e+00	1.319170e+00	1.354829e+00	1.400937e+00	1.442263e+00	1.493611e+00	1.562081e+00	1.740688e+00	1.501074e+00	-2.683328e-01	
2  13.9816	-1.060299e+00	1.545481e-01	4.887364e-02	6.829908e-01	9.613937e-01	8.141653e-01	2.914066e+00	6.427591e-02	3.098155e-01	1.100778e+00	1.223556e+00	1.274811e+00	1.323071e+00	1.358190e+00	1.405485e+00	1.446047e+00	1.499712e+00	1.567240e+00	1.745984e+00	1.532305e+00	-2.887376e-01	
8  12.2061	-1.057760e+00	1.708452e-01	4.949749e-02	7.016618e-01	9.530214e-01	8.139972e-01	3.074849e+00	7.005700e-02	3.104439e-01	1.100095e+00	1.222277e+00	1.273908e+00	1.320035e+00	1.356005e+00	1.401205e+00	1.443353e+00	1.495613e+00	1.562757e+00	1.741101e+00	1.546712e+00	-3.027640e-01	
3  12.4	-1.068455e+00	2.324626e-01	5.081150e-02	7.114581e-01	9.486051e-01	8.172348e-01	3.009811e+00	3.056099e-02	3.084455e-01	1.098944e+00	1.221305e+00	1.272067e+00	1.317120e+00	1.354649e+00	1.397764e+00	1.440443e+00	1.493034e+00	1.559177e+00	1.737264e+00	1.549746e+00	-2.961776e-01	
23  10.4671	-1.046096e+00	1.130179e-01	5.040570e-02	6.872336e-01	9.624285e-01	8.129024e-01	2.923406e+00	6.332792e-02	3.111153e-01	1.101288e+00	1.223693e+00	1.276167e+00	1.321025e+00	1.359620e+00	1.402532e+00	1.446641e+00	1.500758e+00	1.564909e+00	1.745366e+00	1.486312e+00	-2.634578e-01	
1  13.0343	-1.063317e+00	1.635085e-01	4.826013e-02	6.929363e-01	9.610500e-01	8.139519e-01	3.257165e+00	6.860594e-02	3.099875e-01	1.101616e+00	1.223655e+00	1.277256e+00	1.321671e+00	1.360888e+00	1.403509e+00	1.447398e+00	1.500490e+00	1.565661e+00	1.745474e+00	1.514960e+00	-2.885135e-01	
1  14.9155	-1.079542e+00	2.599467e-01	4.982815e-02	7.100382e-01	9.515827e-01	8.153487e-01	3.124801e+00	7.605092e-02	3.089405e-01	1.099566e+00	1.219697e+00	1.273187e+00	1.315195e+00	1.355768e+00	1.396221e+00	1.439415e+00	1.492488e+00	1.557247e+00	1.733977e+00	1.467144e+00	-2.525450e-01	
5  14.569	-1.089151e+00	3.063471e-01	5.047051e-02	7.185915e-01	9.484500e-01	8.186082e-01	3.150435e+00	5.407393e-02	3.066974e-01	1.096717e+00	1.217336e+00	1.269341e+00	1.312133e+00	1.351812e+00	1.392616e+00	1.435658e+00	1.487775e+00	1.553258e+00	1.730197e+00	1.527147e+00	-2.803359e-01	
14  14.9645	-1.073557e+00	2.345581e-01	5.196252e-02	7.036279e-01	9.560939e-01	8.158786e-01	2.872984e+00	6.869246e-02	3.087281e-01	1.098021e+00	1.219397e+00	1.272958e+00	1.315008e+00	1.354373e+00	1.398026e+00	1.439540e+00	1.492400e+00	1.558730e+00	1.735230e+00	1.454837e+00	-2.431966e-01	
2  15.2545	-1.085183e+00	3.005335e-01	5.312936e-02	7.310798e-01	9.463880e-01	8.186291e-01	3.112128e+00	3.885771e-02	3.071196e-01	1.097224e+00	1.218764e+00	1.271242e+00	1.313206e+00	1.351775e+00	1.395501e+00	1.436538e+00	1.489169e+00	1.554617e+00	1.731624e+00	1.491211e+00	-2.584074e-01	
2  14.5025	-1.103272e+00	3.551997e-01	5.197342e-02	7.294149e-01	9.476355e-01	8.206209e-01	3.137394e+00	3.752827e-02	3.048148e-01	1.096383e+00	1.217605e+00	1.269408e+00	1.312051e+00	1.350267e+00	1.393796e+00	1.435748e+00	1.488372e+00	1.553444e+00	1.728871e+00	1.526789e+00	-2.680543e-01	
2  13.85	-1.090126e+00	3.103830e-01	4.932521e-02	7.175308e-01	9.484182e-01	8.189566e-01	3.202620e+00	6.498828e-02	3.064726e-01	1.095507e+00	1.215419e+00	1.268336e+00	1.309405e+00	1.349158e+00	1.391651e+00	1.434037e+00	1.486169e+00	1.551156e+00	1.727577e+00	1.496960e+00	-2.526059e-01	
2  13.1481	-1.103612e+00	3.689350e-01	4.786099e-02	7.171722e-01	9.499694e-01	8.211342e-01	3.367620e+00	2.982074e-02	3.049483e-01	1.096203e+00	1.216178e+00	1.268593e+00	1.310392e+00	1.350038e+00	1.391367e+00	1.434928e+00	1.487197e+00	1.551665e+00	1.727909e+00	1.623964e+00	-3.313729e-01	
3  12.3803	-1.101216e+00	3.692348e-01	4.987972e-02	7.135469e-01	9.535018e-01	8.212092e-01	3.257576e+00	5.002631e-03	3.051983e-01	1.097486e+00	1.218630e+00	1.270186e+00	1.313392e+00	1.352095e+00	1.395093e+00	1.437687e+00	1.490359e+00	1.554682e+00	1.730959e+00	1.597774e+00	-3.201782e-01	
14  12.469	-1.113359e+00	4.323791e-01	5.067446e-02	7.349672e-01	9.454977e-01	8.226957e-01	3.449934e+00	1.457926e-02	3.038833e-01	1.095286e+00	1.215781e+00	1.267154e+00	1.309719e+00	1.347842e+00	1.390957e+00	1.433288e+00	1.484418e+00	1.549532e+00	1.724871e+00	1.614300e+00	-3.301009e-01	
2  13.1355	-1.111551e+00	4.060374e-01	5.091772e-02	7.307071e-01	9.491214e-01	8.206823e-01	3.397297e+00	3.540548e-02	3.046697e-01	1.096730e+00	1.218122e+00	1.269592e+00	1.312359e+00	1.349798e+00	1.392089e+00	1.436299e+00	1.488232e+00	1.553314e+00	1.727378e+00	1.762835e+00	-4.192257e-01	
2  14.3518	-1.085598e+00	2.745128e-01	5.169047e-02	7.002339e-01	9.619837e-01	8.159885e-01	3.074135e+00	6.923728e-02	3.082883e-01	1.099191e+00	1.221963e+00	1.274495e+00	1.316945e+00	1.356036e+00	1.397945e+00	1.444810e+00	1.495213e+00	1.560632e+00	1.736907e+00	1.757644e+00	-4.270370e-01	
3  13.172	-1.060687e+00	1.927202e-01	5.331720e-02	6.934092e-01	9.649200e-01	8.142362e-01	2.936104e+00	5.540784e-02	3.103731e-01	1.100505e+00	1.222965e+00	1.275663e+00	1.318855e+00	1.357831e+00	1.400450e+00	1.447298e+00	1.499366e+00	1.564169e+00	1.741765e+00	1.738986e+00	-4.151210e-01	
1  13.4791	-1.034607e+00	8.920960e-02	5.333978e-02	6.784683e-01	9.719714e-01	8.100384e-01	2.850694e+00	8.725180e-02	3.134861e-01	1.101753e+00	1.223841e+00	1.277505e+00	1.319907e+00	1.360131e+00	1.402914e+00	1.451397e+00	1.501201e+00	1.568029e+00	1.744287e+00	1.734939e+00	-4.190204e-01	
14  11.3216	-1.033135e+00	8.139682e-02	5.244250e-02	6.784056e-01	9.721629e-01	8.098504e-01	2.981882e+00	1.054563e-01	3.135830e-01	1.100315e+00	1.221747e+00	1.275661e+00	1.318060e+00	1.358208e+00	1.401496e+00	1.447764e+00	1.498381e+00	1.566260e+00	1.742150e+00	1.854589e+00	-4.933733e-01	
6  10.6036	-1.016446e+00	1.764423e-02	5.410220e-02	6.643492e-01	9.763117e-01	8.072690e-01	2.601159e+00	1.250404e-01	3.155709e-01	1.100832e+00	1.222218e+00	1.276333e+00	1.318477e+00	1.359239e+00	1.402557e+00	1.448603e+00	1.500110e+00	1.568592e+00	1.745081e+00	1.734415e+00	-4.242546e-01	
18  10.2682	-1.047684e+00	1.779283e-01	5.571106e-02	6.927894e-01	9.607654e-01	8.125420e-01	2.434620e+00	8.332065e-02	3.114018e-01	1.098072e+00	1.218730e+00	1.271505e+00	1.313761e+00	1.351906e+00	1.396196e+00	1.439968e+00	1.490975e+00	1.558932e+00	1.732952e+00	1.628722e+00	-3.578194e-01	
3  13.1847	-1.037706e+00	1.290015e-01	5.539138e-02	6.587063e-01	9.742187e-01	8.109641e-01	2.117626e+00	7.292337e-02	3.127703e-01	1.100161e+00	1.221894e+00	1.275174e+00	1.317940e+00	1.357321e+00	1.401028e+00	1.445447e+00	1.497117e+00	1.563962e+00	1.740758e+00	1.651162e+00	-3.704561e-01	
4  11.8247	-1.033088e+00	1.149250e-01	5.520727e-02	6.547385e-01	9.756882e-01	8.122923e-01	2.114472e+00	5.068931e-02	3.121960e-01	1.099299e+00	1.221220e+00	1.274780e+00	1.317090e+00	1.356608e+00	1.400358e+00	1.445366e+00	1.496698e+00	1.563850e+00	1.740295e+00	1.607414e+00	-3.442550e-01	
3  12.375	-1.032723e+00	7.774582e-02	5.624386e-02	6.506777e-01	9.806264e-01	8.105257e-01	2.035046e+00	6.041430e-02	3.128960e-01	1.102782e+00	1.224944e+00	1.280202e+00	1.321758e+00	1.363417e+00	1.406236e+00	1.452292e+00	1.502176e+00	1.571241e+00	1.747183e+00	1.707526e+00	-4.054011e-01	
8  9.19932	-1.018553e+00	4.430075e-02	5.511473e-02	6.519382e-01	9.791199e-01	8.096317e-01	2.200325e+00	5.704536e-02	3.140263e-01	1.102097e+00	1.223498e+00	1.279037e+00	1.320617e+00	1.363145e+00	1.405336e+00	1.450167e+00	1.501171e+00	1.569789e+00	1.747257e+00	1.564800e+00	-3.128512e-01	
9  8.60257	-1.018157e+00	3.854054e-02	5.413500e-02	6.470349e-01	9.803810e-01	8.090985e-01	2.182794e+00	5.683781e-02	3.140635e-01	1.103108e+00	1.225387e+00	1.279889e+00	1.322099e+00	1.364513e+00	1.406761e+00	1.451837e+00	1.504007e+00	1.570793e+00	1.749766e+00	1.582112e+00	-3.221165e-01	
27  8.94593	-1.004986e+00	4.265783e-03	5.326379e-02	6.494123e-01	9.789343e-01	8.087648e-01	2.334088e+00	4.912074e-02	3.148687e-01	1.102523e+00	1.224899e+00	1.279510e+00	1.321156e+00	1.363088e+00	1.406603e+00	1.450221e+00	1.502872e+00	1.569566e+00	1.750548e+00	1.609510e+00	-3.352483e-01	
# After 178 accepted steps: update proposal with max(R-1) = 0.728101 and jumping factor = 2.400000 
26  8.95247	-1.002234e+00	-2.054914e-02	5.588859e-02	6.487526e-01	9.822855e-01	8.090979e-01	2.116890e+00	3.775882e-02	3.146244e-01	1.102532e+00	1.226173e+00	1.278789e+00	1.323314e+00	1.364811e+00	1.408261e+00	1.453128e+00	1.505375e+00	1.572406e+00	1.754002e+00	1.631484e+00	-3.472872e-01	
29  7.78826	-9.522419e-01	-2.160053e-01	5.262233e-02	6.181202e-01	9.931690e-01	8.028562e-01	2.236700e+00	6.934550e-02	3.199408e-01	1.104540e+00	1.227813e+00	1.281734e+00	1.324854e+00	1.369474e+00	1.411891e+00	1.459637e+00	1.510789e+00	1.580606e+00	1.763253e+00	1.644435e+00	-3.656403e-01	
5  6.31695	-9.801460e-01	-1.401729e-01	5.036258e-02	6.270150e-01	9.900848e-01	8.041310e-01	2.448836e+00	7.779030e-02	3.179060e-01	1.105577e+00	1.228757e+00	1.282692e+00	1.326536e+00	1.372090e+00	1.413305e+00	1.458012e+00	1.513211e+00	1.580441e+00	1.762237e+00	1.660330e+00	-3.728236e-01	
12  9.37369	-9.760005e-01	-1.551576e-01	4.887891e-02	6.299025e-01	9.899136e-01	8.050126e-01	2.790001e+00	7.156220e-02	3.176326e-01	1.105344e+00	1.228667e+00	1.281454e+00	1.326820e+00	1.371719e+00	1.412996e+00	1.458287e+00	1.514266e+00	1.580784e+00	1.763683e+00	1.584557e+00	-3.252974e-01	
1  9.35215	-1.005885e+00	-8.647038e-03	5.012600e-02	6.632208e-01	9.746712e-01	8.090548e-01	2.999099e+00	5.979329e-02	3.146222e-01	1.103490e+00	1.225174e+00	1.277555e+00	1.322908e+00	1.365003e+00	1.406736e+00	1.450889e+00	1.505707e+00	1.573094e+00	1.753643e+00	1.615643e+00	-3.356695e-01	
3  7.9399	-1.011464e+00	4.037080e-02	5.423824e-02	6.798837e-01	9.694967e-01	8.104940e-01	2.800435e+00	5.178863e-02	3.138133e-01	1.101717e+00	1.223112e+00	1.274164e+00	1.319161e+00	1.360811e+00	1.402340e+00	1.446567e+00	1.500436e+00	1.567842e+00	1.747633e+00	1.711868e+00	-3.969301e-01	
5  12.1818	-1.006008e+00	3.563234e-02	5.281898e-02	6.922371e-01	9.647461e-01	8.090432e-01	3.202350e+00	6.030819e-02	3.150778e-01	1.102427e+00	1.224202e+00	1.274729e+00	1.318819e+00	1.361383e+00	1.401392e+00	1.447020e+00	1.500221e+00	1.567128e+00	1.748444e+00	1.806683e+00	-4.669806e-01	
1  7.74151	-9.916891e-01	-3.502049e-02	5.246405e-02	6.793301e-01	9.698898e-01	8.070521e-01	3.116614e+00	7.052584e-02	3.167127e-01	1.103612e+00	1.225386e+00	1.276954e+00	1.320233e+00	1.364007e+00	1.404304e+00	1.451184e+00	1.503121e+00	1.571082e+00	1.750909e+00	1.643768e+00	-3.663923e-01	
3  7.99148	-1.000035e+00	-2.277283e-03	5.202087e-02	6.907864e-01	9.637170e-01	8.070236e-01	3.246225e+00	8.831734e-02	3.169186e-01	1.103234e+00	1.224991e+00	1.276788e+00	1.319505e+00	1.361628e+00	1.402371e+00	1.448370e+00	1.501013e+00	1.568046e+00	1.748127e+00	1.641954e+00	-3.732767e-01	
2  9.07138	-9.986472e-01	6.340765e-03	5.197162e-02	7.044420e-01	9.612302e-01	8.082023e-01	3.576530e+00	7.572565e-02	3.164542e-01	1.102229e+00	1.223513e+00	1.274270e+00	1.318739e+00	1.359575e+00	1.400404e+00	1.447040e+00	1.498979e+00	1.566118e+00	1.744802e+00	1.574892e+00	-3.257453e-01	
1  6.25205	-9.917206e-01	-2.375982e-02	4.973542e-02	7.045080e-01	9.598425e-01	8.073484e-01	3.754486e+00	8.459739e-02	3.170200e-01	1.102029e+00	1.222556e+00	1.274816e+00	1.316875e+00	1.360441e+00	1.400764e+00	1.445671e+00	1.497757e+00	1.566371e+00	1.744588e+00	1.565731e+00	-3.145235e-01	
10  5.73724	-9.994339e-01	-1.081401e-02	5.181433e-02	7.054481e-01	9.591546e-01	8.085410e-01	3.450282e+00	8.452080e-02	3.160181e-01	1.101659e+00	1.222609e+00	1.274085e+00	1.317633e+00	1.359825e+00	1.400798e+00	1.446383e+00	1.496442e+00	1.566518e+00	1.744431e+00	1.564227e+00	-3.122697e-01	
4  7.98666	-9.643154e-01	-1.680673e-01	5.253504e-02	6.648890e-01	9.782046e-01	8.049285e-01	3.023221e+00	7.839960e-02	3.188453e-01	1.103817e+00	1.225783e+00	1.278572e+00	1.322943e+00	1.366360e+00	1.407171e+00	1.455574e+00	1.504825e+00	1.576272e+00	1.754453e+00	1.501821e+00	-2.790655e-01	
12  6.28261	-9.802275e-01	-1.260504e-01	5.060375e-02	6.501030e-01	9.793682e-01	8.050578e-01	2.799700e+00	8.794016e-02	3.183749e-01	1.104771e+00	1.227546e+00	1.279726e+00	1.324340e+00	1.367680e+00	1.407966e+00	1.456893e+00	1.505795e+00	1.576676e+00	1.754740e+00	1.624505e+00	-3.533234e-01	
4  8.86577	-9.764325e-01	-1.130230e-01	5.214273e-02	6.629401e-01	9.764704e-01	8.060998e-01	2.980378e+00	7.300892e-02	3.182672e-01	1.103924e+00	1.226015e+00	1.276729e+00	1.322455e+00	1.364573e+00	1.405571e+00	1.454245e+00	1.503181e+00	1.572953e+00	1.752347e+00	1.731583e+00	-4.234541e-01	
1  10.455	-9.725243e-01	-1.644456e-01	5.095869e-02	6.430344e-01	9.881339e-01	8.048743e-01	2.919412e+00	7.207549e-02	3.182985e-01	1.105502e+00	1.229341e+00	1.280349e+00	1.327510e+00	1.370252e+00	1.410866e+00	1.460703e+00	1.509467e+00	1.580193e+00	1.758445e+00	1.686008e+00	-3.927355e-01	
6  11.0445	-9.894233e-01	-1.064729e-01	5.121826e-02	6.494170e-01	9.862317e-01	8.055130e-01	2.941641e+00	7.001514e-02	3.175257e-01	1.106605e+00	1.230960e+00	1.282179e+00	1.329121e+00	1.370982e+00	1.411588e+00	1.460569e+00	1.510767e+00	1.580762e+00	1.759574e+00	1.725965e+00	-4.340126e-01	
5  11.3451	-9.968036e-01	-9.150373e-02	4.991103e-02	6.282373e-01	9.927228e-01	8.051256e-01	2.755284e+00	8.791744e-02	3.175783e-01	1.106446e+00	1.230487e+00	1.282390e+00	1.328732e+00	1.370973e+00	1.413017e+00	1.460066e+00	1.511264e+00	1.580712e+00	1.759097e+00	1.696181e+00	-4.095376e-01	
1  8.92784	-9.787578e-01	-1.652401e-01	5.178212e-02	6.287650e-01	9.927201e-01	8.014915e-01	2.570986e+00	1.169907e-01	3.201622e-01	1.107322e+00	1.231567e+00	1.284004e+00	1.330220e+00	1.372352e+00	1.415722e+00	1.460934e+00	1.514092e+00	1.582436e+00	1.761875e+00	1.622264e+00	-3.720779e-01	
4  10.6229	-9.996500e-01	-7.888808e-02	4.965359e-02	6.447485e-01	9.854847e-01	8.046876e-01	2.953052e+00	9.760137e-02	3.178713e-01	1.106018e+00	1.230153e+00	1.283566e+00	1.327973e+00	1.370830e+00	1.413863e+00	1.457612e+00	1.511834e+00	1.578500e+00	1.757218e+00	1.618714e+00	-3.637585e-01	
2  9.88356	-1.011477e+00	7.584181e-03	4.896871e-02	6.737978e-01	9.720547e-01	8.076113e-01	3.360168e+00	8.519738e-02	3.160131e-01	1.102811e+00	1.225950e+00	1.278939e+00	1.323381e+00	1.363993e+00	1.407021e+00	1.449863e+00	1.503940e+00	1.571004e+00	1.748242e+00	1.602083e+00	-3.510779e-01	
1  9.01915	-1.021557e+00	4.694679e-02	4.943235e-02	6.966757e-01	9.656980e-01	8.096474e-01	3.655662e+00	7.695248e-02	3.143962e-01	1.101810e+00	1.224807e+00	1.277265e+00	1.322142e+00	1.362674e+00	1.405043e+00	1.447867e+00	1.501964e+00	1.568742e+00	1.746766e+00	1.660877e+00	-3.766890e-01	
1  10.7401	-1.008831e+00	7.777450e-03	4.903318e-02	6.989320e-01	9.647513e-01	8.080530e-01	3.788624e+00	7.304177e-02	3.159516e-01	1.103001e+00	1.226434e+00	1.278444e+00	1.323927e+00	1.364391e+00	1.406636e+00	1.450286e+00	1.503974e+00	1.570666e+00	1.749098e+00	1.679754e+00	-3.912615e-01	
11  9.60404	-9.784647e-01	-1.454914e-01	4.788875e-02	6.591037e-01	9.779587e-01	8.028045e-01	3.267713e+00	1.043608e-01	3.195803e-01	1.105713e+00	1.229823e+00	1.282795e+00	1.328347e+00	1.370198e+00	1.413404e+00	1.457093e+00	1.512138e+00	1.579140e+00	1.757978e+00	1.585879e+00	-3.365810e-01	
9  7.01587	-9.840150e-01	-1.140116e-01	4.738005e-02	6.555429e-01	9.742293e-01	8.054706e-01	3.030468e+00	7.489961e-02	3.175586e-01	1.104650e+00	1.228106e+00	1.280800e+00	1.326818e+00	1.367672e+00	1.412420e+00	1.453792e+00	1.509203e+00	1.577963e+00	1.756783e+00	1.573217e+00	-3.259395e-01	
11  7.4378	-9.994012e-01	-3.859525e-02	4.744592e-02	6.690702e-01	9.696344e-01	8.070066e-01	3.178722e+00	7.598402e-02	3.164466e-01	1.103190e+00	1.226196e+00	1.278877e+00	1.322584e+00	1.364746e+00	1.407023e+00	1.448904e+00	1.503289e+00	1.571606e+00	1.751630e+00	1.630433e+00	-3.630551e-01	
1  8.40343	-9.961346e-01	-2.411347e-02	4.893309e-02	6.935869e-01	9.604217e-01	8.095646e-01	3.358073e+00	4.816902e-02	3.151751e-01	1.100785e+00	1.223486e+00	1.275726e+00	1.319349e+00	1.360698e+00	1.403294e+00	1.445241e+00	1.498685e+00	1.566606e+00	1.746878e+00	1.697260e+00	-4.090503e-01	
2  8.24065	-9.686052e-01	-1.353759e-01	4.664090e-02	6.661158e-01	9.707022e-01	8.077008e-01	3.362665e+00	4.910080e-02	3.168102e-01	1.101061e+00	1.223686e+00	1.275602e+00	1.319652e+00	1.363181e+00	1.405990e+00	1.447279e+00	1.502776e+00	1.571092e+00	1.753417e+00	1.661728e+00	-3.717129e-01	
8  8.01219	-9.694758e-01	-1.437330e-01	4.827084e-02	6.699940e-01	9.715054e-01	8.076925e-01	3.314994e+00	4.496176e-02	3.168720e-01	1.102219e+00	1.225181e+00	1.276335e+00	1.322247e+00	1.364805e+00	1.407393e+00	1.450187e+00	1.504806e+00	1.573350e+00	1.756773e+00	1.604764e+00	-3.411643e-01	
3  8.56002	-9.882682e-01	-8.727251e-02	5.002750e-02	6.699720e-01	9.719071e-01	8.088664e-01	3.019025e+00	4.619644e-02	3.154781e-01	1.102505e+00	1.226289e+00	1.276946e+00	1.322504e+00	1.365144e+00	1.407625e+00	1.450349e+00	1.505607e+00	1.572845e+00	1.757080e+00	1.627214e+00	-3.534440e-01	
7  5.96525	-9.845583e-01	-1.346315e-01	4.758504e-02	6.482932e-01	9.810578e-01	8.053989e-01	3.031558e+00	7.562836e-02	3.172470e-01	1.105808e+00	1.229522e+00	1.281492e+00	1.326876e+00	1.370532e+00	1.413476e+00	1.456327e+00	1.511987e+00	1.579291e+00	1.762700e+00	1.708795e+00	-3.982332e-01	
4  5.16493	-9.808916e-01	-1.106329e-01	4.468723e-02	6.595633e-01	9.722903e-01	8.062125e-01	3.394525e+00	7.555590e-02	3.174062e-01	1.103541e+00	1.225260e+00	1.278359e+00	1.322031e+00	1.366365e+00	1.407143e+00	1.451827e+00	1.504753e+00	1.573060e+00	1.753616e+00	1.714900e+00	-3.994435e-01	
9  4.31113	-1.001638e+00	8.548002e-03	4.655513e-02	6.968214e-01	9.584953e-01	8.080458e-01	3.702236e+00	8.872742e-02	3.160574e-01	1.101445e+00	1.220993e+00	1.273920e+00	1.315678e+00	1.359010e+00	1.400076e+00	1.444038e+00	1.494346e+00	1.563760e+00	1.741905e+00	1.832808e+00	-4.836068e-01	
2  6.35018	-1.031142e+00	1.360220e-01	4.571347e-02	7.180630e-01	9.495793e-01	8.138410e-01	3.973393e+00	4.543318e-02	3.119731e-01	1.098508e+00	1.217883e+00	1.270235e+00	1.311704e+00	1.354230e+00	1.395865e+00	1.438213e+00	1.489165e+00	1.556868e+00	1.735578e+00	1.892767e+00	-5.156765e-01	
9  6.73231	-1.022580e+00	1.182836e-01	4.543636e-02	7.177405e-01	9.476621e-01	8.137412e-01	4.043515e+00	4.993693e-02	3.125741e-01	1.097317e+00	1.216161e+00	1.268164e+00	1.310253e+00	1.351348e+00	1.394631e+00	1.436277e+00	1.486858e+00	1.555361e+00	1.733739e+00	1.886817e+00	-5.114419e-01	
8  6.73617	-1.001675e+00	6.774709e-03	4.417863e-02	6.831411e-01	9.618805e-01	8.091488e-01	3.750681e+00	7.784213e-02	3.153484e-01	1.100474e+00	1.219773e+00	1.272716e+00	1.315493e+00	1.356946e+00	1.400738e+00	1.444235e+00	1.493597e+00	1.565023e+00	1.740134e+00	1.947538e+00	-5.514402e-01	
10  6.45533	-9.998787e-01	-3.099529e-02	4.738386e-02	6.650245e-01	9.704334e-01	8.070838e-01	3.196760e+00	9.545318e-02	3.164801e-01	1.102580e+00	1.223539e+00	1.276327e+00	1.319645e+00	1.360030e+00	1.406486e+00	1.449736e+00	1.498757e+00	1.570798e+00	1.746772e+00	1.815017e+00	-4.662077e-01	
7  6.61486	-1.007146e+00	1.463965e-02	4.604393e-02	6.660868e-01	9.677025e-01	8.093313e-01	3.231110e+00	7.683748e-02	3.148482e-01	1.100645e+00	1.221231e+00	1.274539e+00	1.316196e+00	1.357661e+00	1.402773e+00	1.445984e+00	1.495378e+00	1.566626e+00	1.741963e+00	1.809983e+00	-4.589174e-01	
1  8.93156	-9.874217e-01	-7.776102e-02	4.804301e-02	6.376835e-01	9.812443e-01	8.076389e-01	2.752914e+00	7.645636e-02	3.161426e-01	1.101139e+00	1.222786e+00	1.274829e+00	1.318226e+00	1.360025e+00	1.406081e+00	1.450935e+00	1.498930e+00	1.571498e+00	1.747925e+00	1.823080e+00	-4.667495e-01	
3  8.56679	-9.946185e-01	-5.858219e-03	4.958602e-02	6.685235e-01	9.690923e-01	8.109348e-01	3.044682e+00	4.843926e-02	3.143880e-01	1.098339e+00	1.219278e+00	1.270499e+00	1.313406e+00	1.354220e+00	1.400507e+00	1.444227e+00	1.492799e+00	1.565535e+00	1.740764e+00	1.855088e+00	-4.891027e-01	
5  9.96047	-1.007801e+00	9.632541e-04	4.681239e-02	6.593813e-01	9.741922e-01	8.111178e-01	3.169989e+00	4.773208e-02	3.133587e-01	1.100801e+00	1.221759e+00	1.273818e+00	1.317003e+00	1.359675e+00	1.404084e+00	1.450495e+00	1.497335e+00	1.571441e+00	1.744899e+00	1.805532e+00	-4.528661e-01	
10  10.6179	-1.003992e+00	1.190602e-02	5.028773e-02	6.674734e-01	9.667186e-01	8.098233e-01	2.746161e+00	7.159287e-02	3.146664e-01	1.100124e+00	1.219619e+00	1.271803e+00	1.313700e+00	1.355818e+00	1.400302e+00	1.445550e+00	1.492103e+00	1.566745e+00	1.739121e+00	1.777252e+00	-4.402460e-01	
3  13.3309	-9.822030e-01	-1.421639e-01	4.749830e-02	6.094594e-01	9.897164e-01	8.039244e-01	2.307166e+00	9.841367e-02	3.184483e-01	1.105206e+00	1.227697e+00	1.281354e+00	1.323450e+00	1.368472e+00	1.412231e+00	1.460638e+00	1.506786e+00	1.582354e+00	1.755459e+00	1.824857e+00	-4.710312e-01	
2  11.2928	-9.793945e-01	-1.019752e-01	4.815135e-02	6.388531e-01	9.769369e-01	8.064087e-01	2.594738e+00	8.563021e-02	3.171770e-01	1.100963e+00	1.222189e+00	1.275461e+00	1.316920e+00	1.360224e+00	1.404443e+00	1.451166e+00	1.498087e+00	1.573232e+00	1.745545e+00	1.851186e+00	-4.919027e-01	
2  10.3702	-9.698953e-01	-1.683543e-01	4.686314e-02	6.179759e-01	9.892733e-01	8.059649e-01	2.619213e+00	6.829446e-02	3.170642e-01	1.102164e+00	1.224865e+00	1.278351e+00	1.322486e+00	1.365397e+00	1.409029e+00	1.457982e+00	1.505190e+00	1.581488e+00	1.753962e+00	1.792308e+00	-4.505333e-01	
15  8.5517	-9.786491e-01	-1.406785e-01	4.579984e-02	6.412030e-01	9.784808e-01	8.066715e-01	2.908568e+00	8.492869e-02	3.165113e-01	1.100883e+00	1.222921e+00	1.277070e+00	1.320233e+00	1.362642e+00	1.406963e+00	1.453204e+00	1.502383e+00	1.576648e+00	1.749704e+00	1.797083e+00	-4.511672e-01	
2  6.76234	-9.950540e-01	-7.921189e-02	4.597062e-02	6.535398e-01	9.743800e-01	8.088858e-01	3.031279e+00	7.307520e-02	3.147480e-01	1.100633e+00	1.222798e+00	1.276380e+00	1.320009e+00	1.361591e+00	1.405775e+00	1.452011e+00	1.500794e+00	1.574111e+00	1.749053e+00	1.705682e+00	-3.944500e-01	
1  6.96502	-9.995035e-01	1.022838e-02	4.557710e-02	6.825806e-01	9.570695e-01	8.128184e-01	3.304106e+00	4.066131e-02	3.130324e-01	1.096248e+00	1.216666e+00	1.268589e+00	1.312381e+00	1.352064e+00	1.396380e+00	1.440552e+00	1.490153e+00	1.562515e+00	1.736681e+00	1.705956e+00	-4.008923e-01	
13  7.95192	-9.924594e-01	-8.625908e-02	4.504601e-02	6.393134e-01	9.794301e-01	8.080721e-01	2.981474e+00	7.983160e-02	3.156598e-01	1.100661e+00	1.222418e+00	1.276543e+00	1.319636e+00	1.361222e+00	1.405592e+00	1.451751e+00	1.500772e+00	1.574199e+00	1.748720e+00	1.787663e+00	-4.517970e-01	
3  9.73516	-9.807085e-01	-1.541273e-01	4.472671e-02	6.258495e-01	9.877567e-01	8.049243e-01	3.021073e+00	1.045409e-01	3.177673e-01	1.102846e+00	1.225621e+00	1.279675e+00	1.323375e+00	1.365575e+00	1.409423e+00	1.457160e+00	1.505361e+00	1.580708e+00	1.754701e+00	1.826529e+00	-4.808978e-01	
1  12.3075	-1.008523e+00	-1.880745e-02	4.563169e-02	6.530238e-01	9.750172e-01	8.080154e-01	3.083240e+00	9.729995e-02	3.153237e-01	1.101302e+00	1.222467e+00	1.275852e+00	1.319468e+00	1.359719e+00	1.404281e+00	1.451583e+00	1.497242e+00	1.572140e+00	1.745854e+00	1.826456e+00	-4.835632e-01	
1  13.2119	-1.040199e+00	1.398794e-01	4.696305e-02	6.994830e-01	9.576899e-01	8.122523e-01	3.504746e+00	7.486747e-02	3.121336e-01	1.099322e+00	1.219432e+00	1.272432e+00	1.314625e+00	1.353486e+00	1.398285e+00	1.443580e+00	1.488857e+00	1.562697e+00	1.734840e+00	1.719009e+00	-4.218706e-01	
5  9.36901	-1.015776e+00	2.740400e-02	4.534005e-02	6.657305e-01	9.716690e-01	8.090678e-01	3.395790e+00	8.267718e-02	3.144416e-01	1.101502e+00	1.222518e+00	1.275839e+00	1.318492e+00	1.358829e+00	1.403003e+00	1.450337e+00	1.496351e+00	1.570659e+00	1.744349e+00	1.712470e+00	-4.148999e-01	
8  8.7605	-1.040245e+00	1.001610e-01	4.443284e-02	6.757740e-01	9.680421e-01	8.098606e-01	3.541606e+00	9.212509e-02	3.128556e-01	1.102542e+00	1.223618e+00	1.276772e+00	1.319732e+00	1.359560e+00	1.404420e+00	1.448703e+00	1.497424e+00	1.568506e+00	1.744257e+00	1.654457e+00	-3.623706e-01	
6  8.66119	-1.025479e+00	4.503964e-02	4.483896e-02	6.748538e-01	9.683621e-01	8.078150e-01	3.542756e+00	1.073793e-01	3.146858e-01	1.103219e+00	1.224093e+00	1.277114e+00	1.320743e+00	1.360172e+00	1.405808e+00	1.449511e+00	1.499104e+00	1.569546e+00	1.746288e+00	1.633299e+00	-3.594264e-01	
4  7.04765	-1.009067e+00	2.459222e-02	4.601692e-02	6.932337e-01	9.614913e-01	8.087916e-01	3.752375e+00	8.305024e-02	3.152160e-01	1.101083e+00	1.220809e+00	1.273376e+00	1.317642e+00	1.356693e+00	1.401149e+00	1.445783e+00	1.495379e+00	1.565839e+00	1.742139e+00	1.700035e+00	-4.090726e-01	
5  6.86532	-1.012853e+00	2.205766e-02	4.672937e-02	6.810931e-01	9.654039e-01	8.087890e-01	3.426123e+00	7.301920e-02	3.149671e-01	1.102715e+00	1.223788e+00	1.276389e+00	1.320561e+00	1.359873e+00	1.403340e+00	1.451490e+00	1.498101e+00	1.569229e+00	1.746383e+00	1.687808e+00	-3.964260e-01	
22  7.44096	-1.031983e+00	8.426997e-02	4.561985e-02	6.972908e-01	9.607323e-01	8.112339e-01	3.761976e+00	6.615478e-02	3.125485e-01	1.102211e+00	1.223399e+00	1.275269e+00	1.320676e+00	1.359102e+00	1.401973e+00	1.450763e+00	1.496481e+00	1.567648e+00	1.744343e+00	1.691195e+00	-3.868699e-01	
4  7.7346	-1.009421e+00	-1.237813e-02	4.545428e-02	6.818324e-01	9.688292e-01	8.091632e-01	3.637818e+00	7.298200e-02	3.138784e-01	1.102328e+00	1.223446e+00	1.275246e+00	1.321468e+00	1.360355e+00	1.404894e+00	1.452585e+00	1.499331e+00	1.571168e+00	1.748453e+00	1.758773e+00	-4.311278e-01	
13  8.8456	-9.950771e-01	-7.805989e-02	4.764461e-02	6.591209e-01	9.766531e-01	8.081807e-01	3.068220e+00	5.668094e-02	3.147655e-01	1.103780e+00	1.225345e+00	1.277543e+00	1.324298e+00	1.364350e+00	1.409096e+00	1.455212e+00	1.504835e+00	1.574723e+00	1.755043e+00	1.693601e+00	-3.771806e-01	
1  8.11241	-9.669474e-01	-1.818490e-01	4.869468e-02	6.433551e-01	9.834472e-01	8.067188e-01	2.839104e+00	4.725155e-02	3.164260e-01	1.103703e+00	1.225366e+00	1.278304e+00	1.325144e+00	1.366587e+00	1.411482e+00	1.457258e+00	1.508481e+00	1.578783e+00	1.758134e+00	1.787350e+00	-4.423764e-01	
# After 239 accepted steps: rescaled jumping factor from 2.400000 to 2.438387, due to updated covariance matrix 
# After 239 accepted steps: update proposal with max(R-1) = 0.650471 and jumping factor = 2.438387 
13  7.85112	-9.609800e-01	-2.222057e-01	4.848679e-02	6.341026e-01	9.909071e-01	8.050095e-01	2.867253e+00	5.812742e-02	3.175447e-01	1.104806e+00	1.226994e+00	1.280120e+00	1.328059e+00	1.369275e+00	1.414331e+00	1.460782e+00	1.511804e+00	1.582430e+00	1.762293e+00	1.799029e+00	-4.522963e-01	
1  7.13948	-9.786195e-01	-8.247109e-02	4.992142e-02	6.906624e-01	9.675877e-01	8.090131e-01	3.465157e+00	5.648165e-02	3.155214e-01	1.099851e+00	1.219220e+00	1.271707e+00	1.317671e+00	1.356641e+00	1.402600e+00	1.445958e+00	1.497575e+00	1.567170e+00	1.745243e+00	1.783479e+00	-4.467480e-01	
5  6.81932	-9.932163e-01	-4.927926e-03	4.871701e-02	7.116559e-01	9.545066e-01	8.091491e-01	3.661709e+00	7.462410e-02	3.156110e-01	1.098848e+00	1.217179e+00	1.270588e+00	1.313383e+00	1.353054e+00	1.397621e+00	1.440019e+00	1.491710e+00	1.560168e+00	1.737132e+00	1.803005e+00	-4.658313e-01	
2  7.07853	-1.001326e+00	2.918560e-02	4.949131e-02	7.198307e-01	9.505108e-01	8.094136e-01	3.618478e+00	7.863260e-02	3.150736e-01	1.098985e+00	1.217371e+00	1.270263e+00	1.313662e+00	1.351973e+00	1.396931e+00	1.438887e+00	1.490969e+00	1.559533e+00	1.734889e+00	1.767645e+00	-4.499482e-01	
5  5.86885	-9.850605e-01	-2.280433e-03	4.950381e-02	7.184449e-01	9.501150e-01	8.103026e-01	3.690487e+00	4.374267e-02	3.152359e-01	1.097955e+00	1.216616e+00	1.269292e+00	1.312679e+00	1.350660e+00	1.395642e+00	1.437721e+00	1.490363e+00	1.558785e+00	1.735970e+00	1.667871e+00	-3.867127e-01	
4  5.48602	-9.915552e-01	3.553217e-02	5.038963e-02	7.187471e-01	9.500641e-01	8.132882e-01	3.597809e+00	1.560770e-02	3.133705e-01	1.096199e+00	1.214431e+00	1.266696e+00	1.311072e+00	1.348965e+00	1.394105e+00	1.434855e+00	1.488794e+00	1.555730e+00	1.733813e+00	1.534545e+00	-3.015611e-01	
3  7.25116	-9.811422e-01	2.037166e-02	5.234198e-02	7.313507e-01	9.427435e-01	8.115767e-01	3.545412e+00	4.683246e-02	3.151528e-01	1.094945e+00	1.212008e+00	1.263623e+00	1.308624e+00	1.345016e+00	1.389236e+00	1.430791e+00	1.483562e+00	1.551829e+00	1.727740e+00	1.576788e+00	-3.300378e-01	
10  5.18273	-9.848134e-01	2.726403e-03	5.311128e-02	7.156672e-01	9.510738e-01	8.089164e-01	3.277893e+00	7.057331e-02	3.162326e-01	1.098235e+00	1.216251e+00	1.268207e+00	1.312834e+00	1.350746e+00	1.394310e+00	1.436505e+00	1.489441e+00	1.557833e+00	1.733355e+00	1.554897e+00	-3.164826e-01	
3  5.98182	-1.009988e+00	9.050701e-02	4.854416e-02	7.105651e-01	9.487570e-01	8.098564e-01	3.540688e+00	7.513633e-02	3.150859e-01	1.098633e+00	1.217280e+00	1.270026e+00	1.313347e+00	1.352022e+00	1.393855e+00	1.436443e+00	1.487921e+00	1.556876e+00	1.731582e+00	1.629558e+00	-3.577930e-01	
4  5.3145	-1.031134e+00	1.675965e-01	4.854535e-02	7.292217e-01	9.441038e-01	8.134734e-01	3.809397e+00	5.230259e-02	3.122615e-01	1.097423e+00	1.216602e+00	1.268081e+00	1.312788e+00	1.349566e+00	1.392481e+00	1.434077e+00	1.486776e+00	1.553590e+00	1.729002e+00	1.680736e+00	-3.983158e-01	
6  4.24659	-1.023694e+00	9.995238e-02	4.737073e-02	6.748735e-01	9.676022e-01	8.117378e-01	3.278619e+00	5.256948e-02	3.127119e-01	1.099125e+00	1.219988e+00	1.271020e+00	1.317688e+00	1.355057e+00	1.399656e+00	1.441612e+00	1.493987e+00	1.562363e+00	1.737978e+00	1.663332e+00	-3.767328e-01	
4  5.04374	-1.013340e+00	6.258405e-02	4.618326e-02	6.928974e-01	9.599551e-01	8.095829e-01	3.694922e+00	6.931766e-02	3.146690e-01	1.100463e+00	1.221194e+00	1.272414e+00	1.318469e+00	1.356596e+00	1.400198e+00	1.442049e+00	1.494415e+00	1.562663e+00	1.739017e+00	1.629081e+00	-3.638230e-01	
8  7.37622	-1.003611e+00	6.642930e-04	4.712868e-02	6.653166e-01	9.689731e-01	8.093386e-01	3.137834e+00	6.430523e-02	3.147196e-01	1.100818e+00	1.222300e+00	1.274022e+00	1.320430e+00	1.358424e+00	1.403495e+00	1.445604e+00	1.497706e+00	1.566454e+00	1.743532e+00	1.512059e+00	-2.932099e-01	
7  6.73164	-9.755144e-01	-7.215418e-02	5.004775e-02	6.557343e-01	9.715063e-01	8.082935e-01	2.706954e+00	5.905034e-02	3.162884e-01	1.099100e+00	1.219461e+00	1.271166e+00	1.316651e+00	1.354969e+00	1.401642e+00	1.441655e+00	1.496164e+00	1.564556e+00	1.742652e+00	1.597301e+00	-3.579077e-01	
4  6.77227	-9.728846e-01	-1.040426e-01	4.932424e-02	6.434360e-01	9.740324e-01	8.080399e-01	2.483517e+00	6.009068e-02	3.164027e-01	1.099532e+00	1.220184e+00	1.272233e+00	1.317351e+00	1.357575e+00	1.403423e+00	1.443655e+00	1.498219e+00	1.566490e+00	1.745552e+00	1.600108e+00	-3.539273e-01	
1  8.04833	-9.860257e-01	-7.374774e-02	4.976926e-02	6.392393e-01	9.781469e-01	8.081326e-01	2.424205e+00	5.898475e-02	3.157673e-01	1.101553e+00	1.222615e+00	1.275652e+00	1.320226e+00	1.360434e+00	1.406742e+00	1.446201e+00	1.502020e+00	1.570103e+00	1.748983e+00	1.544629e+00	-3.172851e-01	
2  5.95265	-9.854592e-01	-8.727893e-02	5.014373e-02	6.386065e-01	9.818456e-01	8.067143e-01	2.560590e+00	7.310958e-02	3.162966e-01	1.102768e+00	1.224733e+00	1.276267e+00	1.323231e+00	1.362052e+00	1.409342e+00	1.449396e+00	1.504417e+00	1.573668e+00	1.752412e+00	1.633258e+00	-3.654525e-01	
2  7.6017	-9.868027e-01	-3.645826e-02	4.872767e-02	6.853647e-01	9.663604e-01	8.082348e-01	3.534229e+00	6.482580e-02	3.159131e-01	1.100987e+00	1.221636e+00	1.273403e+00	1.317632e+00	1.357101e+00	1.402794e+00	1.442603e+00	1.497600e+00	1.565888e+00	1.744700e+00	1.661147e+00	-3.925947e-01	
6  7.19168	-9.927210e-01	-1.155037e-02	5.414317e-02	6.772079e-01	9.669415e-01	8.086464e-01	2.683417e+00	6.714657e-02	3.158563e-01	1.100776e+00	1.221049e+00	1.271972e+00	1.317528e+00	1.355594e+00	1.401261e+00	1.441802e+00	1.497168e+00	1.563853e+00	1.742876e+00	1.656748e+00	-3.950149e-01	
7  6.58613	-9.791657e-01	-7.920907e-02	5.324296e-02	6.560662e-01	9.759141e-01	8.067489e-01	2.514013e+00	7.638892e-02	3.169756e-01	1.101390e+00	1.222175e+00	1.273163e+00	1.318510e+00	1.359983e+00	1.403660e+00	1.445187e+00	1.501059e+00	1.568346e+00	1.746822e+00	1.743266e+00	-4.429498e-01	
3  5.44127	-9.862347e-01	-8.026540e-02	5.215194e-02	6.469576e-01	9.795733e-01	8.046722e-01	2.477270e+00	1.094290e-01	3.177721e-01	1.102798e+00	1.224087e+00	1.276583e+00	1.321042e+00	1.362590e+00	1.406637e+00	1.447708e+00	1.503546e+00	1.570759e+00	1.749415e+00	1.784040e+00	-4.629292e-01	
9  6.44635	-9.953334e-01	-2.752841e-02	5.363472e-02	6.712722e-01	9.696355e-01	8.058795e-01	2.626066e+00	1.097914e-01	3.168383e-01	1.102351e+00	1.222439e+00	1.275203e+00	1.318362e+00	1.360334e+00	1.403309e+00	1.444136e+00	1.499055e+00	1.566221e+00	1.746146e+00	1.737811e+00	-4.306420e-01	
2  5.77546	-1.015016e+00	5.048783e-02	5.241665e-02	7.027654e-01	9.581282e-01	8.103275e-01	3.101798e+00	8.496328e-02	3.134857e-01	1.099538e+00	1.219348e+00	1.271637e+00	1.315362e+00	1.357270e+00	1.397917e+00	1.439428e+00	1.494750e+00	1.560961e+00	1.741462e+00	1.729909e+00	-4.190270e-01	
3  4.62658	-1.000207e+00	-3.319662e-02	5.242897e-02	6.874479e-01	9.633442e-01	8.073762e-01	2.911814e+00	1.051665e-01	3.159802e-01	1.101776e+00	1.222002e+00	1.274319e+00	1.319447e+00	1.361090e+00	1.402629e+00	1.444676e+00	1.500364e+00	1.566532e+00	1.746007e+00	1.816682e+00	-4.660699e-01	
6  8.08365	-9.776841e-01	-1.172595e-01	5.293284e-02	6.849313e-01	9.650672e-01	8.054456e-01	2.855575e+00	1.082041e-01	3.176281e-01	1.102193e+00	1.222041e+00	1.275156e+00	1.318620e+00	1.362523e+00	1.403348e+00	1.445868e+00	1.501630e+00	1.568052e+00	1.748579e+00	1.763119e+00	-4.284499e-01	
9  5.56119	-9.857069e-01	-8.705916e-02	5.231666e-02	6.656909e-01	9.713045e-01	8.060136e-01	2.621667e+00	1.019905e-01	3.172017e-01	1.101660e+00	1.221849e+00	1.275449e+00	1.318671e+00	1.362870e+00	1.403204e+00	1.447195e+00	1.502286e+00	1.567750e+00	1.746925e+00	1.736149e+00	-4.080697e-01	
6  6.94995	-9.803604e-01	-1.096761e-01	5.276636e-02	6.445934e-01	9.786693e-01	8.077195e-01	2.287849e+00	5.733099e-02	3.165438e-01	1.102130e+00	1.222665e+00	1.276518e+00	1.320679e+00	1.364878e+00	1.406057e+00	1.450186e+00	1.504777e+00	1.571826e+00	1.751164e+00	1.683430e+00	-3.810486e-01	
9  9.40907	-9.616491e-01	-1.761332e-01	5.220990e-02	6.425249e-01	9.814451e-01	8.044509e-01	2.543023e+00	7.664453e-02	3.191953e-01	1.103861e+00	1.224848e+00	1.278199e+00	1.321821e+00	1.366989e+00	1.407662e+00	1.452528e+00	1.506448e+00	1.574258e+00	1.754223e+00	1.662870e+00	-3.599874e-01	
9  7.48941	-9.566102e-01	-2.286341e-01	5.336179e-02	6.197768e-01	9.907571e-01	8.044916e-01	2.115581e+00	6.775164e-02	3.190297e-01	1.105162e+00	1.227040e+00	1.280009e+00	1.324998e+00	1.370242e+00	1.412140e+00	1.458201e+00	1.512378e+00	1.579991e+00	1.761786e+00	1.697411e+00	-3.926281e-01	
11  6.521	-9.644875e-01	-1.811140e-01	5.406183e-02	6.334996e-01	9.827212e-01	8.055791e-01	2.141792e+00	7.632039e-02	3.185643e-01	1.103154e+00	1.224853e+00	1.277527e+00	1.321747e+00	1.366184e+00	1.408111e+00	1.454659e+00	1.506305e+00	1.575280e+00	1.755023e+00	1.710688e+00	-4.139741e-01	
15  7.05836	-9.511715e-01	-2.169490e-01	5.391863e-02	6.335217e-01	9.784278e-01	8.046053e-01	2.014491e+00	8.882818e-02	3.195763e-01	1.101620e+00	1.222480e+00	1.275359e+00	1.319676e+00	1.363633e+00	1.405433e+00	1.451639e+00	1.503064e+00	1.573600e+00	1.751925e+00	1.603597e+00	-3.496452e-01	
18  6.50001	-9.385057e-01	-2.540275e-01	5.411869e-02	6.453479e-01	9.746780e-01	8.040379e-01	2.264723e+00	9.044624e-02	3.204647e-01	1.101386e+00	1.221874e+00	1.274494e+00	1.319974e+00	1.362197e+00	1.404781e+00	1.451174e+00	1.502761e+00	1.573423e+00	1.751682e+00	1.599283e+00	-3.493023e-01	
1  9.16963	-9.516562e-01	-2.331895e-01	5.347495e-02	6.285796e-01	9.800204e-01	8.056205e-01	1.988988e+00	5.896754e-02	3.186886e-01	1.103268e+00	1.225168e+00	1.279262e+00	1.324207e+00	1.367839e+00	1.409443e+00	1.457426e+00	1.508653e+00	1.579195e+00	1.757568e+00	1.603954e+00	-3.412797e-01	
2  11.5248	-9.589797e-01	-1.904951e-01	5.356405e-02	6.349725e-01	9.757161e-01	8.058781e-01	1.990149e+00	7.561775e-02	3.182893e-01	1.101846e+00	1.222488e+00	1.277867e+00	1.321180e+00	1.363432e+00	1.406740e+00	1.452915e+00	1.503343e+00	1.575482e+00	1.751006e+00	1.587275e+00	-3.429078e-01	
7  11.2393	-9.665252e-01	-1.192587e-01	5.447834e-02	6.620525e-01	9.659193e-01	8.078074e-01	2.324644e+00	6.996722e-02	3.171545e-01	1.099409e+00	1.219234e+00	1.273925e+00	1.316542e+00	1.357161e+00	1.400582e+00	1.446281e+00	1.496128e+00	1.569120e+00	1.743942e+00	1.553929e+00	-3.186020e-01	
10  12.6211	-9.480554e-01	-1.616354e-01	5.240572e-02	6.594486e-01	9.638303e-01	8.077470e-01	2.508826e+00	5.725469e-02	3.179474e-01	1.098080e+00	1.217182e+00	1.271060e+00	1.314896e+00	1.355902e+00	1.397896e+00	1.444249e+00	1.494836e+00	1.568028e+00	1.741775e+00	1.587430e+00	-3.357033e-01	
7  10.2759	-9.801580e-01	-6.480340e-02	5.449089e-02	6.724769e-01	9.611956e-01	8.103716e-01	2.318393e+00	4.387623e-02	3.149784e-01	1.098665e+00	1.218856e+00	1.272072e+00	1.316548e+00	1.357483e+00	1.398328e+00	1.445244e+00	1.495167e+00	1.566819e+00	1.741330e+00	1.583903e+00	-3.274263e-01	
3  7.9568	-9.644059e-01	-9.307182e-02	5.504161e-02	6.836629e-01	9.575124e-01	8.094373e-01	2.490464e+00	5.530175e-02	3.163710e-01	1.097082e+00	1.215862e+00	1.268054e+00	1.312260e+00	1.354130e+00	1.394638e+00	1.441314e+00	1.490914e+00	1.562296e+00	1.736217e+00	1.574885e+00	-3.219595e-01	
1  8.62294	-9.991864e-01	5.411788e-02	5.549036e-02	6.977845e-01	9.484406e-01	8.129546e-01	2.401623e+00	4.516236e-02	3.134087e-01	1.095485e+00	1.213535e+00	1.265553e+00	1.309249e+00	1.349757e+00	1.390732e+00	1.434115e+00	1.485427e+00	1.554989e+00	1.729699e+00	1.543468e+00	-2.932738e-01	
3  9.13743	-1.002461e+00	5.107276e-02	5.540541e-02	6.960486e-01	9.522499e-01	8.138696e-01	2.368084e+00	2.913353e-02	3.122690e-01	1.095204e+00	1.214879e+00	1.266732e+00	1.310518e+00	1.351579e+00	1.392047e+00	1.435238e+00	1.487303e+00	1.556425e+00	1.732885e+00	1.526496e+00	-2.864057e-01	
5  9.21153	-9.841702e-01	5.915263e-03	5.387777e-02	6.911247e-01	9.546222e-01	8.129757e-01	2.609398e+00	2.033943e-02	3.135204e-01	1.094783e+00	1.214340e+00	1.265492e+00	1.309062e+00	1.350565e+00	1.391767e+00	1.434589e+00	1.487058e+00	1.557205e+00	1.734181e+00	1.485975e+00	-2.657281e-01	
11  8.98355	-9.715734e-01	-9.165380e-02	5.243702e-02	6.580917e-01	9.695710e-01	8.094421e-01	2.454631e+00	3.941714e-02	3.155611e-01	1.098161e+00	1.219968e+00	1.271414e+00	1.316710e+00	1.357159e+00	1.401432e+00	1.444119e+00	1.497167e+00	1.567902e+00	1.745006e+00	1.464463e+00	-2.491529e-01	
2  7.98481	-1.019360e+00	1.020977e-01	5.178485e-02	6.981303e-01	9.530052e-01	8.150556e-01	2.866941e+00	1.997198e-02	3.112205e-01	1.096214e+00	1.217457e+00	1.268373e+00	1.313522e+00	1.352318e+00	1.395779e+00	1.437076e+00	1.489421e+00	1.558703e+00	1.734975e+00	1.499411e+00	-2.735738e-01	
16  7.46087	-9.894010e-01	1.147601e-02	5.063717e-02	6.856283e-01	9.562082e-01	8.134701e-01	2.916979e+00	2.222497e-02	3.132655e-01	1.094632e+00	1.214886e+00	1.266338e+00	1.310296e+00	1.351353e+00	1.393461e+00	1.435309e+00	1.488757e+00	1.557923e+00	1.734677e+00	1.534871e+00	-2.941496e-01	
2  8.804	-9.829046e-01	6.999107e-04	5.477138e-02	6.847040e-01	9.563934e-01	8.121617e-01	2.503407e+00	2.655004e-02	3.143315e-01	1.095935e+00	1.215814e+00	1.267172e+00	1.311287e+00	1.352229e+00	1.393955e+00	1.436860e+00	1.489334e+00	1.559460e+00	1.734953e+00	1.536508e+00	-2.956913e-01	
2  7.48413	-9.847576e-01	-5.565202e-02	5.492829e-02	6.477708e-01	9.742518e-01	8.088233e-01	2.049945e+00	4.567329e-02	3.157192e-01	1.100483e+00	1.222463e+00	1.275051e+00	1.319732e+00	1.360735e+00	1.403885e+00	1.447244e+00	1.500510e+00	1.570461e+00	1.746164e+00	1.563782e+00	-3.176447e-01	
5  8.21999	-9.841361e-01	-6.611203e-02	5.220947e-02	6.487910e-01	9.739007e-01	8.097221e-01	2.354725e+00	3.803231e-02	3.151731e-01	1.099486e+00	1.222004e+00	1.275071e+00	1.318898e+00	1.360827e+00	1.403046e+00	1.446810e+00	1.500334e+00	1.569330e+00	1.747411e+00	1.654841e+00	-3.752689e-01	
9  7.41807	-9.881736e-01	-7.805677e-02	5.150249e-02	6.264377e-01	9.821025e-01	8.088862e-01	2.111304e+00	5.957104e-02	3.152392e-01	1.099510e+00	1.222561e+00	1.276110e+00	1.319432e+00	1.361680e+00	1.405175e+00	1.449262e+00	1.501740e+00	1.572228e+00	1.749772e+00	1.613865e+00	-3.375282e-01	
1  6.4589	-1.007718e+00	-1.605524e-02	5.022491e-02	6.274374e-01	9.797206e-01	8.104111e-01	2.097753e+00	6.942149e-02	3.133472e-01	1.099028e+00	1.221490e+00	1.274122e+00	1.318558e+00	1.360414e+00	1.403932e+00	1.447481e+00	1.499252e+00	1.569704e+00	1.746624e+00	1.653372e+00	-3.638545e-01	
1  5.95734	-1.008231e+00	-1.831122e-02	5.098100e-02	6.345519e-01	9.788826e-01	8.072222e-01	2.212265e+00	1.144184e-01	3.155538e-01	1.100253e+00	1.222211e+00	1.275336e+00	1.318466e+00	1.361407e+00	1.403530e+00	1.448422e+00	1.498024e+00	1.569430e+00	1.743934e+00	1.706930e+00	-3.997382e-01	
4  5.92294	-9.817731e-01	-6.840031e-02	5.219048e-02	6.576216e-01	9.686835e-01	8.069883e-01	2.482503e+00	1.073062e-01	3.170835e-01	1.098272e+00	1.218268e+00	1.270583e+00	1.313917e+00	1.356790e+00	1.397296e+00	1.442812e+00	1.493345e+00	1.562985e+00	1.739422e+00	1.710501e+00	-4.088774e-01	
19  7.13779	-9.929747e-01	-3.695545e-02	5.205299e-02	6.407037e-01	9.741564e-01	8.073687e-01	2.166843e+00	1.071131e-01	3.162642e-01	1.098568e+00	1.218859e+00	1.271571e+00	1.313490e+00	1.358765e+00	1.398126e+00	1.444203e+00	1.493787e+00	1.562663e+00	1.740968e+00	1.739127e+00	-4.151966e-01	
11  7.13362	-1.010102e+00	6.011802e-02	5.149392e-02	6.742363e-01	9.612256e-01	8.110046e-01	2.649338e+00	8.629153e-02	3.138636e-01	1.096422e+00	1.215379e+00	1.267649e+00	1.308043e+00	1.352990e+00	1.392453e+00	1.437807e+00	1.486740e+00	1.555500e+00	1.732302e+00	1.725102e+00	-4.149554e-01	
2  8.37231	-9.940121e-01	-6.889977e-03	5.014730e-02	6.587324e-01	9.630455e-01	8.092431e-01	2.475137e+00	1.110995e-01	3.153788e-01	1.095849e+00	1.213685e+00	1.266127e+00	1.307522e+00	1.352816e+00	1.392148e+00	1.437890e+00	1.487095e+00	1.556309e+00	1.732070e+00	1.758148e+00	-4.389441e-01	
5  13.6394	-1.006821e+00	7.229674e-02	4.983686e-02	6.793778e-01	9.522005e-01	8.106575e-01	2.605852e+00	1.127663e-01	3.144172e-01	1.093765e+00	1.209973e+00	1.263195e+00	1.303092e+00	1.348620e+00	1.386939e+00	1.431305e+00	1.481048e+00	1.550549e+00	1.721338e+00	1.725583e+00	-4.226921e-01	
2  13.3033	-9.981595e-01	5.547833e-02	4.746485e-02	6.862951e-01	9.486884e-01	8.112760e-01	3.025033e+00	1.015578e-01	3.143990e-01	1.092692e+00	1.209305e+00	1.262304e+00	1.302678e+00	1.347481e+00	1.385208e+00	1.430939e+00	1.479030e+00	1.549370e+00	1.719976e+00	1.730500e+00	-4.216867e-01	
1  11.9969	-9.955226e-01	5.849217e-02	4.824830e-02	6.858916e-01	9.544669e-01	8.127400e-01	3.139479e+00	6.364676e-02	3.132200e-01	1.092647e+00	1.209869e+00	1.262776e+00	1.303966e+00	1.347749e+00	1.386709e+00	1.431439e+00	1.481812e+00	1.550728e+00	1.724033e+00	1.765228e+00	-4.378967e-01	
3  11.6715	-9.919599e-01	-1.583237e-02	4.771895e-02	6.496970e-01	9.738173e-01	8.105832e-01	2.929361e+00	6.967125e-02	3.141557e-01	1.095951e+00	1.215387e+00	1.270107e+00	1.310420e+00	1.356979e+00	1.394890e+00	1.442619e+00	1.492741e+00	1.562595e+00	1.737620e+00	1.720621e+00	-4.067242e-01	
10  9.34988	-1.020139e+00	1.117550e-01	4.910958e-02	6.779895e-01	9.614157e-01	8.141704e-01	3.009128e+00	5.410636e-02	3.115542e-01	1.094058e+00	1.213139e+00	1.267074e+00	1.306776e+00	1.352775e+00	1.390646e+00	1.436322e+00	1.486511e+00	1.554681e+00	1.731137e+00	1.739872e+00	-4.180546e-01	
22  7.78444	-1.025304e+00	8.574349e-02	4.999862e-02	6.547848e-01	9.725817e-01	8.146757e-01	2.585951e+00	3.155346e-02	3.105885e-01	1.096374e+00	1.217994e+00	1.270599e+00	1.313450e+00	1.358114e+00	1.398217e+00	1.444642e+00	1.493523e+00	1.563641e+00	1.739981e+00	1.708129e+00	-3.911020e-01	
8  8.41287	-1.012479e+00	-6.011824e-03	4.890646e-02	6.302158e-01	9.819209e-01	8.108668e-01	2.354201e+00	5.535703e-02	3.128851e-01	1.099565e+00	1.222490e+00	1.275927e+00	1.319499e+00	1.364988e+00	1.404835e+00	1.453159e+00	1.501800e+00	1.572218e+00	1.748402e+00	1.746144e+00	-4.191858e-01	
