16  1.69804	-9.984601e-01	2.471365e-02	5.064878e-02	6.943584e-01	9.563235e-01	8.101850e-01	3.106914e+00	7.815089e-02	3.147975e-01	1.097220e+00	1.216490e+00	1.269133e+00	1.311491e+00	1.352230e+00	1.394531e+00	1.438124e+00	1.490296e+00	1.558021e+00	1.735312e+00	1.714300e+00	-4.079859e-01	
13  3.06008	-1.013376e+00	1.008317e-01	4.796686e-02	6.840021e-01	9.546285e-01	8.124649e-01	3.036450e+00	5.556915e-02	3.132350e-01	1.096493e+00	1.215209e+00	1.266835e+00	1.309444e+00	1.350365e+00	1.391718e+00	1.434436e+00	1.486699e+00	1.554584e+00	1.731556e+00	1.758734e+00	-4.228946e-01	
1  3.25345	-1.020092e+00	7.252710e-02	4.689855e-02	6.653918e-01	9.643699e-01	8.113322e-01	2.954733e+00	6.945825e-02	3.132554e-01	1.099105e+00	1.218177e+00	1.272065e+00	1.314942e+00	1.357013e+00	1.397363e+00	1.441971e+00	1.493749e+00	1.562186e+00	1.739971e+00	1.736530e+00	-4.171249e-01	
2  5.73303	-1.004623e+00	1.742555e-02	4.707590e-02	6.646144e-01	9.646837e-01	8.097289e-01	2.998525e+00	7.032471e-02	3.149083e-01	1.100520e+00	1.219403e+00	1.273862e+00	1.315923e+00	1.358705e+00	1.399450e+00	1.443202e+00	1.496585e+00	1.565696e+00	1.743409e+00	1.675335e+00	-3.816276e-01	
3  5.42562	-9.968910e-01	-1.140571e-03	4.816918e-02	6.641457e-01	9.636402e-01	8.113681e-01	2.901286e+00	4.280984e-02	3.142600e-01	1.099281e+00	1.218462e+00	1.271634e+00	1.314403e+00	1.357328e+00	1.398988e+00	1.442756e+00	1.496362e+00	1.565558e+00	1.744292e+00	1.785640e+00	-4.562133e-01	
20  5.81926	-9.982573e-01	-4.567872e-02	4.813987e-02	6.432689e-01	9.745332e-01	8.086508e-01	2.623138e+00	6.560699e-02	3.151537e-01	1.102229e+00	1.222613e+00	1.277602e+00	1.319435e+00	1.364207e+00	1.404235e+00	1.450114e+00	1.502707e+00	1.572778e+00	1.752006e+00	1.757123e+00	-4.481775e-01	
3  6.50249	-9.788316e-01	-8.017946e-02	5.001518e-02	6.713468e-01	9.627248e-01	8.076855e-01	2.829940e+00	7.609839e-02	3.166252e-01	1.101134e+00	1.219900e+00	1.274033e+00	1.315063e+00	1.360545e+00	1.400381e+00	1.445338e+00	1.498029e+00	1.567131e+00	1.746929e+00	1.732912e+00	-4.356027e-01	
5  5.64638	-9.767188e-01	-1.418066e-01	5.269532e-02	6.543196e-01	9.754369e-01	8.058391e-01	2.515397e+00	8.517261e-02	3.173893e-01	1.103368e+00	1.225538e+00	1.278398e+00	1.321352e+00	1.367406e+00	1.407683e+00	1.452909e+00	1.506406e+00	1.575530e+00	1.756473e+00	1.760672e+00	-4.504910e-01	
7  6.28642	-9.835291e-01	-1.304015e-01	5.280076e-02	6.602141e-01	9.741912e-01	8.052108e-01	2.570733e+00	1.009772e-01	3.172850e-01	1.104321e+00	1.226569e+00	1.279707e+00	1.323220e+00	1.367961e+00	1.409268e+00	1.452846e+00	1.508275e+00	1.577022e+00	1.756510e+00	1.865424e+00	-5.103784e-01	
12  7.15481	-9.835255e-01	-1.324972e-01	5.140835e-02	6.628342e-01	9.758617e-01	8.056420e-01	2.837815e+00	9.711532e-02	3.171257e-01	1.103657e+00	1.224915e+00	1.279093e+00	1.323241e+00	1.367902e+00	1.409050e+00	1.450985e+00	1.508740e+00	1.576269e+00	1.754879e+00	1.875623e+00	-5.124966e-01	
4  8.22534	-1.005971e+00	-6.056629e-02	5.062132e-02	6.664089e-01	9.739994e-01	8.064006e-01	2.851543e+00	1.237468e-01	3.157239e-01	1.102975e+00	1.223843e+00	1.276635e+00	1.322267e+00	1.365867e+00	1.407047e+00	1.449106e+00	1.505752e+00	1.573882e+00	1.751627e+00	1.895286e+00	-5.145145e-01	
8  6.3956	-9.899286e-01	-9.823300e-02	5.052423e-02	6.612945e-01	9.726308e-01	8.057947e-01	2.771785e+00	1.128789e-01	3.171011e-01	1.102478e+00	1.223565e+00	1.276159e+00	1.320607e+00	1.364637e+00	1.405524e+00	1.448720e+00	1.503773e+00	1.572589e+00	1.749429e+00	1.911913e+00	-5.226413e-01	
5  4.6363	-9.867697e-01	-1.143399e-01	5.028685e-02	6.479779e-01	9.768498e-01	8.049968e-01	2.572332e+00	1.192815e-01	3.175505e-01	1.102996e+00	1.224428e+00	1.276093e+00	1.320659e+00	1.365521e+00	1.406604e+00	1.450221e+00	1.504381e+00	1.573234e+00	1.751223e+00	1.859362e+00	-4.951497e-01	
10  5.48523	-9.956147e-01	-7.508821e-02	4.872934e-02	6.476328e-01	9.747832e-01	8.069801e-01	2.686256e+00	1.112530e-01	3.163762e-01	1.101328e+00	1.222419e+00	1.275089e+00	1.318504e+00	1.361935e+00	1.403788e+00	1.446581e+00	1.501358e+00	1.569449e+00	1.747261e+00	1.864186e+00	-4.960326e-01	
6  5.35633	-1.004408e+00	-3.272351e-02	4.689259e-02	6.494627e-01	9.719970e-01	8.082676e-01	2.788248e+00	1.000372e-01	3.154110e-01	1.100330e+00	1.221377e+00	1.274443e+00	1.317743e+00	1.360408e+00	1.401809e+00	1.444863e+00	1.499620e+00	1.567429e+00	1.745644e+00	1.891481e+00	-5.111212e-01	
5  6.14639	-1.015033e+00	4.355391e-02	4.682023e-02	6.622032e-01	9.650883e-01	8.112858e-01	2.886217e+00	7.412093e-02	3.136078e-01	1.097970e+00	1.218225e+00	1.271225e+00	1.313410e+00	1.356155e+00	1.396382e+00	1.439698e+00	1.494371e+00	1.560427e+00	1.739892e+00	1.856293e+00	-4.880963e-01	
2  10.6719	-1.006582e+00	9.645963e-03	4.513590e-02	6.660752e-01	9.662875e-01	8.108208e-01	3.273845e+00	7.345860e-02	3.142398e-01	1.098111e+00	1.217949e+00	1.271125e+00	1.313209e+00	1.357142e+00	1.396459e+00	1.439757e+00	1.495073e+00	1.560752e+00	1.741056e+00	1.885846e+00	-4.952153e-01	
3  10.267	-1.009633e+00	1.659158e-02	4.537996e-02	6.708502e-01	9.649782e-01	8.099612e-01	3.352745e+00	8.945638e-02	3.148313e-01	1.098992e+00	1.218735e+00	1.271550e+00	1.314104e+00	1.358645e+00	1.398020e+00	1.440308e+00	1.495607e+00	1.561109e+00	1.741111e+00	1.825961e+00	-4.559602e-01	
2  10.1313	-1.013088e+00	-4.443451e-04	4.481298e-02	6.504214e-01	9.737044e-01	8.092450e-01	3.191347e+00	9.249863e-02	3.146775e-01	1.100380e+00	1.222153e+00	1.274599e+00	1.317796e+00	1.363149e+00	1.402287e+00	1.446596e+00	1.500588e+00	1.565970e+00	1.747156e+00	1.848167e+00	-4.658536e-01	
5  8.9074	-9.981659e-01	-5.442713e-02	4.592567e-02	6.547927e-01	9.734670e-01	8.066829e-01	3.214780e+00	1.138225e-01	3.167285e-01	1.101003e+00	1.222223e+00	1.275351e+00	1.318440e+00	1.364277e+00	1.402611e+00	1.448429e+00	1.501167e+00	1.567746e+00	1.748452e+00	1.895705e+00	-5.052635e-01	
6  8.53111	-9.746820e-01	-9.614200e-02	4.736175e-02	6.687780e-01	9.663426e-01	8.052859e-01	3.312315e+00	1.190833e-01	3.189356e-01	1.100086e+00	1.220145e+00	1.272211e+00	1.315485e+00	1.360375e+00	1.399183e+00	1.444836e+00	1.497929e+00	1.562980e+00	1.745480e+00	1.846382e+00	-4.870121e-01	
3  9.70133	-9.745006e-01	-9.442261e-02	4.618640e-02	6.663389e-01	9.650518e-01	8.061961e-01	3.371260e+00	9.848727e-02	3.185403e-01	1.100724e+00	1.220594e+00	1.272458e+00	1.316863e+00	1.361559e+00	1.399117e+00	1.445439e+00	1.497942e+00	1.563881e+00	1.744522e+00	1.793852e+00	-4.579992e-01	
20  9.19765	-9.804962e-01	-9.628508e-02	4.821083e-02	6.743163e-01	9.662272e-01	8.050883e-01	3.295069e+00	1.229041e-01	3.185851e-01	1.101644e+00	1.222174e+00	1.273044e+00	1.318750e+00	1.362354e+00	1.402088e+00	1.446803e+00	1.500445e+00	1.565593e+00	1.746653e+00	1.987348e+00	-5.692194e-01	
13  8.58317	-9.743059e-01	-1.311105e-01	4.858751e-02	6.572800e-01	9.738124e-01	8.031909e-01	3.058198e+00	1.252966e-01	3.197371e-01	1.104042e+00	1.224076e+00	1.275274e+00	1.322018e+00	1.365539e+00	1.405435e+00	1.451369e+00	1.504559e+00	1.570577e+00	1.751455e+00	1.909720e+00	-5.266651e-01	
4  8.42755	-9.884039e-01	-8.669205e-02	4.921714e-02	6.712827e-01	9.713027e-01	8.042898e-01	3.202610e+00	1.373315e-01	3.182318e-01	1.103043e+00	1.223114e+00	1.274488e+00	1.321145e+00	1.364150e+00	1.404495e+00	1.450898e+00	1.503056e+00	1.569560e+00	1.748489e+00	1.847001e+00	-4.764585e-01	
7  5.97741	-1.013984e+00	1.734529e-02	4.871491e-02	6.767958e-01	9.672188e-01	8.073625e-01	3.191563e+00	1.249544e-01	3.156250e-01	1.101158e+00	1.221417e+00	1.272767e+00	1.319156e+00	1.360513e+00	1.402622e+00	1.446264e+00	1.498990e+00	1.565234e+00	1.743726e+00	1.820722e+00	-4.553905e-01	
4  6.45256	-1.017625e+00	1.800687e-02	4.808677e-02	6.687780e-01	9.689409e-01	8.070546e-01	3.046085e+00	1.458144e-01	3.154447e-01	1.099850e+00	1.220364e+00	1.272843e+00	1.317315e+00	1.359829e+00	1.401243e+00	1.446263e+00	1.496864e+00	1.564294e+00	1.741016e+00	1.784474e+00	-4.374549e-01	
7  4.12782	-1.026707e+00	4.245926e-02	4.666896e-02	6.701182e-01	9.691996e-01	8.072664e-01	3.197977e+00	1.433688e-01	3.150024e-01	1.101202e+00	1.221904e+00	1.274208e+00	1.319008e+00	1.361510e+00	1.402722e+00	1.447099e+00	1.498479e+00	1.565911e+00	1.742708e+00	1.784110e+00	-4.414790e-01	
2  5.29093	-1.022061e+00	2.826177e-02	4.585875e-02	6.688414e-01	9.710969e-01	8.078247e-01	3.390280e+00	1.273727e-01	3.150169e-01	1.101345e+00	1.222247e+00	1.274459e+00	1.319110e+00	1.361641e+00	1.402862e+00	1.447596e+00	1.499909e+00	1.566402e+00	1.744678e+00	1.866532e+00	-4.844211e-01	
2  5.82559	-1.008610e+00	-2.050337e-02	4.548122e-02	6.709600e-01	9.699664e-01	8.072593e-01	3.439122e+00	1.253934e-01	3.156012e-01	1.100843e+00	1.222204e+00	1.273766e+00	1.319108e+00	1.362048e+00	1.402098e+00	1.448255e+00	1.498881e+00	1.566218e+00	1.744984e+00	1.940509e+00	-5.315773e-01	
11  5.70291	-1.020518e+00	3.811589e-02	4.497544e-02	6.746913e-01	9.649176e-01	8.080682e-01	3.421130e+00	1.282193e-01	3.150594e-01	1.100365e+00	1.220725e+00	1.272378e+00	1.318021e+00	1.360148e+00	1.400225e+00	1.445207e+00	1.495776e+00	1.562989e+00	1.740350e+00	1.874857e+00	-4.993701e-01	
1  7.00787	-1.030165e+00	9.892923e-02	4.605134e-02	6.889343e-01	9.596460e-01	8.109151e-01	3.467086e+00	8.588036e-02	3.131401e-01	1.099747e+00	1.220178e+00	1.271330e+00	1.317279e+00	1.358611e+00	1.399078e+00	1.442857e+00	1.493847e+00	1.561205e+00	1.738298e+00	1.923371e+00	-5.247178e-01	
10  5.32873	-1.017328e+00	6.867958e-02	4.487774e-02	6.881085e-01	9.607046e-01	8.105381e-01	3.681199e+00	6.347522e-02	3.139330e-01	1.100413e+00	1.220163e+00	1.272323e+00	1.317142e+00	1.359411e+00	1.399312e+00	1.443392e+00	1.493524e+00	1.562693e+00	1.739775e+00	1.814790e+00	-4.715805e-01	
3  4.72839	-9.859909e-01	-5.590308e-02	4.577307e-02	6.759897e-01	9.649712e-01	8.053754e-01	3.516197e+00	9.575391e-02	3.180809e-01	1.102765e+00	1.223291e+00	1.275631e+00	1.319581e+00	1.362664e+00	1.403969e+00	1.447404e+00	1.498767e+00	1.568100e+00	1.746542e+00	1.780538e+00	-4.596117e-01	
2  5.55619	-9.652624e-01	-1.346976e-01	4.682524e-02	6.785132e-01	9.637515e-01	8.046747e-01	3.527636e+00	8.925839e-02	3.195207e-01	1.103297e+00	1.223590e+00	1.275783e+00	1.320039e+00	1.363323e+00	1.404732e+00	1.448817e+00	1.500167e+00	1.571086e+00	1.750039e+00	1.666037e+00	-3.904470e-01	
2  5.66568	-9.699111e-01	-1.314992e-01	4.829502e-02	6.632796e-01	9.711451e-01	8.044393e-01	3.196319e+00	7.669447e-02	3.194608e-01	1.104995e+00	1.226396e+00	1.278617e+00	1.323839e+00	1.366640e+00	1.408580e+00	1.452544e+00	1.504468e+00	1.576279e+00	1.752997e+00	1.667323e+00	-3.866101e-01	
13  7.82107	-9.954585e-01	7.935113e-03	4.792850e-02	6.824881e-01	9.600522e-01	8.085383e-01	3.259446e+00	4.981139e-02	3.166860e-01	1.102509e+00	1.222631e+00	1.273616e+00	1.317961e+00	1.360691e+00	1.401897e+00	1.443616e+00	1.496152e+00	1.566635e+00	1.742171e+00	1.688315e+00	-3.996469e-01	
5  8.13711	-9.752209e-01	-1.142061e-01	4.797731e-02	6.729503e-01	9.687549e-01	8.050696e-01	3.303013e+00	8.468825e-02	3.186827e-01	1.103640e+00	1.224822e+00	1.276296e+00	1.322491e+00	1.363253e+00	1.408888e+00	1.448273e+00	1.503433e+00	1.573580e+00	1.750149e+00	1.694291e+00	-4.094436e-01	
9  9.875	-9.640080e-01	-1.706572e-01	4.640990e-02	6.709676e-01	9.722153e-01	8.022912e-01	3.536085e+00	1.219237e-01	3.203671e-01	1.103744e+00	1.225101e+00	1.277447e+00	1.322909e+00	1.364349e+00	1.410244e+00	1.448869e+00	1.505308e+00	1.575227e+00	1.751296e+00	1.709457e+00	-4.210430e-01	
1  11.1518	-9.710699e-01	-1.352565e-01	4.543846e-02	6.874203e-01	9.673464e-01	8.046210e-01	3.876219e+00	1.071150e-01	3.186860e-01	1.101892e+00	1.223220e+00	1.274965e+00	1.320637e+00	1.360856e+00	1.406402e+00	1.446195e+00	1.501054e+00	1.571585e+00	1.747945e+00	1.830516e+00	-4.895853e-01	
2  7.7084	-9.847886e-01	-8.230653e-02	4.491004e-02	6.786315e-01	9.687196e-01	8.070529e-01	3.740357e+00	9.543805e-02	3.167272e-01	1.100097e+00	1.221490e+00	1.272643e+00	1.318493e+00	1.358667e+00	1.404085e+00	1.443697e+00	1.498873e+00	1.568374e+00	1.744737e+00	1.773469e+00	-4.428151e-01	
7  7.53008	-9.771490e-01	-1.243534e-01	4.674017e-02	6.598070e-01	9.765534e-01	8.047742e-01	3.390772e+00	9.996894e-02	3.184329e-01	1.102842e+00	1.225559e+00	1.275754e+00	1.323277e+00	1.363785e+00	1.408246e+00	1.449392e+00	1.503638e+00	1.573359e+00	1.750117e+00	1.727131e+00	-4.082370e-01	
3  9.50816	-9.864639e-01	-6.893325e-02	4.799668e-02	6.850316e-01	9.683745e-01	8.070818e-01	3.580462e+00	7.564626e-02	3.167841e-01	1.102178e+00	1.224249e+00	1.273501e+00	1.320989e+00	1.361688e+00	1.405818e+00	1.446730e+00	1.499541e+00	1.570552e+00	1.746365e+00	1.712375e+00	-3.966731e-01	
3  9.29156	-1.002726e+00	-2.719910e-02	4.867627e-02	6.812398e-01	9.690701e-01	8.089633e-01	3.281347e+00	6.802474e-02	3.146267e-01	1.101664e+00	1.223787e+00	1.273086e+00	1.320225e+00	1.362180e+00	1.405508e+00	1.446952e+00	1.499790e+00	1.569524e+00	1.746555e+00	1.754925e+00	-4.176236e-01	
4  11.4698	-1.010967e+00	1.889912e-02	4.749365e-02	6.981368e-01	9.625390e-01	8.088848e-01	3.614502e+00	9.505612e-02	3.145801e-01	1.100003e+00	1.221672e+00	1.270907e+00	1.316961e+00	1.358007e+00	1.402378e+00	1.441167e+00	1.494863e+00	1.563656e+00	1.740842e+00	1.701848e+00	-3.787855e-01	
2  12.5323	-1.006910e+00	-3.447697e-02	4.825461e-02	6.797068e-01	9.730324e-01	8.069266e-01	3.385426e+00	8.640924e-02	3.153484e-01	1.103793e+00	1.227118e+00	1.276941e+00	1.324617e+00	1.366570e+00	1.411030e+00	1.449967e+00	1.504970e+00	1.573889e+00	1.751996e+00	1.744816e+00	-4.066100e-01	
2  12.5576	-1.007153e+00	-7.269175e-02	4.610259e-02	6.505105e-01	9.846634e-01	8.058862e-01	3.273676e+00	8.552624e-02	3.159227e-01	1.105946e+00	1.230650e+00	1.280600e+00	1.330281e+00	1.371713e+00	1.416374e+00	1.456479e+00	1.512292e+00	1.580876e+00	1.759876e+00	1.840559e+00	-4.757570e-01	
1  13.0865	-1.007903e+00	-7.463686e-02	4.661776e-02	6.516494e-01	9.824305e-01	8.036965e-01	3.138972e+00	1.144330e-01	3.171940e-01	1.107746e+00	1.231651e+00	1.282575e+00	1.331695e+00	1.373007e+00	1.418042e+00	1.456557e+00	1.512179e+00	1.581731e+00	1.760145e+00	1.788570e+00	-4.389854e-01	
2  12.5073	-9.916618e-01	-1.166708e-01	4.670974e-02	6.380511e-01	9.828438e-01	8.041678e-01	2.919810e+00	9.227160e-02	3.180993e-01	1.106809e+00	1.230735e+00	1.281018e+00	1.330913e+00	1.371371e+00	1.417430e+00	1.456077e+00	1.511616e+00	1.582154e+00	1.759249e+00	1.762632e+00	-4.351539e-01	
6  13.2634	-9.923543e-01	-1.122296e-01	4.532867e-02	6.456740e-01	9.797252e-01	8.031855e-01	3.181319e+00	1.106794e-01	3.185402e-01	1.107206e+00	1.230806e+00	1.281649e+00	1.330982e+00	1.371841e+00	1.416981e+00	1.456011e+00	1.510139e+00	1.582176e+00	1.758238e+00	1.778993e+00	-4.413709e-01	
2  11.2108	-1.004523e+00	-8.110978e-02	4.413318e-02	6.299468e-01	9.826106e-01	8.035600e-01	2.956782e+00	1.180395e-01	3.178686e-01	1.107660e+00	1.231223e+00	1.282520e+00	1.331684e+00	1.371784e+00	1.416664e+00	1.457148e+00	1.510646e+00	1.582133e+00	1.758208e+00	1.791492e+00	-4.481606e-01	
3  13.0616	-1.007212e+00	-8.501677e-02	4.309743e-02	6.238606e-01	9.866020e-01	8.034847e-01	2.988539e+00	1.142984e-01	3.176860e-01	1.108506e+00	1.232436e+00	1.283342e+00	1.332840e+00	1.374042e+00	1.417729e+00	1.460394e+00	1.511982e+00	1.585175e+00	1.762110e+00	1.901408e+00	-5.081303e-01	
6  15.9871	-1.028413e+00	-5.131350e-02	4.353617e-02	6.221696e-01	9.873936e-01	8.038123e-01	2.788308e+00	1.372903e-01	3.163105e-01	1.109597e+00	1.234055e+00	1.285588e+00	1.335264e+00	1.376349e+00	1.420257e+00	1.462346e+00	1.514651e+00	1.587847e+00	1.763615e+00	1.938672e+00	-5.319827e-01	
3  16.8251	-1.007298e+00	-1.473880e-01	4.438606e-02	6.131406e-01	9.931181e-01	8.010059e-01	2.676081e+00	1.494452e-01	3.184782e-01	1.111088e+00	1.236141e+00	1.288491e+00	1.337269e+00	1.379198e+00	1.425461e+00	1.465409e+00	1.519564e+00	1.592172e+00	1.769458e+00	1.911656e+00	-5.276435e-01	
5  17.0978	-1.003560e+00	-1.356858e-01	4.368796e-02	6.120917e-01	9.913005e-01	8.034922e-01	2.653567e+00	1.288726e-01	3.170744e-01	1.106726e+00	1.231980e+00	1.284165e+00	1.331696e+00	1.373391e+00	1.420522e+00	1.458478e+00	1.514398e+00	1.586643e+00	1.764150e+00	1.978534e+00	-5.716208e-01	
20  16.7483	-1.014210e+00	-1.064250e-01	4.380126e-02	6.167995e-01	9.883764e-01	8.036636e-01	2.605859e+00	1.423598e-01	3.165046e-01	1.106574e+00	1.231713e+00	1.283815e+00	1.332104e+00	1.371985e+00	1.420395e+00	1.456595e+00	1.515278e+00	1.585710e+00	1.763409e+00	1.923196e+00	-5.324260e-01	
14  16.122	-1.016256e+00	-9.680046e-02	4.344107e-02	6.196009e-01	9.870750e-01	8.058992e-01	2.682479e+00	1.083850e-01	3.150906e-01	1.105838e+00	1.231683e+00	1.284178e+00	1.332147e+00	1.372169e+00	1.419886e+00	1.457986e+00	1.515895e+00	1.585778e+00	1.763816e+00	1.955441e+00	-5.543909e-01	
8  14.6612	-1.010979e+00	-7.785534e-02	4.505505e-02	6.170744e-01	9.873114e-01	8.062456e-01	2.521236e+00	9.132803e-02	3.156123e-01	1.105235e+00	1.230506e+00	1.282609e+00	1.330083e+00	1.370317e+00	1.418217e+00	1.455738e+00	1.513557e+00	1.582850e+00	1.760280e+00	1.953671e+00	-5.596522e-01	
8  11.9679	-1.013620e+00	-7.083609e-02	4.491075e-02	6.104765e-01	9.902669e-01	8.070395e-01	2.464872e+00	8.519013e-02	3.148822e-01	1.104431e+00	1.229701e+00	1.281287e+00	1.330283e+00	1.369668e+00	1.417087e+00	1.456458e+00	1.513267e+00	1.582451e+00	1.760870e+00	1.935000e+00	-5.401026e-01	
1  10.9479	-9.969647e-01	-9.094190e-02	4.537713e-02	6.135805e-01	9.860422e-01	8.060057e-01	2.478654e+00	8.946804e-02	3.167503e-01	1.103297e+00	1.226661e+00	1.279514e+00	1.325952e+00	1.365785e+00	1.413834e+00	1.452156e+00	1.509762e+00	1.578085e+00	1.757337e+00	1.911906e+00	-5.310162e-01	
4  11.5311	-9.913617e-01	-1.147865e-01	4.526169e-02	6.187182e-01	9.851059e-01	8.059645e-01	2.593655e+00	9.273844e-02	3.167680e-01	1.102371e+00	1.225792e+00	1.278804e+00	1.324799e+00	1.365320e+00	1.412685e+00	1.451172e+00	1.509958e+00	1.577967e+00	1.756192e+00	1.862129e+00	-5.093940e-01	
1  11.0525	-9.943755e-01	-8.987387e-02	4.518133e-02	6.362156e-01	9.781414e-01	8.062746e-01	2.835255e+00	9.444646e-02	3.168499e-01	1.102497e+00	1.225452e+00	1.278489e+00	1.322965e+00	1.365005e+00	1.411078e+00	1.448550e+00	1.507928e+00	1.575142e+00	1.753482e+00	1.805203e+00	-4.693224e-01	
1  10.1396	-9.815389e-01	-1.325224e-01	4.544846e-02	6.227897e-01	9.837347e-01	8.060868e-01	2.694507e+00	8.509612e-02	3.172761e-01	1.102174e+00	1.224375e+00	1.278382e+00	1.321680e+00	1.366434e+00	1.410738e+00	1.449551e+00	1.507918e+00	1.576185e+00	1.754859e+00	1.859916e+00	-5.098707e-01	
8  10.2183	-9.744802e-01	-1.442311e-01	4.446000e-02	6.314729e-01	9.811312e-01	8.058966e-01	2.991801e+00	8.538885e-02	3.178730e-01	1.101984e+00	1.223114e+00	1.277943e+00	1.319662e+00	1.364097e+00	1.409036e+00	1.448054e+00	1.506293e+00	1.574384e+00	1.752410e+00	1.810646e+00	-4.824571e-01	
8  13.5862	-9.894635e-01	-1.020230e-01	4.355301e-02	6.181945e-01	9.835722e-01	8.069074e-01	2.710661e+00	8.210768e-02	3.166614e-01	1.101923e+00	1.222907e+00	1.278569e+00	1.319337e+00	1.365833e+00	1.408220e+00	1.448535e+00	1.506028e+00	1.574318e+00	1.750386e+00	1.793201e+00	-4.621677e-01	
5  13.5591	-9.905571e-01	-9.912129e-02	4.286594e-02	6.179409e-01	9.836921e-01	8.078112e-01	2.819427e+00	7.319533e-02	3.159202e-01	1.101584e+00	1.223066e+00	1.277665e+00	1.319653e+00	1.366187e+00	1.408437e+00	1.450210e+00	1.506435e+00	1.573664e+00	1.750675e+00	1.841737e+00	-4.896517e-01	
11  12.5771	-9.776189e-01	-1.507514e-01	4.389344e-02	6.271338e-01	9.822162e-01	8.059600e-01	2.965221e+00	7.628528e-02	3.174905e-01	1.103335e+00	1.225485e+00	1.280856e+00	1.321289e+00	1.369527e+00	1.411310e+00	1.453013e+00	1.509569e+00	1.578016e+00	1.754937e+00	1.769393e+00	-4.428937e-01	
1  11.3526	-9.703398e-01	-1.835081e-01	4.463674e-02	6.220787e-01	9.843010e-01	8.050608e-01	2.811113e+00	7.725836e-02	3.179840e-01	1.103908e+00	1.226610e+00	1.281815e+00	1.322976e+00	1.371000e+00	1.411362e+00	1.454712e+00	1.510812e+00	1.579584e+00	1.756534e+00	1.733200e+00	-4.213771e-01	
4  11.0101	-9.893410e-01	-1.079332e-01	4.429288e-02	6.316313e-01	9.772191e-01	8.043892e-01	2.748723e+00	1.168350e-01	3.178280e-01	1.103454e+00	1.226208e+00	1.280432e+00	1.320698e+00	1.367811e+00	1.409453e+00	1.451064e+00	1.506082e+00	1.574355e+00	1.751515e+00	1.688442e+00	-3.895498e-01	
1  11.6714	-9.947721e-01	-8.532465e-02	4.410203e-02	6.324931e-01	9.727634e-01	8.041977e-01	2.698114e+00	1.299755e-01	3.182229e-01	1.104474e+00	1.225989e+00	1.280148e+00	1.320983e+00	1.367411e+00	1.408292e+00	1.450363e+00	1.505930e+00	1.573116e+00	1.750181e+00	1.730974e+00	-4.213221e-01	
14  11.3545	-9.966359e-01	-7.180234e-02	4.546962e-02	6.331102e-01	9.712957e-01	8.040982e-01	2.540728e+00	1.277691e-01	3.184841e-01	1.105023e+00	1.226807e+00	1.279882e+00	1.321781e+00	1.366054e+00	1.408757e+00	1.451304e+00	1.504855e+00	1.573921e+00	1.749447e+00	1.834538e+00	-4.889908e-01	
17  11.1015	-9.739822e-01	-1.618226e-01	4.636148e-02	6.304533e-01	9.759575e-01	8.031063e-01	2.533614e+00	1.003763e-01	3.192928e-01	1.106172e+00	1.228873e+00	1.282330e+00	1.324411e+00	1.368939e+00	1.412010e+00	1.456747e+00	1.508678e+00	1.579370e+00	1.755298e+00	1.851288e+00	-4.947423e-01	
9  11.691	-9.815462e-01	-1.198272e-01	4.497026e-02	6.476653e-01	9.720809e-01	8.028237e-01	2.994777e+00	1.232387e-01	3.191520e-01	1.105188e+00	1.227536e+00	1.281324e+00	1.321551e+00	1.366581e+00	1.407120e+00	1.455274e+00	1.504264e+00	1.575883e+00	1.750610e+00	1.786553e+00	-4.654417e-01	
15  11.4393	-9.724989e-01	-1.392965e-01	4.553438e-02	6.482046e-01	9.725614e-01	8.028668e-01	2.979475e+00	1.119050e-01	3.190983e-01	1.104465e+00	1.226581e+00	1.280308e+00	1.321061e+00	1.366441e+00	1.406244e+00	1.455516e+00	1.502637e+00	1.575718e+00	1.750841e+00	1.674862e+00	-3.922872e-01	
7  13.4322	-9.606558e-01	-1.746582e-01	4.609705e-02	6.558746e-01	9.715138e-01	8.031222e-01	3.098045e+00	8.956291e-02	3.195771e-01	1.104615e+00	1.226252e+00	1.280076e+00	1.321059e+00	1.366152e+00	1.405895e+00	1.456017e+00	1.502985e+00	1.576505e+00	1.751486e+00	1.594431e+00	-3.414587e-01	
6  10.3549	-9.872715e-01	-1.021165e-01	4.561720e-02	6.506453e-01	9.777133e-01	8.037565e-01	3.150977e+00	1.053209e-01	3.181649e-01	1.105324e+00	1.227803e+00	1.281901e+00	1.323543e+00	1.367192e+00	1.407461e+00	1.456840e+00	1.504608e+00	1.578019e+00	1.751913e+00	1.628710e+00	-3.447728e-01	
10  9.89608	-9.693597e-01	-1.911901e-01	4.582339e-02	6.329848e-01	9.863823e-01	8.017548e-01	3.048452e+00	1.065373e-01	3.201045e-01	1.107266e+00	1.229622e+00	1.283855e+00	1.328219e+00	1.371214e+00	1.412311e+00	1.460584e+00	1.510970e+00	1.584481e+00	1.758251e+00	1.662732e+00	-3.588130e-01	
7  9.7458	-9.624294e-01	-2.376160e-01	4.730370e-02	6.277395e-01	9.927774e-01	8.001646e-01	3.028947e+00	1.003200e-01	3.211610e-01	1.110314e+00	1.233577e+00	1.288301e+00	1.333937e+00	1.375677e+00	1.418197e+00	1.466820e+00	1.519012e+00	1.590630e+00	1.768074e+00	1.744191e+00	-4.220618e-01	
5  11.6112	-9.245502e-01	-3.801707e-01	4.955107e-02	6.111240e-01	1.000176e+00	7.977890e-01	2.657946e+00	9.711608e-02	3.234756e-01	1.109905e+00	1.232817e+00	1.287373e+00	1.334627e+00	1.376659e+00	1.419730e+00	1.469593e+00	1.521512e+00	1.593943e+00	1.773547e+00	1.799638e+00	-4.530973e-01	
1  9.52156	-9.415139e-01	-2.906019e-01	4.882725e-02	6.431174e-01	9.863731e-01	8.003344e-01	3.031689e+00	1.138472e-01	3.215111e-01	1.106175e+00	1.227113e+00	1.281030e+00	1.326559e+00	1.368859e+00	1.411170e+00	1.460011e+00	1.512443e+00	1.583020e+00	1.761239e+00	1.785949e+00	-4.494721e-01	
4  9.44108	-9.490418e-01	-2.546241e-01	4.937652e-02	6.458828e-01	9.841894e-01	8.006431e-01	2.892512e+00	1.429159e-01	3.207790e-01	1.103593e+00	1.223927e+00	1.276783e+00	1.323187e+00	1.364032e+00	1.408060e+00	1.454330e+00	1.507402e+00	1.578123e+00	1.755125e+00	1.757056e+00	-4.328843e-01	
1  10.9818	-9.798771e-01	-1.149721e-01	4.886836e-02	6.729128e-01	9.700889e-01	8.038110e-01	3.069841e+00	1.422017e-01	3.181829e-01	1.101883e+00	1.221370e+00	1.272606e+00	1.319148e+00	1.359543e+00	1.402735e+00	1.445827e+00	1.501812e+00	1.569840e+00	1.746949e+00	1.687656e+00	-3.867665e-01	
8  9.57666	-9.741527e-01	-1.622573e-01	4.887365e-02	6.611119e-01	9.759958e-01	8.022346e-01	2.948124e+00	1.616345e-01	3.189346e-01	1.102162e+00	1.223086e+00	1.274913e+00	1.320822e+00	1.363125e+00	1.405942e+00	1.448917e+00	1.504980e+00	1.573100e+00	1.750657e+00	1.685441e+00	-3.787466e-01	
1  9.27056	-9.712587e-01	-1.651829e-01	4.927654e-02	6.748084e-01	9.753870e-01	8.038530e-01	3.338220e+00	1.310871e-01	3.184465e-01	1.101659e+00	1.223409e+00	1.274597e+00	1.321457e+00	1.363589e+00	1.406481e+00	1.449360e+00	1.505122e+00	1.573032e+00	1.750884e+00	1.649929e+00	-3.544376e-01	
6  10.0015	-9.776671e-01	-1.626271e-01	4.756225e-02	6.713798e-01	9.782628e-01	8.035218e-01	3.517840e+00	1.399981e-01	3.181648e-01	1.102762e+00	1.225165e+00	1.276375e+00	1.323197e+00	1.366957e+00	1.407086e+00	1.451216e+00	1.507265e+00	1.574724e+00	1.754003e+00	1.708197e+00	-3.900294e-01	
3  10.6319	-9.827702e-01	-1.271349e-01	4.794601e-02	6.863625e-01	9.699518e-01	8.040478e-01	3.581034e+00	1.400643e-01	3.179291e-01	1.102780e+00	1.223772e+00	1.275684e+00	1.321883e+00	1.364086e+00	1.405184e+00	1.448124e+00	1.504715e+00	1.571201e+00	1.750762e+00	1.693369e+00	-3.768194e-01	
7  9.72651	-9.931526e-01	-6.580790e-02	4.699412e-02	6.904169e-01	9.685830e-01	8.078718e-01	3.760675e+00	1.106512e-01	3.153127e-01	1.099086e+00	1.220555e+00	1.270970e+00	1.317437e+00	1.358371e+00	1.400373e+00	1.443485e+00	1.499461e+00	1.565054e+00	1.745513e+00	1.793906e+00	-4.312685e-01	
2  11.2205	-1.023750e+00	3.652604e-02	4.719033e-02	7.037268e-01	9.657336e-01	8.106905e-01	3.889174e+00	1.035163e-01	3.124457e-01	1.098694e+00	1.220605e+00	1.271141e+00	1.316993e+00	1.358951e+00	1.398908e+00	1.443349e+00	1.497700e+00	1.563770e+00	1.743992e+00	1.921279e+00	-5.012760e-01	
5  14.5516	-1.010727e+00	-2.040177e-02	4.804921e-02	6.974792e-01	9.684830e-01	8.096745e-01	3.726861e+00	9.692482e-02	3.132722e-01	1.100051e+00	1.221650e+00	1.271781e+00	1.319176e+00	1.361193e+00	1.400246e+00	1.446443e+00	1.500704e+00	1.567245e+00	1.748266e+00	1.912659e+00	-4.927753e-01	
4  13.2576	-9.746325e-01	-1.251384e-01	5.081777e-02	6.811277e-01	9.711239e-01	8.079933e-01	3.244167e+00	7.308052e-02	3.159278e-01	1.100251e+00	1.220976e+00	1.271329e+00	1.319175e+00	1.361257e+00	1.401675e+00	1.446804e+00	1.502813e+00	1.568870e+00	1.752012e+00	1.895770e+00	-4.907604e-01	
8  13.3195	-9.789617e-01	-1.287151e-01	5.205378e-02	6.778652e-01	9.704681e-01	8.059021e-01	2.995839e+00	1.049921e-01	3.171942e-01	1.102233e+00	1.222670e+00	1.274188e+00	1.321302e+00	1.364390e+00	1.404637e+00	1.448336e+00	1.505405e+00	1.571618e+00	1.754250e+00	1.839240e+00	-4.558271e-01	
3  13.5867	-9.995318e-01	-7.841920e-02	4.994257e-02	6.705537e-01	9.743873e-01	8.082710e-01	3.084546e+00	9.788688e-02	3.147230e-01	1.101632e+00	1.222578e+00	1.274522e+00	1.321525e+00	1.365964e+00	1.404952e+00	1.448207e+00	1.505738e+00	1.571224e+00	1.754050e+00	1.936590e+00	-5.221654e-01	
6  10.8091	-9.994485e-01	-7.252969e-02	4.916479e-02	6.694073e-01	9.733185e-01	8.072236e-01	3.185285e+00	1.032185e-01	3.158678e-01	1.103094e+00	1.224062e+00	1.275901e+00	1.323159e+00	1.366928e+00	1.406410e+00	1.449860e+00	1.506552e+00	1.572561e+00	1.753832e+00	1.927672e+00	-5.208882e-01	
5  9.98489	-1.024547e+00	3.050180e-02	4.981274e-02	6.747420e-01	9.699787e-01	8.106028e-01	3.026864e+00	7.401719e-02	3.131032e-01	1.102289e+00	1.223220e+00	1.275541e+00	1.321963e+00	1.365625e+00	1.402886e+00	1.448198e+00	1.504077e+00	1.569842e+00	1.749393e+00	1.931865e+00	-5.298832e-01	
1  8.10747	-1.010147e+00	-5.899406e-03	5.015075e-02	6.616840e-01	9.729618e-01	8.107790e-01	2.745873e+00	4.950657e-02	3.134039e-01	1.101608e+00	1.222590e+00	1.274665e+00	1.321517e+00	1.364780e+00	1.403087e+00	1.448826e+00	1.503762e+00	1.569248e+00	1.750970e+00	1.911705e+00	-5.256823e-01	
9  7.84158	-1.000583e+00	-1.545891e-02	5.157645e-02	6.789573e-01	9.702752e-01	8.109048e-01	2.996776e+00	2.987101e-02	3.137908e-01	1.101730e+00	1.222510e+00	1.274081e+00	1.320630e+00	1.364071e+00	1.401848e+00	1.448723e+00	1.501420e+00	1.568580e+00	1.747831e+00	1.861389e+00	-4.925414e-01	
3  6.89515	-1.002283e+00	-2.009133e-02	4.918078e-02	6.790864e-01	9.695952e-01	8.107554e-01	3.221936e+00	4.902071e-02	3.135862e-01	1.100695e+00	1.221175e+00	1.273069e+00	1.318747e+00	1.363032e+00	1.400724e+00	1.447942e+00	1.499982e+00	1.567232e+00	1.746102e+00	1.913735e+00	-5.161603e-01	
5  6.87944	-9.759034e-01	-1.015126e-01	5.134186e-02	6.804158e-01	9.681776e-01	8.104473e-01	3.035997e+00	3.089146e-02	3.147867e-01	1.099309e+00	1.220919e+00	1.271994e+00	1.317477e+00	1.362122e+00	1.400312e+00	1.448338e+00	1.500723e+00	1.567344e+00	1.747901e+00	1.839761e+00	-4.753411e-01	
20  5.44796	-9.916704e-01	2.306297e-02	5.036052e-02	7.045485e-01	9.561646e-01	8.138087e-01	3.413990e+00	1.158525e-02	3.130740e-01	1.095585e+00	1.215611e+00	1.266889e+00	1.310157e+00	1.353486e+00	1.392446e+00	1.438392e+00	1.489863e+00	1.555883e+00	1.735138e+00	1.841103e+00	-4.696307e-01	
11  8.20515	-9.924144e-01	-5.338179e-03	5.143192e-02	6.971146e-01	9.614574e-01	8.124275e-01	3.207284e+00	1.941843e-02	3.135006e-01	1.097097e+00	1.218948e+00	1.271117e+00	1.313683e+00	1.357788e+00	1.396039e+00	1.442743e+00	1.494954e+00	1.560975e+00	1.740582e+00	1.938608e+00	-5.360110e-01	
2  6.18075	-9.966535e-01	3.162583e-02	4.945520e-02	6.981696e-01	9.583292e-01	8.143135e-01	3.353056e+00	7.284278e-03	3.122061e-01	1.095095e+00	1.216445e+00	1.268385e+00	1.310095e+00	1.353528e+00	1.392869e+00	1.439054e+00	1.490028e+00	1.557804e+00	1.735959e+00	1.853802e+00	-4.877934e-01	
8  5.5351	-9.971498e-01	9.325424e-03	4.872182e-02	6.849432e-01	9.649366e-01	8.130092e-01	3.281993e+00	1.332168e-02	3.128603e-01	1.097036e+00	1.219072e+00	1.270467e+00	1.314573e+00	1.356523e+00	1.396084e+00	1.444286e+00	1.493499e+00	1.562917e+00	1.741288e+00	1.835795e+00	-4.801345e-01	
11  4.99386	-9.890372e-01	-2.203985e-02	4.888734e-02	6.911722e-01	9.635464e-01	8.131009e-01	3.367788e+00	1.038630e-02	3.131312e-01	1.096923e+00	1.218100e+00	1.270004e+00	1.313964e+00	1.356003e+00	1.396791e+00	1.443705e+00	1.494278e+00	1.563426e+00	1.742482e+00	1.785061e+00	-4.532775e-01	
53  4.07227	-9.998477e-01	2.414727e-02	4.830614e-02	6.899210e-01	9.610525e-01	8.144693e-01	3.358613e+00	8.543069e-03	3.124918e-01	1.096232e+00	1.217572e+00	1.268908e+00	1.312615e+00	1.354352e+00	1.395220e+00	1.440701e+00	1.492931e+00	1.560794e+00	1.738724e+00	1.776833e+00	-4.487706e-01	
5  4.4183	-9.896398e-01	-1.212454e-02	4.943023e-02	6.937329e-01	9.590104e-01	8.128078e-01	3.317353e+00	9.990601e-03	3.139826e-01	1.098265e+00	1.218992e+00	1.271860e+00	1.314352e+00	1.356991e+00	1.398155e+00	1.442604e+00	1.495748e+00	1.563745e+00	1.742249e+00	1.809309e+00	-4.750983e-01	
28  3.95185	-9.867430e-01	-3.331736e-02	4.914277e-02	6.867200e-01	9.602379e-01	8.118362e-01	3.189148e+00	7.243384e-03	3.145388e-01	1.100100e+00	1.221462e+00	1.273664e+00	1.317720e+00	1.360053e+00	1.401154e+00	1.446897e+00	1.497910e+00	1.567777e+00	1.746450e+00	1.736981e+00	-4.322631e-01	
18  5.49657	-9.914172e-01	-2.370779e-02	4.884171e-02	6.815929e-01	9.645549e-01	8.116506e-01	3.239839e+00	6.852136e-03	3.142664e-01	1.100296e+00	1.222814e+00	1.275093e+00	1.320321e+00	1.361669e+00	1.401652e+00	1.449486e+00	1.499207e+00	1.570096e+00	1.748014e+00	1.759807e+00	-4.414054e-01	
4  6.77922	-9.963513e-01	1.761443e-02	4.681721e-02	6.895676e-01	9.567434e-01	8.124836e-01	3.404224e+00	1.869522e-02	3.138937e-01	1.098325e+00	1.219163e+00	1.271451e+00	1.315227e+00	1.357150e+00	1.395667e+00	1.443782e+00	1.493553e+00	1.563093e+00	1.739745e+00	1.745012e+00	-4.418374e-01	
12  9.30921	-9.946924e-01	3.995021e-02	4.592205e-02	6.932800e-01	9.501962e-01	8.127965e-01	3.391640e+00	1.550758e-02	3.141925e-01	1.097365e+00	1.216772e+00	1.269739e+00	1.311682e+00	1.354456e+00	1.392038e+00	1.439959e+00	1.488870e+00	1.558487e+00	1.735433e+00	1.675851e+00	-4.039162e-01	
4  7.72135	-9.934778e-01	8.197041e-03	4.613559e-02	6.847252e-01	9.570036e-01	8.120564e-01	3.335527e+00	2.991402e-02	3.141469e-01	1.097452e+00	1.217603e+00	1.270635e+00	1.312822e+00	1.355740e+00	1.394177e+00	1.441963e+00	1.490925e+00	1.561716e+00	1.736950e+00	1.724173e+00	-4.313026e-01	
1  7.72669	-1.004891e+00	6.336180e-02	4.607758e-02	6.863111e-01	9.557499e-01	8.134632e-01	3.292958e+00	1.885843e-02	3.128720e-01	1.096657e+00	1.216096e+00	1.269829e+00	1.311632e+00	1.353640e+00	1.392441e+00	1.439039e+00	1.488941e+00	1.557937e+00	1.735446e+00	1.725987e+00	-4.338449e-01	
7  8.96564	-9.975591e-01	2.304661e-02	4.899564e-02	7.004243e-01	9.546058e-01	8.121558e-01	3.247830e+00	2.512246e-02	3.134646e-01	1.097731e+00	1.217812e+00	1.270397e+00	1.313528e+00	1.355513e+00	1.394281e+00	1.441667e+00	1.492033e+00	1.560822e+00	1.738915e+00	1.915399e+00	-5.489087e-01	
5  8.72907	-1.026595e+00	1.278413e-01	4.774819e-02	7.399904e-01	9.431336e-01	8.162859e-01	3.984291e+00	2.478481e-02	3.100200e-01	1.095028e+00	1.215793e+00	1.266235e+00	1.309729e+00	1.350443e+00	1.390527e+00	1.435389e+00	1.486842e+00	1.554580e+00	1.729651e+00	1.903789e+00	-5.317652e-01	
10  10.3853	-1.026807e+00	1.502663e-01	4.828429e-02	7.496098e-01	9.387103e-01	8.157707e-01	4.057059e+00	3.431000e-02	3.104275e-01	1.094508e+00	1.214993e+00	1.264995e+00	1.307578e+00	1.348229e+00	1.387855e+00	1.433169e+00	1.483807e+00	1.551977e+00	1.726641e+00	1.846884e+00	-5.075197e-01	
7  8.60459	-1.005888e+00	2.813377e-02	4.774571e-02	7.195960e-01	9.492138e-01	8.120656e-01	3.739257e+00	6.177851e-02	3.129185e-01	1.096879e+00	1.218357e+00	1.268901e+00	1.312086e+00	1.353570e+00	1.394729e+00	1.440162e+00	1.490461e+00	1.559672e+00	1.734853e+00	1.879586e+00	-5.216207e-01	
3  11.7351	-9.935102e-01	-4.078881e-02	4.808992e-02	7.044750e-01	9.565586e-01	8.102043e-01	3.644795e+00	5.927634e-02	3.145870e-01	1.099547e+00	1.221757e+00	1.272947e+00	1.316774e+00	1.358148e+00	1.400351e+00	1.447229e+00	1.495457e+00	1.566233e+00	1.740395e+00	1.812142e+00	-4.806208e-01	
2  9.39161	-9.806471e-01	-9.721447e-02	5.062736e-02	6.804511e-01	9.664035e-01	8.085819e-01	3.110767e+00	6.931135e-02	3.157693e-01	1.099887e+00	1.222463e+00	1.272848e+00	1.318444e+00	1.359672e+00	1.401771e+00	1.451153e+00	1.497674e+00	1.569059e+00	1.744622e+00	1.790005e+00	-4.626286e-01	
14  8.13606	-9.622316e-01	-1.836369e-01	5.069401e-02	6.593213e-01	9.763505e-01	8.060796e-01	2.945880e+00	6.796621e-02	3.177609e-01	1.101858e+00	1.225273e+00	1.276909e+00	1.323127e+00	1.364289e+00	1.406391e+00	1.456416e+00	1.504787e+00	1.576436e+00	1.752766e+00	1.801236e+00	-4.717522e-01	
1  8.65227	-9.664278e-01	-1.738427e-01	4.944499e-02	6.576816e-01	9.788034e-01	8.059147e-01	3.106872e+00	6.454670e-02	3.177565e-01	1.102827e+00	1.226490e+00	1.278223e+00	1.324417e+00	1.365170e+00	1.407169e+00	1.458686e+00	1.506220e+00	1.578463e+00	1.754480e+00	1.800431e+00	-4.682134e-01	
17  8.13199	-9.646234e-01	-1.699610e-01	4.847748e-02	6.604861e-01	9.759137e-01	8.047253e-01	3.260207e+00	9.090679e-02	3.188018e-01	1.102628e+00	1.225347e+00	1.276818e+00	1.322806e+00	1.363863e+00	1.404936e+00	1.456230e+00	1.504148e+00	1.575541e+00	1.751939e+00	1.853148e+00	-5.012228e-01	
2  7.54995	-9.800738e-01	-9.801184e-02	4.760705e-02	6.778117e-01	9.676668e-01	8.062400e-01	3.432097e+00	9.154998e-02	3.173001e-01	1.102032e+00	1.224190e+00	1.274821e+00	1.320191e+00	1.361260e+00	1.401803e+00	1.452297e+00	1.500300e+00	1.571309e+00	1.748360e+00	1.843899e+00	-4.966618e-01	
6  5.45042	-9.930206e-01	-4.143836e-02	4.458776e-02	6.746684e-01	9.667195e-01	8.066138e-01	3.627222e+00	1.020099e-01	3.166604e-01	1.101259e+00	1.222320e+00	1.274549e+00	1.319588e+00	1.359229e+00	1.400315e+00	1.448955e+00	1.497881e+00	1.568210e+00	1.744468e+00	1.856635e+00	-4.908835e-01	
2  6.09171	-9.881023e-01	-7.587935e-02	4.527644e-02	6.613752e-01	9.728627e-01	8.051772e-01	3.442173e+00	9.429268e-02	3.177487e-01	1.104105e+00	1.225955e+00	1.278677e+00	1.322971e+00	1.364500e+00	1.405443e+00	1.454300e+00	1.503396e+00	1.573481e+00	1.748817e+00	1.907561e+00	-5.225286e-01	
1  6.60283	-9.667985e-01	-1.661289e-01	4.606754e-02	6.441324e-01	9.804005e-01	8.027251e-01	3.205236e+00	9.443698e-02	3.197420e-01	1.105726e+00	1.227682e+00	1.280773e+00	1.326831e+00	1.367764e+00	1.410314e+00	1.458338e+00	1.508066e+00	1.578170e+00	1.755161e+00	1.891652e+00	-5.294654e-01	
3  6.22986	-9.728658e-01	-1.377043e-01	4.616480e-02	6.488335e-01	9.803402e-01	8.037286e-01	3.300973e+00	9.281254e-02	3.189349e-01	1.104365e+00	1.227405e+00	1.279550e+00	1.324933e+00	1.365550e+00	1.409055e+00	1.455193e+00	1.506889e+00	1.575784e+00	1.752601e+00	1.852329e+00	-4.958795e-01	
2  6.27816	-9.935879e-01	-9.491403e-02	4.550102e-02	6.430562e-01	9.838075e-01	8.040299e-01	3.184717e+00	1.191436e-01	3.172878e-01	1.103453e+00	1.227457e+00	1.280122e+00	1.325133e+00	1.366215e+00	1.410209e+00	1.454554e+00	1.508633e+00	1.574876e+00	1.753237e+00	1.777506e+00	-4.422475e-01	
7  6.97675	-1.010517e+00	-3.578467e-02	4.673925e-02	6.527096e-01	9.813914e-01	8.060348e-01	3.237560e+00	1.004217e-01	3.158755e-01	1.104162e+00	1.228161e+00	1.281063e+00	1.325126e+00	1.367981e+00	1.410682e+00	1.455388e+00	1.509341e+00	1.575765e+00	1.751884e+00	1.724614e+00	-4.140678e-01	
1  8.10061	-1.018333e+00	3.409018e-02	4.895509e-02	6.672229e-01	9.724645e-01	8.058484e-01	3.087713e+00	1.183578e-01	3.162920e-01	1.103478e+00	1.225729e+00	1.277115e+00	1.321528e+00	1.363622e+00	1.406402e+00	1.448816e+00	1.504379e+00	1.569656e+00	1.744173e+00	1.773600e+00	-4.455402e-01	
6  6.63902	-1.006154e+00	3.833782e-03	4.690755e-02	6.607427e-01	9.731381e-01	8.067933e-01	3.215113e+00	8.738260e-02	3.164696e-01	1.103080e+00	1.224241e+00	1.276139e+00	1.322050e+00	1.362777e+00	1.405896e+00	1.448991e+00	1.504112e+00	1.569346e+00	1.745417e+00	1.689542e+00	-3.975801e-01	
1  8.4903	-1.003081e+00	2.071230e-02	4.715569e-02	6.841989e-01	9.635690e-01	8.093471e-01	3.410828e+00	5.399657e-02	3.153325e-01	1.101265e+00	1.220983e+00	1.272616e+00	1.317499e+00	1.358523e+00	1.401518e+00	1.444557e+00	1.498273e+00	1.566064e+00	1.740532e+00	1.661415e+00	-3.769205e-01	
5  9.23774	-1.012668e+00	8.512382e-02	4.770227e-02	6.884541e-01	9.579834e-01	8.109065e-01	3.245276e+00	5.544672e-02	3.143844e-01	1.098781e+00	1.217256e+00	1.268967e+00	1.312843e+00	1.353366e+00	1.396294e+00	1.438885e+00	1.491668e+00	1.558754e+00	1.732217e+00	1.744272e+00	-4.300225e-01	
4  8.6543	-1.048833e+00	1.669750e-01	4.539906e-02	6.889521e-01	9.610946e-01	8.123438e-01	3.488059e+00	8.387946e-02	3.115983e-01	1.098713e+00	1.219331e+00	1.270802e+00	1.314830e+00	1.355846e+00	1.397974e+00	1.441085e+00	1.493102e+00	1.560678e+00	1.733868e+00	1.808782e+00	-4.632855e-01	
3  9.53343	-1.058696e+00	2.182105e-01	4.660524e-02	6.925232e-01	9.575051e-01	8.154891e-01	3.299556e+00	3.177682e-02	3.095112e-01	1.099018e+00	1.219360e+00	1.270849e+00	1.314795e+00	1.357255e+00	1.396382e+00	1.440634e+00	1.492620e+00	1.559183e+00	1.733845e+00	1.747647e+00	-4.282626e-01	
2  8.36131	-1.056591e+00	2.214766e-01	4.727429e-02	7.184479e-01	9.503294e-01	8.146988e-01	3.698861e+00	3.296633e-02	3.102585e-01	1.100029e+00	1.220264e+00	1.271729e+00	1.316209e+00	1.357030e+00	1.396537e+00	1.440891e+00	1.491798e+00	1.559128e+00	1.732939e+00	1.722347e+00	-4.030266e-01	
7  6.19249	-1.044795e+00	2.053762e-01	4.897319e-02	7.386967e-01	9.447183e-01	8.141521e-01	3.842604e+00	4.998616e-02	3.110040e-01	1.097436e+00	1.216768e+00	1.267237e+00	1.312241e+00	1.351705e+00	1.391273e+00	1.434774e+00	1.486325e+00	1.553169e+00	1.726979e+00	1.706556e+00	-3.882772e-01	
11  7.89642	-1.025567e+00	1.566832e-01	4.770486e-02	7.414611e-01	9.398982e-01	8.140251e-01	3.955778e+00	3.580359e-02	3.119645e-01	1.096699e+00	1.214365e+00	1.265903e+00	1.310429e+00	1.349729e+00	1.389231e+00	1.432440e+00	1.484715e+00	1.551973e+00	1.725223e+00	1.669617e+00	-3.679517e-01	
3  8.7176	-1.017643e+00	1.201732e-01	4.812634e-02	7.319537e-01	9.460662e-01	8.127175e-01	3.902365e+00	4.266737e-02	3.128764e-01	1.096909e+00	1.215131e+00	1.267501e+00	1.311133e+00	1.352542e+00	1.390238e+00	1.435363e+00	1.486715e+00	1.553705e+00	1.728435e+00	1.661596e+00	-3.603628e-01	
10  6.06544	-1.030091e+00	1.999290e-01	4.892292e-02	7.523532e-01	9.325216e-01	8.150151e-01	3.848973e+00	4.846249e-02	3.113772e-01	1.093744e+00	1.211438e+00	1.262342e+00	1.304925e+00	1.345207e+00	1.383891e+00	1.426596e+00	1.477790e+00	1.544320e+00	1.717409e+00	1.611730e+00	-3.334979e-01	
7  5.69699	-1.030595e+00	2.035897e-01	4.942009e-02	7.583883e-01	9.316939e-01	8.148386e-01	3.922883e+00	5.271422e-02	3.114781e-01	1.094113e+00	1.212165e+00	1.261395e+00	1.305086e+00	1.344626e+00	1.383575e+00	1.426784e+00	1.477227e+00	1.543545e+00	1.717319e+00	1.549219e+00	-3.017018e-01	
6  6.771	-1.056969e+00	2.803710e-01	4.852040e-02	7.666624e-01	9.322693e-01	8.171939e-01	4.180432e+00	4.039662e-02	3.090981e-01	1.094914e+00	1.213487e+00	1.263004e+00	1.307059e+00	1.347034e+00	1.384389e+00	1.428708e+00	1.478247e+00	1.544440e+00	1.718624e+00	1.643125e+00	-3.558737e-01	
2  5.4432	-1.025200e+00	1.620941e-01	4.973043e-02	7.552854e-01	9.367648e-01	8.156050e-01	4.016704e+00	3.013840e-02	3.111622e-01	1.094904e+00	1.213133e+00	1.263618e+00	1.308707e+00	1.347464e+00	1.388292e+00	1.429682e+00	1.482519e+00	1.547965e+00	1.723765e+00	1.705837e+00	-3.971490e-01	
5  5.04985	-1.025537e+00	1.715719e-01	4.971093e-02	7.604694e-01	9.341020e-01	8.146539e-01	4.099357e+00	4.623006e-02	3.118519e-01	1.095071e+00	1.213232e+00	1.263153e+00	1.307860e+00	1.346121e+00	1.387153e+00	1.428741e+00	1.481994e+00	1.545993e+00	1.722356e+00	1.682008e+00	-3.860684e-01	
13  6.24946	-1.021036e+00	1.691610e-01	5.100157e-02	7.664632e-01	9.326652e-01	8.152741e-01	4.054456e+00	3.666399e-02	3.116828e-01	1.093725e+00	1.211436e+00	1.262266e+00	1.306030e+00	1.343682e+00	1.385517e+00	1.426662e+00	1.479563e+00	1.544350e+00	1.719674e+00	1.734341e+00	-4.103252e-01	
3  6.38002	-1.013764e+00	1.303758e-01	5.112350e-02	7.648866e-01	9.336449e-01	8.133632e-01	4.029816e+00	6.215136e-02	3.128533e-01	1.094084e+00	1.212285e+00	1.262748e+00	1.305784e+00	1.345574e+00	1.386497e+00	1.429538e+00	1.479659e+00	1.545821e+00	1.720997e+00	1.613647e+00	-3.398687e-01	
1  9.46639	-1.023791e+00	1.672404e-01	4.932312e-02	7.631908e-01	9.311721e-01	8.143248e-01	4.017557e+00	7.325156e-02	3.117394e-01	1.092202e+00	1.209775e+00	1.259565e+00	1.304072e+00	1.341712e+00	1.382938e+00	1.425174e+00	1.476112e+00	1.542770e+00	1.716944e+00	1.594797e+00	-3.348046e-01	
7  8.08087	-1.033678e+00	2.031845e-01	4.787853e-02	7.808701e-01	9.251222e-01	8.155418e-01	4.389669e+00	8.196861e-02	3.107253e-01	1.091359e+00	1.208331e+00	1.258919e+00	1.301467e+00	1.340935e+00	1.380153e+00	1.422317e+00	1.473949e+00	1.540016e+00	1.713147e+00	1.681653e+00	-3.836272e-01	
1  8.89136	-1.030751e+00	1.864993e-01	5.013659e-02	7.759902e-01	9.282126e-01	8.144773e-01	4.083486e+00	8.651406e-02	3.111694e-01	1.091952e+00	1.209976e+00	1.260112e+00	1.303876e+00	1.341734e+00	1.383326e+00	1.424041e+00	1.476794e+00	1.542274e+00	1.716238e+00	1.680621e+00	-3.982960e-01	
3  9.4922	-1.031098e+00	2.233156e-01	5.148195e-02	7.781963e-01	9.211442e-01	8.152053e-01	3.793908e+00	7.787069e-02	3.112938e-01	1.091099e+00	1.208692e+00	1.257445e+00	1.300312e+00	1.337469e+00	1.380652e+00	1.418688e+00	1.472526e+00	1.538312e+00	1.710977e+00	1.672013e+00	-3.951460e-01	
11  8.62697	-1.030792e+00	2.229465e-01	5.183296e-02	7.809010e-01	9.207011e-01	8.166519e-01	3.807319e+00	6.498985e-02	3.105704e-01	1.090442e+00	1.207552e+00	1.256314e+00	1.299555e+00	1.335871e+00	1.379698e+00	1.417589e+00	1.471620e+00	1.537086e+00	1.712210e+00	1.754893e+00	-4.421014e-01	
1  8.95115	-1.037541e+00	2.324966e-01	5.223690e-02	7.754560e-01	9.263207e-01	8.176459e-01	3.756289e+00	5.936858e-02	3.093193e-01	1.089918e+00	1.207760e+00	1.255574e+00	1.299704e+00	1.336223e+00	1.380302e+00	1.419684e+00	1.472874e+00	1.537844e+00	1.712195e+00	1.640034e+00	-3.696462e-01	
4  8.55642	-1.035894e+00	2.365154e-01	5.313919e-02	7.778271e-01	9.256379e-01	8.192412e-01	3.693900e+00	3.234985e-02	3.086310e-01	1.088976e+00	1.206373e+00	1.255661e+00	1.298766e+00	1.335641e+00	1.379186e+00	1.418243e+00	1.471960e+00	1.536297e+00	1.711707e+00	1.675582e+00	-3.796960e-01	
2  11.0675	-1.042544e+00	2.618087e-01	5.241581e-02	7.715144e-01	9.239013e-01	8.210792e-01	3.477565e+00	1.704204e-02	3.069598e-01	1.087619e+00	1.203973e+00	1.254159e+00	1.296270e+00	1.334137e+00	1.377605e+00	1.415515e+00	1.468917e+00	1.534820e+00	1.710453e+00	1.690792e+00	-3.797625e-01	
5  10.5989	-1.026997e+00	1.813610e-01	5.173424e-02	7.540436e-01	9.291186e-01	8.188989e-01	3.377972e+00	1.946419e-02	3.088953e-01	1.090311e+00	1.208137e+00	1.257713e+00	1.301282e+00	1.338563e+00	1.384233e+00	1.420818e+00	1.475776e+00	1.541209e+00	1.717925e+00	1.713907e+00	-4.003511e-01	
2  11.9544	-1.015080e+00	1.203185e-01	5.059147e-02	7.326226e-01	9.352218e-01	8.173988e-01	3.170229e+00	2.514301e-02	3.099325e-01	1.091001e+00	1.209587e+00	1.259951e+00	1.303225e+00	1.342076e+00	1.385536e+00	1.424540e+00	1.477745e+00	1.546188e+00	1.720887e+00	1.604656e+00	-3.372077e-01	
2  12.789	-1.042502e+00	2.604426e-01	5.171955e-02	7.485796e-01	9.256241e-01	8.206038e-01	3.055581e+00	1.493896e-02	3.075163e-01	1.088903e+00	1.206215e+00	1.256584e+00	1.298178e+00	1.337411e+00	1.378197e+00	1.418050e+00	1.469627e+00	1.537682e+00	1.710955e+00	1.591735e+00	-3.329046e-01	
1  12.4953	-1.048414e+00	2.590376e-01	5.124997e-02	7.463125e-01	9.277600e-01	8.195369e-01	3.108952e+00	2.697821e-02	3.079613e-01	1.090610e+00	1.209381e+00	1.258976e+00	1.300266e+00	1.340860e+00	1.381251e+00	1.420993e+00	1.474335e+00	1.540837e+00	1.714885e+00	1.560084e+00	-3.214293e-01	
3  11.4433	-1.011047e+00	1.200688e-01	5.329506e-02	7.280890e-01	9.354616e-01	8.170205e-01	2.790612e+00	2.374598e-02	3.106512e-01	1.090715e+00	1.209810e+00	1.259599e+00	1.301192e+00	1.342411e+00	1.383695e+00	1.424278e+00	1.478160e+00	1.545814e+00	1.721492e+00	1.597878e+00	-3.432769e-01	
9  12.6246	-9.974935e-01	7.850349e-02	5.449065e-02	7.195585e-01	9.393296e-01	8.161805e-01	2.631948e+00	1.265539e-02	3.118166e-01	1.091082e+00	1.210447e+00	1.260274e+00	1.301932e+00	1.344919e+00	1.384063e+00	1.427138e+00	1.480453e+00	1.548406e+00	1.724674e+00	1.545214e+00	-3.097205e-01	
10  13.2089	-1.006452e+00	1.235607e-01	5.412713e-02	7.301414e-01	9.352256e-01	8.173973e-01	2.809918e+00	1.041746e-02	3.108903e-01	1.089936e+00	1.208874e+00	1.258187e+00	1.300010e+00	1.341907e+00	1.381945e+00	1.424177e+00	1.477977e+00	1.545659e+00	1.722565e+00	1.525797e+00	-2.909529e-01	
2  13.8967	-1.010229e+00	1.465039e-01	5.375344e-02	7.521399e-01	9.272129e-01	8.182616e-01	3.141309e+00	3.034106e-02	3.104183e-01	1.087482e+00	1.205580e+00	1.254047e+00	1.295943e+00	1.336565e+00	1.377317e+00	1.419629e+00	1.471964e+00	1.540657e+00	1.714952e+00	1.585038e+00	-3.239413e-01	
3  12.6595	-9.862849e-01	5.469543e-02	5.345114e-02	7.254432e-01	9.363116e-01	8.154979e-01	2.877943e+00	2.470156e-02	3.128732e-01	1.089714e+00	1.207407e+00	1.257251e+00	1.299655e+00	1.340491e+00	1.382746e+00	1.423602e+00	1.476784e+00	1.546188e+00	1.722257e+00	1.529619e+00	-2.906051e-01	
1  11.0401	-1.014576e+00	1.456186e-01	5.458095e-02	7.343784e-01	9.343814e-01	8.185174e-01	2.866741e+00	2.017767e-02	3.100830e-01	1.089141e+00	1.207504e+00	1.255908e+00	1.299295e+00	1.338866e+00	1.381371e+00	1.422493e+00	1.476221e+00	1.544067e+00	1.718258e+00	1.733839e+00	-4.139036e-01	
15  9.63079	-1.012168e+00	1.374385e-01	5.548461e-02	7.290602e-01	9.353795e-01	8.180462e-01	2.668650e+00	1.575072e-02	3.104235e-01	1.090147e+00	1.207678e+00	1.257110e+00	1.300711e+00	1.340727e+00	1.381827e+00	1.425666e+00	1.476755e+00	1.545632e+00	1.719373e+00	1.721787e+00	-4.062836e-01	
7  12.1069	-9.893653e-01	6.128850e-02	5.650153e-02	7.299866e-01	9.343033e-01	8.151036e-01	2.637249e+00	3.268518e-02	3.132903e-01	1.091699e+00	1.208108e+00	1.258175e+00	1.301985e+00	1.341655e+00	1.384399e+00	1.424663e+00	1.479199e+00	1.547237e+00	1.720992e+00	1.684655e+00	-3.953187e-01	
5  11.2831	-1.014152e+00	1.687130e-01	5.455241e-02	7.408619e-01	9.310339e-01	8.190923e-01	2.974076e+00	5.925617e-03	3.103720e-01	1.089216e+00	1.205951e+00	1.255517e+00	1.299422e+00	1.338247e+00	1.380830e+00	1.419748e+00	1.475436e+00	1.541214e+00	1.715776e+00	1.750160e+00	-4.284221e-01	
4  9.97982	-9.886715e-01	5.635252e-02	5.416406e-02	7.366687e-01	9.340204e-01	8.146445e-01	3.069879e+00	2.750631e-02	3.138762e-01	1.092668e+00	1.208989e+00	1.260340e+00	1.303753e+00	1.343180e+00	1.386037e+00	1.425990e+00	1.480666e+00	1.547813e+00	1.722581e+00	1.670904e+00	-3.868199e-01	
1  11.5427	-9.800789e-01	-5.265170e-05	5.620051e-02	7.180458e-01	9.438703e-01	8.130316e-01	2.705100e+00	2.824879e-02	3.146464e-01	1.094229e+00	1.211789e+00	1.262219e+00	1.308017e+00	1.348350e+00	1.390419e+00	1.432244e+00	1.486263e+00	1.554857e+00	1.729672e+00	1.640061e+00	-3.652565e-01	
8  10.2909	-9.974930e-01	9.329770e-02	5.603961e-02	7.323207e-01	9.372793e-01	8.163331e-01	2.834371e+00	1.006564e-02	3.123305e-01	1.091786e+00	1.208270e+00	1.259128e+00	1.304158e+00	1.343218e+00	1.384672e+00	1.425676e+00	1.480557e+00	1.547660e+00	1.721266e+00	1.648915e+00	-3.683797e-01	
2  10.5969	-1.006359e+00	1.127344e-01	5.419803e-02	7.301531e-01	9.394987e-01	8.161736e-01	3.074223e+00	3.426319e-02	3.121077e-01	1.091249e+00	1.208301e+00	1.258394e+00	1.303516e+00	1.342265e+00	1.384138e+00	1.425534e+00	1.479390e+00	1.546998e+00	1.719638e+00	1.788823e+00	-4.485413e-01	
1  10.2945	-9.933753e-01	5.400218e-02	5.363807e-02	7.236797e-01	9.431409e-01	8.142542e-01	3.112171e+00	5.083527e-02	3.134437e-01	1.091473e+00	1.208457e+00	1.259221e+00	1.303993e+00	1.343266e+00	1.384572e+00	1.427744e+00	1.480747e+00	1.548863e+00	1.721074e+00	1.748636e+00	-4.324635e-01	
3  10.6641	-9.776625e-01	-2.047982e-02	5.160989e-02	7.245134e-01	9.432602e-01	8.118891e-01	3.395540e+00	5.438442e-02	3.153007e-01	1.094265e+00	1.211420e+00	1.262484e+00	1.308109e+00	1.346835e+00	1.389289e+00	1.432099e+00	1.484130e+00	1.553993e+00	1.725619e+00	1.741137e+00	-4.304411e-01	
# After 171 accepted steps: update proposal with max(R-1) = 0.725117 and jumping factor = 2.400000 
20  10.7611	-9.743815e-01	-4.354340e-02	5.146934e-02	7.116868e-01	9.482960e-01	8.131879e-01	3.276000e+00	2.478161e-02	3.145017e-01	1.095046e+00	1.212420e+00	1.263226e+00	1.310060e+00	1.350149e+00	1.391867e+00	1.435594e+00	1.488112e+00	1.556619e+00	1.730907e+00	1.753950e+00	-4.282352e-01	
2  14.6136	-9.770839e-01	-6.559069e-02	5.015084e-02	6.890896e-01	9.567165e-01	8.125201e-01	3.056622e+00	2.650924e-02	3.146260e-01	1.096733e+00	1.215032e+00	1.265494e+00	1.313967e+00	1.353784e+00	1.395710e+00	1.440170e+00	1.492597e+00	1.561534e+00	1.736547e+00	1.800905e+00	-4.525385e-01	
13  12.4237	-9.564143e-01	-1.109472e-01	5.160436e-02	6.973427e-01	9.536674e-01	8.086016e-01	3.147028e+00	7.384739e-02	3.178457e-01	1.096207e+00	1.213069e+00	1.263908e+00	1.311123e+00	1.350355e+00	1.392749e+00	1.436728e+00	1.489654e+00	1.557875e+00	1.732337e+00	1.816942e+00	-4.597303e-01	
1  9.85812	-9.685843e-01	-2.908002e-02	5.372022e-02	7.063512e-01	9.486383e-01	8.110959e-01	2.944053e+00	4.469683e-02	3.160933e-01	1.094395e+00	1.211241e+00	1.262216e+00	1.308752e+00	1.346588e+00	1.389408e+00	1.432835e+00	1.485189e+00	1.553346e+00	1.727792e+00	1.781769e+00	-4.393260e-01	
2  12.9537	-9.708326e-01	-5.979271e-03	5.592840e-02	7.108814e-01	9.449906e-01	8.107672e-01	2.696857e+00	4.939558e-02	3.163671e-01	1.094724e+00	1.210663e+00	1.262070e+00	1.307591e+00	1.346871e+00	1.387870e+00	1.431374e+00	1.483261e+00	1.552065e+00	1.725999e+00	1.824667e+00	-4.608230e-01	
19  13.1557	-9.365601e-01	-1.637285e-01	5.540442e-02	6.794970e-01	9.594747e-01	8.052519e-01	2.517180e+00	7.930195e-02	3.204040e-01	1.097488e+00	1.213945e+00	1.266779e+00	1.312081e+00	1.352320e+00	1.394892e+00	1.438211e+00	1.491284e+00	1.560894e+00	1.735861e+00	1.823405e+00	-4.680590e-01	
4  14.2843	-9.268102e-01	-2.324838e-01	5.536096e-02	6.544692e-01	9.668271e-01	8.022893e-01	2.181015e+00	1.108685e-01	3.228087e-01	1.099390e+00	1.216735e+00	1.269686e+00	1.314458e+00	1.356056e+00	1.398358e+00	1.443786e+00	1.495589e+00	1.566171e+00	1.741543e+00	1.785144e+00	-4.484827e-01	
2  16.3522	-9.098430e-01	-2.767467e-01	5.468669e-02	6.457133e-01	9.682021e-01	8.025719e-01	2.085192e+00	9.368203e-02	3.231484e-01	1.098010e+00	1.214882e+00	1.267394e+00	1.311039e+00	1.354538e+00	1.395233e+00	1.441628e+00	1.493789e+00	1.564751e+00	1.740799e+00	1.836497e+00	-4.778512e-01	
1  19.3459	-9.114142e-01	-2.306780e-01	5.491600e-02	6.696085e-01	9.576858e-01	8.053243e-01	2.383221e+00	7.517815e-02	3.219673e-01	1.095284e+00	1.211110e+00	1.262346e+00	1.306624e+00	1.348777e+00	1.388829e+00	1.435296e+00	1.487594e+00	1.557625e+00	1.733539e+00	1.803391e+00	-4.511054e-01	
8  15.1134	-9.456280e-01	-1.322723e-01	5.302896e-02	6.734594e-01	9.556178e-01	8.063557e-01	2.466303e+00	9.212024e-02	3.201033e-01	1.096055e+00	1.212624e+00	1.264579e+00	1.307874e+00	1.349750e+00	1.388801e+00	1.436144e+00	1.488267e+00	1.556545e+00	1.731673e+00	1.742198e+00	-4.175903e-01	
2  14.6238	-9.658325e-01	-7.998968e-02	5.445296e-02	6.740739e-01	9.539139e-01	8.068985e-01	2.203071e+00	8.884867e-02	3.189477e-01	1.098086e+00	1.216026e+00	1.268522e+00	1.311927e+00	1.352262e+00	1.393095e+00	1.438588e+00	1.491337e+00	1.558506e+00	1.735319e+00	1.792894e+00	-4.459925e-01	
1  16.1577	-9.615116e-01	-1.109116e-01	5.500498e-02	6.842359e-01	9.511053e-01	8.071794e-01	2.275764e+00	7.842104e-02	3.185794e-01	1.098731e+00	1.217205e+00	1.270117e+00	1.313012e+00	1.354523e+00	1.394647e+00	1.440939e+00	1.493832e+00	1.560356e+00	1.738395e+00	1.796792e+00	-4.474815e-01	
3  18.6669	-9.479954e-01	-1.528525e-01	5.812317e-02	6.784976e-01	9.556498e-01	8.057923e-01	1.989144e+00	7.712543e-02	3.200287e-01	1.099291e+00	1.218090e+00	1.270375e+00	1.313480e+00	1.354479e+00	1.395949e+00	1.443517e+00	1.495660e+00	1.562247e+00	1.740807e+00	1.844107e+00	-4.841046e-01	
2  18.9279	-9.444134e-01	-1.256885e-01	5.852026e-02	7.019673e-01	9.470212e-01	8.061918e-01	2.331712e+00	8.689412e-02	3.200329e-01	1.096735e+00	1.214536e+00	1.265913e+00	1.308140e+00	1.348682e+00	1.389594e+00	1.437382e+00	1.488471e+00	1.555602e+00	1.731688e+00	1.806620e+00	-4.557863e-01	
5  18.1934	-9.397075e-01	-1.365195e-01	5.838802e-02	6.962021e-01	9.481824e-01	8.084074e-01	2.284882e+00	5.378741e-02	3.190804e-01	1.095890e+00	1.214131e+00	1.262756e+00	1.309680e+00	1.346689e+00	1.389861e+00	1.435791e+00	1.488427e+00	1.555075e+00	1.733561e+00	1.876451e+00	-5.017220e-01	
1  18.6658	-9.296826e-01	-2.008150e-01	5.745835e-02	6.614468e-01	9.622760e-01	8.071690e-01	1.944201e+00	4.223984e-02	3.198163e-01	1.097748e+00	1.217125e+00	1.267097e+00	1.313914e+00	1.351971e+00	1.395506e+00	1.443092e+00	1.494647e+00	1.563173e+00	1.740849e+00	1.974838e+00	-5.724327e-01	
7  15.4838	-9.461583e-01	-1.214587e-01	5.742228e-02	6.820601e-01	9.565809e-01	8.072235e-01	2.271825e+00	6.329931e-02	3.190726e-01	1.097354e+00	1.215707e+00	1.265075e+00	1.310488e+00	1.349514e+00	1.390498e+00	1.439642e+00	1.489931e+00	1.557978e+00	1.735227e+00	1.936206e+00	-5.338195e-01	
1  15.5883	-9.636570e-01	-5.816956e-02	5.792142e-02	6.978721e-01	9.540458e-01	8.089291e-01	2.525043e+00	6.981421e-02	3.171483e-01	1.096545e+00	1.214810e+00	1.263876e+00	1.309493e+00	1.347440e+00	1.390489e+00	1.436046e+00	1.488628e+00	1.555988e+00	1.732460e+00	1.863890e+00	-4.852646e-01	
14  14.0924	-9.606191e-01	-1.033531e-01	5.541156e-02	6.878777e-01	9.604812e-01	8.071529e-01	2.728148e+00	8.476739e-02	3.177725e-01	1.098357e+00	1.217402e+00	1.266638e+00	1.312286e+00	1.351840e+00	1.394222e+00	1.440992e+00	1.493870e+00	1.561210e+00	1.736990e+00	1.903947e+00	-5.158612e-01	
12  11.6452	-9.813513e-01	-4.421724e-02	5.400043e-02	6.978770e-01	9.581913e-01	8.072961e-01	3.046346e+00	8.963603e-02	3.174411e-01	1.100099e+00	1.220905e+00	1.270164e+00	1.316173e+00	1.355260e+00	1.396476e+00	1.443462e+00	1.496677e+00	1.562419e+00	1.738220e+00	1.888548e+00	-5.128194e-01	
3  12.7975	-9.856577e-01	-5.322257e-02	5.350085e-02	6.764128e-01	9.646195e-01	8.063990e-01	2.658810e+00	1.133801e-01	3.174266e-01	1.100224e+00	1.221430e+00	1.270289e+00	1.315458e+00	1.355535e+00	1.397438e+00	1.445510e+00	1.497766e+00	1.562712e+00	1.739800e+00	1.859733e+00	-4.934066e-01	
3  12.3234	-9.820588e-01	-8.331371e-02	5.450016e-02	6.750832e-01	9.645623e-01	8.065606e-01	2.510942e+00	1.014326e-01	3.172907e-01	1.101080e+00	1.222869e+00	1.272125e+00	1.318692e+00	1.356840e+00	1.400227e+00	1.448089e+00	1.500477e+00	1.566256e+00	1.744404e+00	1.793915e+00	-4.582697e-01	
12  12.5281	-9.972309e-01	-5.934492e-03	5.189963e-02	6.874735e-01	9.573751e-01	8.097648e-01	2.841570e+00	8.753273e-02	3.149507e-01	1.098214e+00	1.219580e+00	1.268722e+00	1.314701e+00	1.351454e+00	1.395192e+00	1.441858e+00	1.494962e+00	1.559158e+00	1.738347e+00	1.725426e+00	-4.153750e-01	
5  13.7636	-1.011587e+00	4.262501e-02	5.258989e-02	6.909318e-01	9.531240e-01	8.103909e-01	2.703655e+00	1.075694e-01	3.146575e-01	1.097848e+00	1.218616e+00	1.267799e+00	1.312510e+00	1.350454e+00	1.393238e+00	1.439821e+00	1.491235e+00	1.556311e+00	1.734883e+00	1.691748e+00	-3.955224e-01	
8  16.1987	-9.927776e-01	-3.895845e-02	4.845031e-02	6.651672e-01	9.613680e-01	8.066748e-01	2.870742e+00	1.324217e-01	3.173726e-01	1.099439e+00	1.220377e+00	1.271195e+00	1.315529e+00	1.354498e+00	1.396513e+00	1.442038e+00	1.495484e+00	1.560791e+00	1.738979e+00	1.751938e+00	-4.346010e-01	
1  12.9947	-1.042078e+00	1.413311e-01	4.804491e-02	6.937592e-01	9.494970e-01	8.113069e-01	3.074047e+00	1.234862e-01	3.132830e-01	1.098971e+00	1.219393e+00	1.270689e+00	1.314155e+00	1.351789e+00	1.393861e+00	1.438147e+00	1.492116e+00	1.556187e+00	1.731850e+00	1.738391e+00	-4.192492e-01	
1  13.8695	-1.044305e+00	1.174435e-01	4.553827e-02	6.822566e-01	9.569647e-01	8.116706e-01	3.260632e+00	1.113170e-01	3.123285e-01	1.100261e+00	1.221711e+00	1.273164e+00	1.317513e+00	1.354648e+00	1.398358e+00	1.442983e+00	1.496411e+00	1.561422e+00	1.736953e+00	1.777671e+00	-4.381646e-01	
4  15.1307	-1.050176e+00	1.458011e-01	4.428060e-02	6.893917e-01	9.513294e-01	8.125680e-01	3.352749e+00	1.158343e-01	3.115944e-01	1.098871e+00	1.219660e+00	1.270829e+00	1.314389e+00	1.353004e+00	1.395054e+00	1.438947e+00	1.493013e+00	1.557960e+00	1.732691e+00	1.692097e+00	-3.713118e-01	
3  16.4439	-1.028494e+00	3.079972e-02	4.087589e-02	6.580665e-01	9.662867e-01	8.097462e-01	3.463658e+00	1.250313e-01	3.134414e-01	1.100425e+00	1.222424e+00	1.274063e+00	1.318227e+00	1.358322e+00	1.400282e+00	1.445258e+00	1.500739e+00	1.565781e+00	1.742252e+00	1.768670e+00	-4.184082e-01	
2  15.3029	-1.032543e+00	4.928152e-02	4.305565e-02	6.619172e-01	9.639023e-01	8.113007e-01	3.160941e+00	9.882393e-02	3.123357e-01	1.100596e+00	1.222604e+00	1.274015e+00	1.317917e+00	1.358083e+00	1.399995e+00	1.446941e+00	1.499128e+00	1.565950e+00	1.741389e+00	1.889838e+00	-4.957215e-01	
4  15.3123	-1.015673e+00	-3.815787e-02	4.323832e-02	6.385939e-01	9.713510e-01	8.074831e-01	2.784507e+00	1.273083e-01	3.149266e-01	1.102366e+00	1.225520e+00	1.276967e+00	1.321432e+00	1.362520e+00	1.403738e+00	1.452171e+00	1.503184e+00	1.571379e+00	1.747372e+00	1.812888e+00	-4.531664e-01	
1  16.6466	-1.004110e+00	-9.141915e-02	4.564861e-02	6.231307e-01	9.786049e-01	8.093875e-01	2.284383e+00	6.882883e-02	3.140535e-01	1.103174e+00	1.226784e+00	1.278034e+00	1.325240e+00	1.365600e+00	1.408190e+00	1.455675e+00	1.508463e+00	1.576692e+00	1.754203e+00	1.798023e+00	-4.489375e-01	
12  17.7396	-1.023507e+00	-1.722855e-03	4.733609e-02	6.361887e-01	9.750711e-01	8.128330e-01	2.249189e+00	5.098460e-02	3.112933e-01	1.100584e+00	1.223558e+00	1.274552e+00	1.322101e+00	1.361115e+00	1.403781e+00	1.451435e+00	1.503426e+00	1.571334e+00	1.747309e+00	1.786159e+00	-4.429744e-01	
7  19.7332	-1.021407e+00	-1.016038e-02	4.835266e-02	6.359354e-01	9.757903e-01	8.131752e-01	2.144707e+00	4.798115e-02	3.110902e-01	1.100365e+00	1.223269e+00	1.273909e+00	1.321406e+00	1.360246e+00	1.404920e+00	1.451662e+00	1.503630e+00	1.571591e+00	1.747965e+00	1.751769e+00	-4.164682e-01	
2  18.4108	-1.022586e+00	2.057048e-02	4.708907e-02	6.549469e-01	9.664944e-01	8.145457e-01	2.557453e+00	4.621662e-02	3.106207e-01	1.098722e+00	1.220754e+00	1.271891e+00	1.317837e+00	1.356788e+00	1.400302e+00	1.447522e+00	1.499492e+00	1.566678e+00	1.745268e+00	1.619813e+00	-3.341813e-01	
14  17.9487	-1.022916e+00	5.621254e-02	4.773125e-02	6.770256e-01	9.583691e-01	8.139422e-01	2.894581e+00	5.579232e-02	3.114461e-01	1.098307e+00	1.219743e+00	1.270906e+00	1.315263e+00	1.353721e+00	1.396116e+00	1.444960e+00	1.495684e+00	1.562060e+00	1.739899e+00	1.550651e+00	-2.848693e-01	
24  16.5866	-1.035757e+00	1.237563e-01	5.076213e-02	6.964265e-01	9.519138e-01	8.168763e-01	2.840507e+00	2.946758e-02	3.099011e-01	1.096431e+00	1.217951e+00	1.269733e+00	1.312013e+00	1.351199e+00	1.393229e+00	1.441611e+00	1.492070e+00	1.556929e+00	1.735475e+00	1.569347e+00	-3.048614e-01	
3  14.7237	-1.055807e+00	2.170431e-01	5.240651e-02	7.147084e-01	9.461051e-01	8.196732e-01	2.812517e+00	1.576264e-02	3.073911e-01	1.094412e+00	1.215841e+00	1.266279e+00	1.309359e+00	1.347402e+00	1.389543e+00	1.435969e+00	1.487518e+00	1.551513e+00	1.728892e+00	1.547487e+00	-2.887474e-01	
1  15.2619	-1.023158e+00	8.273039e-02	4.936831e-02	6.804316e-01	9.555151e-01	8.143575e-01	2.701808e+00	3.438913e-02	3.119484e-01	1.097570e+00	1.219536e+00	1.270639e+00	1.314210e+00	1.353111e+00	1.395744e+00	1.442815e+00	1.494257e+00	1.559198e+00	1.736049e+00	1.651633e+00	-3.648889e-01	
11  13.8988	-1.046882e+00	1.878240e-01	4.996293e-02	7.077701e-01	9.452994e-01	8.167709e-01	2.996827e+00	3.180447e-02	3.101524e-01	1.097145e+00	1.218318e+00	1.269018e+00	1.311802e+00	1.350365e+00	1.392601e+00	1.438116e+00	1.489891e+00	1.553067e+00	1.731307e+00	1.727089e+00	-4.112012e-01	
11  10.1298	-1.045915e+00	1.786622e-01	5.127894e-02	7.051907e-01	9.494788e-01	8.154709e-01	2.946763e+00	3.374104e-02	3.106445e-01	1.099692e+00	1.220681e+00	1.271106e+00	1.313923e+00	1.353338e+00	1.395676e+00	1.440651e+00	1.493271e+00	1.557097e+00	1.736468e+00	1.720812e+00	-4.045199e-01	
5  8.88946	-1.053297e+00	2.034939e-01	5.106606e-02	6.974875e-01	9.530287e-01	8.161549e-01	2.826246e+00	3.665837e-02	3.096790e-01	1.098181e+00	1.219256e+00	1.269837e+00	1.312533e+00	1.351509e+00	1.394956e+00	1.438028e+00	1.492074e+00	1.555757e+00	1.733251e+00	1.846834e+00	-4.751319e-01	
16  9.08807	-1.045617e+00	1.665603e-01	5.058550e-02	6.991694e-01	9.545381e-01	8.139936e-01	3.031371e+00	4.689663e-02	3.113541e-01	1.100659e+00	1.221620e+00	1.272030e+00	1.315634e+00	1.354592e+00	1.398702e+00	1.440722e+00	1.496283e+00	1.559391e+00	1.737218e+00	1.999879e+00	-5.663774e-01	
22  8.56823	-1.057965e+00	2.267643e-01	5.020139e-02	7.160244e-01	9.470331e-01	8.155510e-01	3.168565e+00	5.066863e-02	3.099158e-01	1.098514e+00	1.218571e+00	1.269544e+00	1.311956e+00	1.351171e+00	1.393888e+00	1.436254e+00	1.490913e+00	1.553409e+00	1.730082e+00	1.953924e+00	-5.308033e-01	
3  7.90163	-1.043337e+00	1.680014e-01	5.037087e-02	6.945029e-01	9.574501e-01	8.147667e-01	2.962180e+00	3.950071e-02	3.103266e-01	1.099052e+00	1.218392e+00	1.270334e+00	1.313360e+00	1.352715e+00	1.396336e+00	1.439254e+00	1.493354e+00	1.558180e+00	1.733819e+00	1.829381e+00	-4.498252e-01	
1  8.33296	-1.015630e+00	1.001910e-01	5.133862e-02	6.894804e-01	9.573766e-01	8.136171e-01	2.837938e+00	2.563012e-02	3.120807e-01	1.098061e+00	1.216990e+00	1.267969e+00	1.311681e+00	1.350722e+00	1.395062e+00	1.437920e+00	1.491420e+00	1.557365e+00	1.733707e+00	1.853580e+00	-4.729961e-01	
28  8.11424	-9.957225e-01	1.196068e-02	5.038186e-02	6.829431e-01	9.615701e-01	8.099356e-01	3.029541e+00	6.623258e-02	3.148999e-01	1.098705e+00	1.218395e+00	1.268228e+00	1.313156e+00	1.352213e+00	1.397101e+00	1.439638e+00	1.494460e+00	1.558857e+00	1.737079e+00	1.988214e+00	-5.612853e-01	
5  9.28109	-9.890587e-01	-3.405638e-02	4.973109e-02	6.753744e-01	9.648651e-01	8.089443e-01	3.026590e+00	7.219635e-02	3.153179e-01	1.099686e+00	1.220209e+00	1.271227e+00	1.314862e+00	1.355187e+00	1.399276e+00	1.443210e+00	1.496895e+00	1.563082e+00	1.741931e+00	2.061415e+00	-6.138394e-01	
13  9.09749	-9.789492e-01	-7.156055e-02	4.836629e-02	6.730323e-01	9.631506e-01	8.086691e-01	3.041531e+00	8.371291e-02	3.155548e-01	1.098196e+00	1.217680e+00	1.268947e+00	1.313082e+00	1.353696e+00	1.397604e+00	1.441610e+00	1.495102e+00	1.562032e+00	1.740997e+00	2.031735e+00	-5.908479e-01	
2  9.7343	-9.853785e-01	-4.864652e-02	4.736153e-02	6.703845e-01	9.643653e-01	8.097303e-01	3.137866e+00	7.725158e-02	3.147183e-01	1.097970e+00	1.217324e+00	1.269249e+00	1.312569e+00	1.352875e+00	1.397716e+00	1.442069e+00	1.493966e+00	1.562316e+00	1.739393e+00	1.931136e+00	-5.270239e-01	
7  9.88343	-9.914492e-01	-2.790943e-02	5.036087e-02	6.791882e-01	9.652816e-01	8.126800e-01	3.034011e+00	4.460155e-02	3.125484e-01	1.096603e+00	1.216213e+00	1.268085e+00	1.311882e+00	1.353188e+00	1.395934e+00	1.442167e+00	1.493825e+00	1.561771e+00	1.740053e+00	1.868449e+00	-4.723138e-01	
# After 222 accepted steps: rescaled jumping factor from 2.400000 to 2.433407, due to updated covariance matrix 
# After 222 accepted steps: update proposal with max(R-1) = 0.749124 and jumping factor = 2.433407 
12  6.26374	-1.016449e+00	4.592588e-02	5.179866e-02	6.886839e-01	9.619101e-01	8.140036e-01	2.876375e+00	4.639718e-02	3.109545e-01	1.096830e+00	1.217444e+00	1.270231e+00	1.313263e+00	1.353499e+00	1.396622e+00	1.442350e+00	1.493705e+00	1.562154e+00	1.738454e+00	1.837803e+00	-4.666191e-01	
15  9.10226	-1.014278e+00	5.246641e-02	5.344633e-02	7.032588e-01	9.574817e-01	8.127671e-01	2.959704e+00	6.974789e-02	3.121377e-01	1.095951e+00	1.216489e+00	1.269567e+00	1.311819e+00	1.352215e+00	1.393421e+00	1.440535e+00	1.491170e+00	1.559238e+00	1.735417e+00	1.977297e+00	-5.702520e-01	
5  9.22075	-1.035531e+00	1.145563e-01	5.373772e-02	6.934322e-01	9.581698e-01	8.130390e-01	2.605422e+00	6.906081e-02	3.112417e-01	1.097986e+00	1.219904e+00	1.272336e+00	1.316127e+00	1.354882e+00	1.396497e+00	1.442820e+00	1.493886e+00	1.562163e+00	1.737702e+00	1.915943e+00	-5.287053e-01	
2  9.04436	-1.054446e+00	2.241360e-01	5.295652e-02	7.257396e-01	9.461037e-01	8.163634e-01	3.045807e+00	5.554639e-02	3.086856e-01	1.095111e+00	1.215356e+00	1.267611e+00	1.310391e+00	1.347671e+00	1.390575e+00	1.432832e+00	1.485920e+00	1.552072e+00	1.727876e+00	1.875015e+00	-4.944811e-01	
1  9.43108	-1.019369e+00	7.949414e-02	5.294579e-02	6.753959e-01	9.639541e-01	8.132236e-01	2.452940e+00	5.899296e-02	3.115181e-01	1.095625e+00	1.216602e+00	1.269024e+00	1.312227e+00	1.351312e+00	1.393703e+00	1.438923e+00	1.490934e+00	1.559278e+00	1.734722e+00	1.890141e+00	-5.141241e-01	
4  8.85195	-1.006873e+00	4.466869e-02	5.183600e-02	6.684717e-01	9.655151e-01	8.126839e-01	2.507407e+00	4.882174e-02	3.122445e-01	1.095690e+00	1.216836e+00	1.268695e+00	1.312139e+00	1.351531e+00	1.393469e+00	1.440397e+00	1.491271e+00	1.559547e+00	1.736029e+00	1.889820e+00	-5.161982e-01	
3  11.7876	-9.758815e-01	-1.204393e-01	5.052937e-02	6.294736e-01	9.824847e-01	8.057099e-01	2.275294e+00	9.483132e-02	3.171532e-01	1.100783e+00	1.222601e+00	1.276291e+00	1.319141e+00	1.360689e+00	1.404258e+00	1.450679e+00	1.501714e+00	1.571330e+00	1.748689e+00	1.888985e+00	-5.208100e-01	
1  10.6436	-9.806181e-01	-8.434688e-02	4.969581e-02	6.384594e-01	9.781176e-01	8.061291e-01	2.480876e+00	9.605681e-02	3.168867e-01	1.100125e+00	1.220871e+00	1.275862e+00	1.315850e+00	1.359106e+00	1.402034e+00	1.447144e+00	1.499803e+00	1.568024e+00	1.746770e+00	1.887573e+00	-5.226713e-01	
3  11.7161	-9.913908e-01	-4.354420e-02	5.076416e-02	6.477615e-01	9.769835e-01	8.071260e-01	2.521123e+00	8.362472e-02	3.162498e-01	1.100721e+00	1.221333e+00	1.276884e+00	1.315713e+00	1.360604e+00	1.401429e+00	1.447783e+00	1.500600e+00	1.567451e+00	1.745987e+00	1.921277e+00	-5.434519e-01	
4  10.6426	-9.779465e-01	-4.858891e-02	5.173239e-02	6.558362e-01	9.728304e-01	8.079725e-01	2.572075e+00	6.076567e-02	3.164633e-01	1.098419e+00	1.218987e+00	1.273563e+00	1.312367e+00	1.357118e+00	1.397241e+00	1.443807e+00	1.495971e+00	1.563294e+00	1.740821e+00	1.876926e+00	-5.149277e-01	
8  8.52623	-9.973970e-01	4.671341e-02	5.434503e-02	6.923574e-01	9.592958e-01	8.115899e-01	2.777580e+00	4.065072e-02	3.139846e-01	1.097193e+00	1.217043e+00	1.270191e+00	1.310148e+00	1.352825e+00	1.392520e+00	1.439007e+00	1.491510e+00	1.557568e+00	1.735848e+00	1.766404e+00	-4.402742e-01	
8  7.82791	-1.001482e+00	6.848763e-02	5.341788e-02	7.092141e-01	9.529586e-01	8.118664e-01	3.091225e+00	6.005552e-02	3.136233e-01	1.095461e+00	1.214271e+00	1.267653e+00	1.307370e+00	1.349761e+00	1.388756e+00	1.435390e+00	1.486189e+00	1.553177e+00	1.730177e+00	1.803049e+00	-4.637929e-01	
1  8.48651	-1.010404e+00	1.195284e-01	5.112897e-02	7.136661e-01	9.488548e-01	8.146543e-01	3.289067e+00	3.466101e-02	3.118930e-01	1.093675e+00	1.211727e+00	1.264926e+00	1.304263e+00	1.347942e+00	1.385562e+00	1.432330e+00	1.483632e+00	1.548919e+00	1.725905e+00	1.808538e+00	-4.688602e-01	
2  9.42283	-9.993238e-01	1.037278e-01	5.150464e-02	7.118609e-01	9.437416e-01	8.135473e-01	3.079619e+00	4.206851e-02	3.131923e-01	1.093489e+00	1.210389e+00	1.263121e+00	1.302559e+00	1.345711e+00	1.383338e+00	1.430244e+00	1.480138e+00	1.546885e+00	1.723980e+00	1.771023e+00	-4.508528e-01	
2  8.75513	-1.025417e+00	1.716315e-01	5.074770e-02	7.163862e-01	9.461399e-01	8.154970e-01	3.260278e+00	2.258812e-02	3.109464e-01	1.095163e+00	1.213780e+00	1.266785e+00	1.306057e+00	1.348793e+00	1.386909e+00	1.434408e+00	1.484015e+00	1.550344e+00	1.727483e+00	1.676812e+00	-3.999495e-01	
10  8.74904	-1.021393e+00	1.386830e-01	5.117872e-02	6.897748e-01	9.551769e-01	8.145747e-01	2.814049e+00	6.799746e-03	3.116770e-01	1.098023e+00	1.217139e+00	1.270330e+00	1.310746e+00	1.353428e+00	1.392302e+00	1.439188e+00	1.490992e+00	1.556117e+00	1.735618e+00	1.611629e+00	-3.605975e-01	
29  8.43146	-1.038855e+00	2.151744e-01	5.047405e-02	7.095195e-01	9.469733e-01	8.168129e-01	3.043468e+00	5.691574e-03	3.099822e-01	1.096768e+00	1.214700e+00	1.267400e+00	1.307802e+00	1.349731e+00	1.388031e+00	1.433822e+00	1.485881e+00	1.549838e+00	1.728405e+00	1.514352e+00	-2.800207e-01	
6  10.8954	-1.048060e+00	2.416980e-01	4.809651e-02	7.212157e-01	9.401362e-01	8.180465e-01	3.356848e+00	9.409074e-03	3.089871e-01	1.095689e+00	1.213748e+00	1.266323e+00	1.307211e+00	1.348365e+00	1.386434e+00	1.431983e+00	1.483573e+00	1.547719e+00	1.726540e+00	1.483884e+00	-2.670761e-01	
1  9.15529	-1.036099e+00	1.690004e-01	5.000267e-02	6.952638e-01	9.545003e-01	8.155407e-01	2.956639e+00	1.410753e-02	3.104600e-01	1.098417e+00	1.217671e+00	1.269966e+00	1.312687e+00	1.353521e+00	1.391996e+00	1.439715e+00	1.490959e+00	1.555343e+00	1.734336e+00	1.574296e+00	-3.326022e-01	
1  7.66817	-1.024257e+00	1.156202e-01	4.805594e-02	6.820256e-01	9.559306e-01	8.129222e-01	2.976957e+00	3.866345e-02	3.127317e-01	1.099918e+00	1.218490e+00	1.271618e+00	1.314164e+00	1.355862e+00	1.393758e+00	1.441431e+00	1.493491e+00	1.557873e+00	1.736384e+00	1.632481e+00	-3.664541e-01	
2  8.0353	-1.005863e+00	4.599204e-02	4.512772e-02	6.751296e-01	9.571182e-01	8.109094e-01	3.215455e+00	5.758259e-02	3.144730e-01	1.099688e+00	1.217462e+00	1.270510e+00	1.314065e+00	1.355268e+00	1.393692e+00	1.442071e+00	1.492844e+00	1.559292e+00	1.736298e+00	1.644267e+00	-3.775007e-01	
2  8.00152	-1.028928e+00	1.509960e-01	4.548727e-02	6.878405e-01	9.520694e-01	8.153928e-01	3.268179e+00	3.239847e-02	3.109735e-01	1.096847e+00	1.214104e+00	1.266541e+00	1.309488e+00	1.350001e+00	1.388879e+00	1.436744e+00	1.486735e+00	1.552576e+00	1.729165e+00	1.641310e+00	-3.655421e-01	
8  8.58319	-1.017742e+00	7.727431e-02	4.480763e-02	6.643339e-01	9.620626e-01	8.112754e-01	3.089532e+00	7.783421e-02	3.133791e-01	1.098546e+00	1.215697e+00	1.269630e+00	1.312684e+00	1.353346e+00	1.392634e+00	1.441580e+00	1.490631e+00	1.558593e+00	1.734077e+00	1.679887e+00	-3.938497e-01	
4  10.599	-9.900703e-01	-3.176400e-02	4.689205e-02	6.360455e-01	9.740549e-01	8.072025e-01	2.613214e+00	9.497940e-02	3.166270e-01	1.100481e+00	1.217630e+00	1.272274e+00	1.315175e+00	1.356935e+00	1.396198e+00	1.446198e+00	1.495143e+00	1.563772e+00	1.739235e+00	1.768827e+00	-4.562512e-01	
1  10.2947	-9.918924e-01	-3.529351e-03	4.870315e-02	6.586334e-01	9.660229e-01	8.085223e-01	2.743662e+00	8.145767e-02	3.159340e-01	1.099516e+00	1.216718e+00	1.270845e+00	1.313385e+00	1.354199e+00	1.393653e+00	1.443967e+00	1.491725e+00	1.560803e+00	1.735677e+00	1.754631e+00	-4.543101e-01	
1  9.56843	-9.724293e-01	-1.088300e-01	4.973922e-02	6.491836e-01	9.729468e-01	8.042617e-01	2.636498e+00	1.199631e-01	3.188432e-01	1.102106e+00	1.219815e+00	1.273685e+00	1.316608e+00	1.358746e+00	1.399050e+00	1.448630e+00	1.497478e+00	1.566796e+00	1.742562e+00	1.781872e+00	-4.692410e-01	
1  7.91536	-9.522228e-01	-1.917827e-01	5.096119e-02	6.346748e-01	9.810288e-01	8.028704e-01	2.477082e+00	1.048054e-01	3.205277e-01	1.103059e+00	1.222211e+00	1.276386e+00	1.319896e+00	1.361991e+00	1.403087e+00	1.451348e+00	1.503873e+00	1.572103e+00	1.750686e+00	1.757222e+00	-4.619680e-01	
7  7.67072	-9.954966e-01	-3.923146e-02	5.088203e-02	6.473180e-01	9.761861e-01	8.072073e-01	2.560589e+00	7.792337e-02	3.167315e-01	1.103191e+00	1.223297e+00	1.277276e+00	1.321509e+00	1.361515e+00	1.404234e+00	1.448845e+00	1.505005e+00	1.569266e+00	1.748136e+00	1.755268e+00	-4.515280e-01	
8  8.08825	-9.880766e-01	-2.650235e-02	5.137572e-02	6.765942e-01	9.609944e-01	8.087671e-01	2.778705e+00	6.974651e-02	3.162373e-01	1.100251e+00	1.217988e+00	1.272574e+00	1.315897e+00	1.355851e+00	1.398113e+00	1.441008e+00	1.497624e+00	1.561627e+00	1.739495e+00	1.657554e+00	-3.918896e-01	
2  8.77382	-9.827920e-01	-5.346559e-02	5.217677e-02	6.703961e-01	9.656392e-01	8.074413e-01	2.729793e+00	8.200684e-02	3.171203e-01	1.100782e+00	1.218692e+00	1.273168e+00	1.316273e+00	1.356664e+00	1.398745e+00	1.442964e+00	1.498971e+00	1.563479e+00	1.742315e+00	1.724243e+00	-4.398425e-01	
1  10.8696	-9.997991e-01	1.154397e-02	5.131406e-02	6.734964e-01	9.622845e-01	8.088610e-01	2.656246e+00	7.667303e-02	3.156783e-01	1.100736e+00	1.218072e+00	1.273523e+00	1.315371e+00	1.356049e+00	1.397835e+00	1.442357e+00	1.496136e+00	1.560810e+00	1.738445e+00	1.815346e+00	-4.955375e-01	
12  12.6501	-1.004299e+00	5.836025e-03	4.999857e-02	6.644950e-01	9.663731e-01	8.064455e-01	2.644414e+00	9.993376e-02	3.165848e-01	1.103324e+00	1.221478e+00	1.276959e+00	1.319794e+00	1.359223e+00	1.402743e+00	1.445668e+00	1.499830e+00	1.564710e+00	1.741789e+00	1.777368e+00	-4.770333e-01	
2  12.308	-1.012669e+00	7.878704e-02	5.134373e-02	7.071945e-01	9.490249e-01	8.095184e-01	3.088029e+00	1.028081e-01	3.149556e-01	1.099297e+00	1.216724e+00	1.270107e+00	1.312996e+00	1.350293e+00	1.393779e+00	1.435918e+00	1.490137e+00	1.554890e+00	1.730582e+00	1.772297e+00	-4.770701e-01	
19  15.1479	-1.019475e+00	1.055937e-01	5.190814e-02	7.055003e-01	9.471449e-01	8.107280e-01	2.893139e+00	1.055361e-01	3.141058e-01	1.097736e+00	1.214975e+00	1.267795e+00	1.310440e+00	1.347228e+00	1.391151e+00	1.433297e+00	1.487106e+00	1.551736e+00	1.728635e+00	1.703081e+00	-4.375935e-01	
4  13.3132	-9.875007e-01	-6.159769e-02	4.958329e-02	6.531844e-01	9.703056e-01	8.061273e-01	2.688148e+00	1.143014e-01	3.176559e-01	1.101645e+00	1.219673e+00	1.273884e+00	1.317572e+00	1.355575e+00	1.400987e+00	1.444687e+00	1.498302e+00	1.565179e+00	1.743897e+00	1.555839e+00	-3.435909e-01	
2  13.7013	-9.621518e-01	-1.617672e-01	5.013931e-02	6.412100e-01	9.727865e-01	8.029723e-01	2.394926e+00	1.393453e-01	3.202626e-01	1.101727e+00	1.220036e+00	1.274518e+00	1.317502e+00	1.356470e+00	1.402323e+00	1.445305e+00	1.499891e+00	1.566906e+00	1.745618e+00	1.544562e+00	-3.404330e-01	
4  14.6292	-9.641045e-01	-1.351897e-01	5.102484e-02	6.622095e-01	9.658133e-01	8.046797e-01	2.646574e+00	1.231390e-01	3.194669e-01	1.100204e+00	1.218318e+00	1.272674e+00	1.315133e+00	1.354324e+00	1.399684e+00	1.443017e+00	1.495748e+00	1.564011e+00	1.740781e+00	1.470087e+00	-2.889659e-01	
1  15.9906	-9.753295e-01	-1.118497e-01	5.225799e-02	6.676040e-01	9.666166e-01	8.045924e-01	2.593537e+00	1.361243e-01	3.188087e-01	1.100911e+00	1.220062e+00	1.274438e+00	1.316053e+00	1.355407e+00	1.400197e+00	1.444722e+00	1.496171e+00	1.564757e+00	1.741833e+00	1.518980e+00	-3.182752e-01	
7  15.7616	-9.660807e-01	-1.603129e-01	4.945160e-02	6.244630e-01	9.833465e-01	8.018468e-01	2.430565e+00	1.469372e-01	3.207036e-01	1.102534e+00	1.222374e+00	1.278070e+00	1.319701e+00	1.360155e+00	1.404189e+00	1.450941e+00	1.501367e+00	1.570401e+00	1.747620e+00	1.553135e+00	-3.407209e-01	
1  15.2392	-9.903005e-01	-6.481186e-02	4.837312e-02	6.327012e-01	9.809253e-01	8.050216e-01	2.571372e+00	1.341865e-01	3.178456e-01	1.100558e+00	1.220302e+00	1.275499e+00	1.316613e+00	1.356684e+00	1.401135e+00	1.446469e+00	1.497124e+00	1.565680e+00	1.742001e+00	1.616218e+00	-3.775785e-01	
14  12.9734	-9.813565e-01	-1.103979e-01	4.953561e-02	6.171003e-01	9.872783e-01	8.034195e-01	2.280376e+00	1.385328e-01	3.192091e-01	1.101619e+00	1.222105e+00	1.276712e+00	1.318088e+00	1.359937e+00	1.404252e+00	1.449317e+00	1.500686e+00	1.568144e+00	1.745761e+00	1.588573e+00	-3.493521e-01	
24  15.4291	-1.006570e+00	-2.615446e-02	5.026975e-02	6.183450e-01	9.889718e-01	8.040873e-01	2.303447e+00	1.372941e-01	3.179737e-01	1.103677e+00	1.225102e+00	1.279531e+00	1.322769e+00	1.362446e+00	1.406475e+00	1.452294e+00	1.503840e+00	1.570528e+00	1.747910e+00	1.650417e+00	-3.831719e-01	
6  13.8391	-1.007977e+00	-1.776853e-02	4.820762e-02	6.183154e-01	9.873210e-01	8.055978e-01	2.476308e+00	1.118088e-01	3.168412e-01	1.103773e+00	1.225926e+00	1.278747e+00	1.324295e+00	1.362211e+00	1.407050e+00	1.452148e+00	1.504673e+00	1.572945e+00	1.749513e+00	1.602985e+00	-3.499183e-01	
2  12.4527	-9.938645e-01	-5.941028e-02	4.989529e-02	6.275924e-01	9.844816e-01	8.057601e-01	2.525826e+00	1.025046e-01	3.176703e-01	1.103085e+00	1.224674e+00	1.277726e+00	1.323060e+00	1.360834e+00	1.406386e+00	1.451347e+00	1.504956e+00	1.572393e+00	1.749928e+00	1.622594e+00	-3.639965e-01	
6  11.6169	-9.845194e-01	-1.078691e-01	5.083847e-02	6.241435e-01	9.887233e-01	8.030000e-01	2.461386e+00	1.219098e-01	3.190451e-01	1.104538e+00	1.226912e+00	1.280491e+00	1.325014e+00	1.364144e+00	1.409134e+00	1.454632e+00	1.508109e+00	1.575852e+00	1.754480e+00	1.707036e+00	-4.106855e-01	
3  11.2326	-9.863665e-01	-8.666441e-02	5.051381e-02	6.398860e-01	9.840348e-01	8.047540e-01	2.781071e+00	1.062650e-01	3.179404e-01	1.103517e+00	1.225550e+00	1.278036e+00	1.323551e+00	1.361917e+00	1.407007e+00	1.452992e+00	1.505225e+00	1.573833e+00	1.752230e+00	1.602412e+00	-3.462143e-01	
1  11.4023	-1.030283e+00	8.094074e-02	5.265778e-02	6.571418e-01	9.792365e-01	8.098291e-01	2.667852e+00	7.799229e-02	3.134579e-01	1.102462e+00	1.224090e+00	1.276221e+00	1.322149e+00	1.359694e+00	1.403611e+00	1.449501e+00	1.500768e+00	1.568711e+00	1.746012e+00	1.615385e+00	-3.512155e-01	
3  10.0276	-1.045268e+00	1.175306e-01	5.308387e-02	6.603526e-01	9.781170e-01	8.135723e-01	2.519961e+00	3.051858e-02	3.104569e-01	1.102959e+00	1.225611e+00	1.277580e+00	1.324704e+00	1.362725e+00	1.406247e+00	1.453103e+00	1.504475e+00	1.571619e+00	1.748863e+00	1.689067e+00	-3.974277e-01	
6  9.87693	-1.021552e+00	2.489953e-02	5.192098e-02	6.719795e-01	9.758436e-01	8.102947e-01	2.945514e+00	5.002105e-02	3.133060e-01	1.104776e+00	1.226626e+00	1.278235e+00	1.326629e+00	1.364594e+00	1.408070e+00	1.453765e+00	1.506858e+00	1.574027e+00	1.750854e+00	1.762148e+00	-4.461520e-01	
16  9.6685	-1.023823e+00	1.739792e-02	5.216056e-02	6.617393e-01	9.790304e-01	8.106050e-01	2.724443e+00	4.781265e-02	3.128426e-01	1.105172e+00	1.227242e+00	1.278713e+00	1.327170e+00	1.366139e+00	1.410051e+00	1.455663e+00	1.508271e+00	1.576266e+00	1.752235e+00	1.688207e+00	-3.907650e-01	
3  7.99677	-1.015619e+00	1.087889e-02	5.137756e-02	6.632068e-01	9.744435e-01	8.099749e-01	2.790028e+00	5.306910e-02	3.137856e-01	1.104590e+00	1.225989e+00	1.277085e+00	1.325778e+00	1.363588e+00	1.407449e+00	1.453474e+00	1.504902e+00	1.575057e+00	1.750268e+00	1.661622e+00	-3.740344e-01	
4  12.4301	-1.001599e+00	-2.904532e-02	5.118913e-02	6.650473e-01	9.738605e-01	8.108279e-01	2.931140e+00	2.543732e-02	3.142286e-01	1.104077e+00	1.225727e+00	1.276592e+00	1.326030e+00	1.363503e+00	1.408769e+00	1.453241e+00	1.505338e+00	1.575186e+00	1.751701e+00	1.464814e+00	-2.522935e-01	
8  10.8885	-9.904515e-01	-9.582811e-02	5.067020e-02	6.534817e-01	9.805606e-01	8.089301e-01	2.895749e+00	3.269666e-02	3.153645e-01	1.105581e+00	1.227742e+00	1.279102e+00	1.328772e+00	1.368189e+00	1.412303e+00	1.457742e+00	1.510086e+00	1.580886e+00	1.757078e+00	1.527978e+00	-2.927910e-01	
3  7.549	-9.952421e-01	-8.033702e-02	4.783750e-02	6.654697e-01	9.716290e-01	8.086013e-01	3.139665e+00	5.709744e-02	3.154624e-01	1.104453e+00	1.225594e+00	1.277370e+00	1.324955e+00	1.366925e+00	1.408894e+00	1.453549e+00	1.506801e+00	1.577407e+00	1.753321e+00	1.674457e+00	-3.856401e-01	
4  7.67387	-9.965837e-01	-1.027579e-01	4.680256e-02	6.462348e-01	9.781754e-01	8.062382e-01	2.934278e+00	8.953377e-02	3.164716e-01	1.105715e+00	1.227164e+00	1.279204e+00	1.327203e+00	1.369546e+00	1.411491e+00	1.456445e+00	1.509693e+00	1.580426e+00	1.756328e+00	1.752626e+00	-4.335798e-01	
5  8.12796	-1.024604e+00	3.651355e-02	4.702826e-02	6.936115e-01	9.628173e-01	8.100558e-01	3.630046e+00	6.422000e-02	3.135162e-01	1.104559e+00	1.225775e+00	1.278174e+00	1.324259e+00	1.366295e+00	1.406074e+00	1.450609e+00	1.504404e+00	1.573540e+00	1.749678e+00	1.597249e+00	-3.406800e-01	
8  5.7489	-1.027744e+00	8.973181e-02	5.042321e-02	7.017031e-01	9.573211e-01	8.136435e-01	3.228324e+00	4.052077e-02	3.116351e-01	1.100028e+00	1.220703e+00	1.271014e+00	1.318152e+00	1.359107e+00	1.398062e+00	1.443587e+00	1.495384e+00	1.564081e+00	1.739513e+00	1.748847e+00	-4.309880e-01	
7  5.3749	-1.010306e+00	2.216392e-02	5.344285e-02	7.018293e-01	9.586023e-01	8.097029e-01	3.047951e+00	7.405906e-02	3.146627e-01	1.102017e+00	1.222701e+00	1.273787e+00	1.320392e+00	1.360007e+00	1.401624e+00	1.444237e+00	1.498279e+00	1.567410e+00	1.744301e+00	1.725781e+00	-4.214129e-01	
3  4.79916	-9.983452e-01	-9.144358e-03	5.354827e-02	6.959754e-01	9.602644e-01	8.085358e-01	3.025108e+00	8.322159e-02	3.160034e-01	1.101420e+00	1.221310e+00	1.272593e+00	1.318212e+00	1.357911e+00	1.400562e+00	1.443373e+00	1.496827e+00	1.566152e+00	1.743510e+00	1.705844e+00	-4.082523e-01	
17  5.20588	-9.745949e-01	-1.067767e-01	5.311236e-02	6.768034e-01	9.674148e-01	8.069147e-01	2.856999e+00	7.655721e-02	3.174618e-01	1.102662e+00	1.222120e+00	1.274399e+00	1.320142e+00	1.360093e+00	1.404571e+00	1.446400e+00	1.500667e+00	1.571090e+00	1.748749e+00	1.695411e+00	-4.043852e-01	
7  4.79506	-9.901096e-01	-5.115250e-02	5.278565e-02	6.909244e-01	9.634199e-01	8.100270e-01	3.053760e+00	5.355741e-02	3.148242e-01	1.101015e+00	1.221335e+00	1.273680e+00	1.319160e+00	1.358649e+00	1.402740e+00	1.445867e+00	1.497959e+00	1.567827e+00	1.747166e+00	1.656962e+00	-3.740825e-01	
7  4.4657	-9.660220e-01	-1.507972e-01	5.300563e-02	6.654624e-01	9.726535e-01	8.078884e-01	2.718479e+00	4.978753e-02	3.167051e-01	1.101970e+00	1.222471e+00	1.276568e+00	1.320427e+00	1.363256e+00	1.404745e+00	1.451384e+00	1.501707e+00	1.573128e+00	1.753623e+00	1.657853e+00	-3.767306e-01	
38  6.94558	-9.658291e-01	-1.647204e-01	5.254956e-02	6.627741e-01	9.730980e-01	8.069170e-01	2.688094e+00	6.712007e-02	3.173846e-01	1.101991e+00	1.223016e+00	1.276445e+00	1.320142e+00	1.364043e+00	1.405212e+00	1.451373e+00	1.501145e+00	1.572043e+00	1.753154e+00	1.668964e+00	-3.854557e-01	
24  7.50803	-9.837563e-01	-1.190710e-01	5.099447e-02	6.732203e-01	9.712821e-01	8.062260e-01	2.949872e+00	8.645988e-02	3.166916e-01	1.103564e+00	1.225239e+00	1.279875e+00	1.322002e+00	1.366420e+00	1.406492e+00	1.454150e+00	1.502382e+00	1.574281e+00	1.754710e+00	1.620600e+00	-3.581815e-01	
7  9.81007	-9.874939e-01	-1.309995e-01	4.910473e-02	6.537550e-01	9.780585e-01	8.045831e-01	2.832579e+00	1.100984e-01	3.176398e-01	1.104538e+00	1.226015e+00	1.282102e+00	1.324254e+00	1.368898e+00	1.408571e+00	1.457822e+00	1.503841e+00	1.577221e+00	1.755758e+00	1.581909e+00	-3.250121e-01	
15  10.4651	-1.001094e+00	-9.369938e-02	4.974765e-02	6.490503e-01	9.819554e-01	8.058352e-01	2.668206e+00	9.661461e-02	3.159582e-01	1.105061e+00	1.227538e+00	1.282673e+00	1.326789e+00	1.370526e+00	1.410571e+00	1.459447e+00	1.505883e+00	1.579452e+00	1.757644e+00	1.627210e+00	-3.559880e-01	
1  9.09036	-9.614185e-01	-2.153496e-01	4.918595e-02	6.441841e-01	9.818712e-01	8.023536e-01	2.746112e+00	1.110511e-01	3.196590e-01	1.104542e+00	1.225520e+00	1.281238e+00	1.325114e+00	1.369398e+00	1.409536e+00	1.458957e+00	1.505304e+00	1.580146e+00	1.756224e+00	1.755914e+00	-4.422315e-01	
8  8.7666	-9.749530e-01	-1.395906e-01	5.233766e-02	6.588454e-01	9.762732e-01	8.045516e-01	2.603599e+00	9.505806e-02	3.183303e-01	1.103921e+00	1.224663e+00	1.279479e+00	1.322409e+00	1.366057e+00	1.407208e+00	1.454131e+00	1.502180e+00	1.576505e+00	1.752250e+00	1.687832e+00	-3.951128e-01	
