4  4.83594	-9.928301e-01	-4.617992e-02	5.130848e-02	6.715690e-01	9.687008e-01	8.070211e-01	2.811216e+00	8.687885e-02	3.162843e-01	1.101612e+00	1.221561e+00	1.275100e+00	1.321519e+00	1.360739e+00	1.401762e+00	1.447868e+00	1.500224e+00	1.569498e+00	1.747346e+00	1.629639e+00	-3.538326e-01	
5  6.36969	-1.000587e+00	-5.735415e-03	5.024993e-02	6.723936e-01	9.650369e-01	8.079211e-01	2.845617e+00	8.788917e-02	3.161447e-01	1.101309e+00	1.220240e+00	1.273602e+00	1.319732e+00	1.358814e+00	1.399046e+00	1.445300e+00	1.497468e+00	1.566652e+00	1.743879e+00	1.673804e+00	-3.804210e-01	
5  7.28483	-9.841500e-01	-4.317243e-02	5.027129e-02	6.631155e-01	9.659608e-01	8.075502e-01	2.716770e+00	7.690614e-02	3.170193e-01	1.100593e+00	1.218294e+00	1.272346e+00	1.317538e+00	1.357140e+00	1.397137e+00	1.443648e+00	1.495444e+00	1.565377e+00	1.742356e+00	1.687246e+00	-3.849355e-01	
4  6.80829	-9.869144e-01	-2.076434e-02	5.008065e-02	6.748321e-01	9.617936e-01	8.088593e-01	2.911394e+00	7.042119e-02	3.162660e-01	1.099110e+00	1.217618e+00	1.269729e+00	1.315596e+00	1.354778e+00	1.394628e+00	1.442261e+00	1.491129e+00	1.562815e+00	1.739541e+00	1.675894e+00	-3.667901e-01	
1  6.17434	-9.729241e-01	-1.104011e-01	5.053346e-02	6.650950e-01	9.700042e-01	8.071053e-01	2.908441e+00	7.527697e-02	3.175278e-01	1.101160e+00	1.221355e+00	1.273851e+00	1.319195e+00	1.360255e+00	1.399757e+00	1.448200e+00	1.498520e+00	1.570051e+00	1.747019e+00	1.669644e+00	-3.651988e-01	
3  5.83969	-9.634436e-01	-1.438210e-01	5.087926e-02	6.572615e-01	9.714193e-01	8.058824e-01	2.756263e+00	6.831742e-02	3.186047e-01	1.102782e+00	1.223293e+00	1.276701e+00	1.320263e+00	1.362656e+00	1.401936e+00	1.450469e+00	1.501271e+00	1.572446e+00	1.750257e+00	1.575369e+00	-3.229011e-01	
19  4.40126	-9.761676e-01	-1.534996e-01	4.966431e-02	6.414256e-01	9.802975e-01	8.058337e-01	2.641941e+00	7.902517e-02	3.174179e-01	1.103665e+00	1.226289e+00	1.279021e+00	1.324561e+00	1.367467e+00	1.406781e+00	1.456485e+00	1.506303e+00	1.578510e+00	1.757500e+00	1.633348e+00	-3.576027e-01	
4  4.13201	-9.673905e-01	-1.793053e-01	4.866575e-02	6.414152e-01	9.780677e-01	8.059529e-01	2.705461e+00	8.680143e-02	3.175204e-01	1.101560e+00	1.223769e+00	1.276909e+00	1.322082e+00	1.363745e+00	1.405225e+00	1.453438e+00	1.504187e+00	1.575275e+00	1.754759e+00	1.641424e+00	-3.591780e-01	
4  4.76269	-9.778465e-01	-4.391086e-02	4.905836e-02	6.668625e-01	9.612901e-01	8.100720e-01	2.789002e+00	6.794723e-02	3.156728e-01	1.096025e+00	1.213668e+00	1.266132e+00	1.308412e+00	1.350836e+00	1.391158e+00	1.437163e+00	1.488819e+00	1.557310e+00	1.735240e+00	1.687256e+00	-3.827304e-01	
1  4.51568	-9.888452e-01	-1.942136e-02	4.961204e-02	6.689888e-01	9.649494e-01	8.099790e-01	2.827259e+00	7.609959e-02	3.149893e-01	1.097046e+00	1.214413e+00	1.267049e+00	1.310603e+00	1.352110e+00	1.393795e+00	1.438632e+00	1.490569e+00	1.559440e+00	1.736457e+00	1.790025e+00	-4.488614e-01	
1  4.64212	-9.880222e-01	-2.822724e-02	4.872923e-02	6.789150e-01	9.636435e-01	8.102913e-01	3.146706e+00	7.350521e-02	3.147262e-01	1.096909e+00	1.214889e+00	1.267746e+00	1.310810e+00	1.352148e+00	1.394299e+00	1.438197e+00	1.491666e+00	1.560021e+00	1.737463e+00	1.881777e+00	-5.040853e-01	
1  4.6526	-9.980336e-01	1.477889e-03	4.987086e-02	6.739862e-01	9.642987e-01	8.103910e-01	2.939058e+00	6.891497e-02	3.146258e-01	1.099161e+00	1.217448e+00	1.270545e+00	1.313479e+00	1.355080e+00	1.395331e+00	1.441794e+00	1.492696e+00	1.562862e+00	1.739019e+00	1.865371e+00	-4.916938e-01	
5  4.5639	-1.014421e+00	7.846163e-02	4.937036e-02	6.907209e-01	9.597235e-01	8.129304e-01	3.262852e+00	4.083963e-02	3.127976e-01	1.098857e+00	1.218103e+00	1.269855e+00	1.312556e+00	1.353936e+00	1.394095e+00	1.439856e+00	1.490989e+00	1.560996e+00	1.737390e+00	1.859441e+00	-4.900326e-01	
24  4.19562	-1.009071e+00	5.784450e-02	5.084211e-02	6.929484e-01	9.596738e-01	8.112393e-01	3.177972e+00	4.930408e-02	3.139642e-01	1.100302e+00	1.219940e+00	1.271698e+00	1.314385e+00	1.356801e+00	1.396285e+00	1.441533e+00	1.493441e+00	1.563677e+00	1.740006e+00	1.757416e+00	-4.351952e-01	
6  9.51356	-1.004822e+00	5.480381e-02	5.222122e-02	6.776290e-01	9.630824e-01	8.122341e-01	2.829307e+00	1.946696e-02	3.140023e-01	1.100872e+00	1.220371e+00	1.271748e+00	1.314756e+00	1.356822e+00	1.397829e+00	1.441560e+00	1.496584e+00	1.564848e+00	1.742169e+00	1.764548e+00	-4.460925e-01	
46  6.71614	-9.784358e-01	-1.161213e-02	5.243963e-02	6.820082e-01	9.597563e-01	8.106664e-01	2.895792e+00	2.635451e-02	3.160373e-01	1.099022e+00	1.217621e+00	1.268997e+00	1.311224e+00	1.353136e+00	1.394410e+00	1.437756e+00	1.493580e+00	1.561415e+00	1.739811e+00	1.796999e+00	-4.686235e-01	
4  7.22787	-9.873374e-01	-3.061381e-03	5.341974e-02	6.737950e-01	9.651524e-01	8.102092e-01	2.646196e+00	4.642699e-02	3.153200e-01	1.099339e+00	1.217960e+00	1.270176e+00	1.311732e+00	1.354802e+00	1.395144e+00	1.440310e+00	1.494340e+00	1.561981e+00	1.739405e+00	1.802957e+00	-4.638043e-01	
1  7.67238	-9.972415e-01	1.745344e-02	5.252949e-02	6.616288e-01	9.700970e-01	8.106442e-01	2.571330e+00	4.207827e-02	3.145633e-01	1.099862e+00	1.220133e+00	1.271822e+00	1.313189e+00	1.357231e+00	1.397037e+00	1.442856e+00	1.497202e+00	1.563848e+00	1.741825e+00	1.762297e+00	-4.364299e-01	
12  7.65367	-9.821252e-01	-3.583288e-02	5.231863e-02	6.702887e-01	9.675887e-01	8.085696e-01	2.782384e+00	5.718933e-02	3.163906e-01	1.100514e+00	1.220361e+00	1.272438e+00	1.313742e+00	1.358246e+00	1.397867e+00	1.442881e+00	1.497902e+00	1.564096e+00	1.743190e+00	1.655714e+00	-3.827740e-01	
4  8.6713	-1.015934e+00	8.779055e-02	5.112675e-02	6.844666e-01	9.634779e-01	8.135311e-01	3.032760e+00	4.033879e-02	3.122128e-01	1.096834e+00	1.217164e+00	1.268004e+00	1.309680e+00	1.354064e+00	1.393258e+00	1.436250e+00	1.492560e+00	1.557363e+00	1.735587e+00	1.590992e+00	-3.279239e-01	
1  8.41664	-9.966402e-01	1.109083e-02	5.148659e-02	6.781629e-01	9.658885e-01	8.105271e-01	2.975569e+00	6.716378e-02	3.146806e-01	1.097367e+00	1.217938e+00	1.269315e+00	1.310285e+00	1.355584e+00	1.395124e+00	1.438107e+00	1.493625e+00	1.559433e+00	1.739890e+00	1.586279e+00	-3.291967e-01	
6  6.99858	-9.846843e-01	-2.323903e-02	5.030226e-02	6.832305e-01	9.636331e-01	8.115484e-01	3.176618e+00	4.590498e-02	3.143651e-01	1.096034e+00	1.215656e+00	1.268195e+00	1.309404e+00	1.354117e+00	1.393551e+00	1.436196e+00	1.492937e+00	1.558704e+00	1.739613e+00	1.592848e+00	-3.306927e-01	
2  6.68894	-9.997849e-01	3.451179e-02	5.096848e-02	7.036962e-01	9.596041e-01	8.123875e-01	3.438962e+00	5.574329e-02	3.133506e-01	1.095218e+00	1.214625e+00	1.266615e+00	1.308229e+00	1.351883e+00	1.391305e+00	1.434228e+00	1.489715e+00	1.555757e+00	1.735313e+00	1.694176e+00	-3.914127e-01	
1  7.37933	-1.005060e+00	4.747925e-02	5.070397e-02	6.930154e-01	9.641740e-01	8.122526e-01	3.347865e+00	5.520191e-02	3.132269e-01	1.095749e+00	1.215636e+00	1.268041e+00	1.309624e+00	1.353482e+00	1.393139e+00	1.436331e+00	1.491299e+00	1.557324e+00	1.737066e+00	1.785953e+00	-4.375159e-01	
3  7.68054	-9.899991e-01	-4.114886e-02	5.007016e-02	6.623630e-01	9.748822e-01	8.086424e-01	3.035082e+00	7.798706e-02	3.155986e-01	1.098595e+00	1.219329e+00	1.272491e+00	1.315028e+00	1.358559e+00	1.399252e+00	1.441859e+00	1.499944e+00	1.564276e+00	1.745339e+00	1.762855e+00	-4.319871e-01	
2  6.79869	-9.943365e-01	-3.549576e-02	5.124700e-02	6.639158e-01	9.742708e-01	8.095316e-01	2.873587e+00	6.881496e-02	3.148615e-01	1.098623e+00	1.219770e+00	1.272136e+00	1.316267e+00	1.359171e+00	1.401828e+00	1.441905e+00	1.500455e+00	1.566121e+00	1.746433e+00	1.689215e+00	-3.962962e-01	
1  8.32863	-1.014021e+00	1.111326e-02	4.950783e-02	6.690471e-01	9.728589e-01	8.087534e-01	3.088523e+00	1.155064e-01	3.142166e-01	1.099121e+00	1.219850e+00	1.272894e+00	1.316787e+00	1.360088e+00	1.401017e+00	1.442465e+00	1.499874e+00	1.565778e+00	1.744137e+00	1.596431e+00	-3.339143e-01	
4  8.20461	-9.990224e-01	-3.798109e-02	4.799380e-02	6.669460e-01	9.710153e-01	8.083678e-01	3.211872e+00	1.112176e-01	3.151906e-01	1.099004e+00	1.218966e+00	1.273077e+00	1.315832e+00	1.359548e+00	1.400757e+00	1.441864e+00	1.499502e+00	1.565561e+00	1.742854e+00	1.672856e+00	-3.910692e-01	
10  7.98328	-1.012283e+00	2.965987e-02	4.836376e-02	6.755985e-01	9.661489e-01	8.106961e-01	3.142214e+00	9.433225e-02	3.132422e-01	1.097202e+00	1.216511e+00	1.270660e+00	1.312976e+00	1.357158e+00	1.397401e+00	1.438112e+00	1.494769e+00	1.561309e+00	1.737796e+00	1.674842e+00	-3.863477e-01	
9  9.28308	-1.020096e+00	9.772901e-02	4.778830e-02	7.033089e-01	9.566108e-01	8.146014e-01	3.596949e+00	4.889489e-02	3.107523e-01	1.094222e+00	1.213272e+00	1.266650e+00	1.309654e+00	1.351462e+00	1.393616e+00	1.432672e+00	1.488876e+00	1.556269e+00	1.731401e+00	1.681430e+00	-3.892127e-01	
2  10.0575	-9.800345e-01	-2.236146e-02	4.898217e-02	6.882367e-01	9.597715e-01	8.119411e-01	3.328807e+00	3.397465e-02	3.140306e-01	1.095256e+00	1.214290e+00	1.266753e+00	1.310952e+00	1.351549e+00	1.395978e+00	1.434051e+00	1.490050e+00	1.558909e+00	1.735137e+00	1.660105e+00	-3.945543e-01	
6  15.3646	-9.763405e-01	-4.891519e-02	4.844548e-02	6.919878e-01	9.613348e-01	8.118996e-01	3.533993e+00	3.655242e-02	3.136857e-01	1.094945e+00	1.214931e+00	1.266574e+00	1.313295e+00	1.351468e+00	1.397599e+00	1.435389e+00	1.492427e+00	1.560335e+00	1.738034e+00	1.706600e+00	-4.185278e-01	
2  16.1431	-9.909440e-01	1.599442e-02	4.934924e-02	7.114119e-01	9.527383e-01	8.138531e-01	3.604545e+00	4.315738e-02	3.121944e-01	1.092843e+00	1.212146e+00	1.263317e+00	1.310025e+00	1.346731e+00	1.392001e+00	1.430106e+00	1.486953e+00	1.554073e+00	1.729659e+00	1.660534e+00	-3.792919e-01	
3  15.7457	-9.944761e-01	-3.665952e-03	4.971798e-02	6.933532e-01	9.622667e-01	8.131465e-01	3.351220e+00	4.803149e-02	3.119217e-01	1.094002e+00	1.214951e+00	1.265750e+00	1.312747e+00	1.350392e+00	1.394999e+00	1.434829e+00	1.491260e+00	1.558173e+00	1.733754e+00	1.802034e+00	-4.624747e-01	
6  16.169	-9.927860e-01	-9.580103e-03	4.907999e-02	6.939835e-01	9.596243e-01	8.133294e-01	3.391633e+00	5.299274e-02	3.121691e-01	1.094088e+00	1.214106e+00	1.265012e+00	1.311182e+00	1.349439e+00	1.393699e+00	1.432710e+00	1.489900e+00	1.557309e+00	1.732206e+00	1.796626e+00	-4.570701e-01	
2  16.8395	-9.794702e-01	-6.071272e-02	5.004832e-02	6.815185e-01	9.643543e-01	8.115358e-01	3.128995e+00	6.260171e-02	3.138672e-01	1.094495e+00	1.214243e+00	1.265466e+00	1.311849e+00	1.350139e+00	1.394817e+00	1.432723e+00	1.491710e+00	1.559327e+00	1.733007e+00	1.791630e+00	-4.589816e-01	
12  15.9346	-9.710074e-01	-4.033247e-02	5.120065e-02	6.957415e-01	9.561823e-01	8.130282e-01	3.162280e+00	3.569152e-02	3.137424e-01	1.092802e+00	1.210478e+00	1.262147e+00	1.306079e+00	1.347097e+00	1.388951e+00	1.427966e+00	1.486076e+00	1.553868e+00	1.727031e+00	1.740726e+00	-4.214817e-01	
1  15.4275	-9.590694e-01	-9.402865e-02	5.184473e-02	6.893976e-01	9.590658e-01	8.110533e-01	2.998501e+00	5.300149e-02	3.152236e-01	1.093619e+00	1.211366e+00	1.262763e+00	1.306372e+00	1.348998e+00	1.389804e+00	1.429645e+00	1.486866e+00	1.555626e+00	1.730872e+00	1.682898e+00	-3.943144e-01	
2  14.8029	-9.693940e-01	-6.770663e-02	5.007604e-02	6.871071e-01	9.593726e-01	8.107365e-01	3.131209e+00	6.742146e-02	3.149611e-01	1.094040e+00	1.211745e+00	1.263780e+00	1.306558e+00	1.350626e+00	1.390725e+00	1.429168e+00	1.488067e+00	1.555792e+00	1.732326e+00	1.726649e+00	-4.079259e-01	
5  14.7958	-9.636162e-01	-6.474652e-02	5.061529e-02	6.888703e-01	9.558861e-01	8.109298e-01	3.091215e+00	4.802972e-02	3.155499e-01	1.094120e+00	1.211814e+00	1.263835e+00	1.307588e+00	1.349530e+00	1.388931e+00	1.428623e+00	1.488252e+00	1.555151e+00	1.731616e+00	1.632051e+00	-3.472002e-01	
6  14.4612	-9.821523e-01	1.876484e-02	4.867840e-02	7.024802e-01	9.494866e-01	8.134624e-01	3.413387e+00	4.428496e-02	3.137612e-01	1.091927e+00	1.208872e+00	1.261300e+00	1.303137e+00	1.345905e+00	1.385142e+00	1.423765e+00	1.482666e+00	1.548755e+00	1.725659e+00	1.603342e+00	-3.228481e-01	
4  15.8926	-9.841060e-01	9.276300e-03	4.787398e-02	7.113485e-01	9.483996e-01	8.122692e-01	3.707441e+00	7.159677e-02	3.143615e-01	1.093103e+00	1.210228e+00	1.261946e+00	1.304451e+00	1.347140e+00	1.385935e+00	1.425362e+00	1.483607e+00	1.549754e+00	1.727474e+00	1.578416e+00	-3.065256e-01	
3  17.5309	-9.824174e-01	-1.765340e-02	4.830608e-02	7.060525e-01	9.518186e-01	8.113668e-01	3.601352e+00	7.850382e-02	3.144606e-01	1.093893e+00	1.211959e+00	1.264190e+00	1.307389e+00	1.349819e+00	1.387755e+00	1.428787e+00	1.485697e+00	1.552038e+00	1.729394e+00	1.475210e+00	-2.418561e-01	
6  17.2991	-9.775057e-01	-2.983563e-02	4.871871e-02	7.056498e-01	9.519107e-01	8.104199e-01	3.582906e+00	8.090254e-02	3.152917e-01	1.094593e+00	1.212316e+00	1.266116e+00	1.308274e+00	1.349250e+00	1.389245e+00	1.429915e+00	1.485754e+00	1.553286e+00	1.729779e+00	1.591873e+00	-3.114177e-01	
1  13.5517	-9.743498e-01	-4.348975e-02	5.125434e-02	6.964678e-01	9.544687e-01	8.104960e-01	3.162192e+00	5.947759e-02	3.155016e-01	1.096566e+00	1.214215e+00	1.267298e+00	1.310564e+00	1.352145e+00	1.391591e+00	1.433151e+00	1.488740e+00	1.556852e+00	1.733536e+00	1.526559e+00	-2.801207e-01	
4  12.6766	-9.737148e-01	-7.494526e-02	5.068922e-02	6.942339e-01	9.569026e-01	8.081409e-01	3.211540e+00	9.124863e-02	3.166890e-01	1.098597e+00	1.216405e+00	1.270072e+00	1.313167e+00	1.355227e+00	1.396166e+00	1.435554e+00	1.492545e+00	1.561155e+00	1.737065e+00	1.637946e+00	-3.566995e-01	
8  12.5323	-9.752446e-01	-9.807640e-02	5.143176e-02	6.821488e-01	9.635792e-01	8.067441e-01	2.979257e+00	9.732111e-02	3.168790e-01	1.100796e+00	1.219286e+00	1.272825e+00	1.317247e+00	1.359875e+00	1.399732e+00	1.441574e+00	1.497757e+00	1.566912e+00	1.741250e+00	1.641854e+00	-3.498125e-01	
24  11.6397	-9.819055e-01	-8.115870e-02	5.051228e-02	6.714967e-01	9.672935e-01	8.070553e-01	2.899189e+00	9.138536e-02	3.163158e-01	1.100598e+00	1.220133e+00	1.274058e+00	1.319229e+00	1.361132e+00	1.402036e+00	1.442980e+00	1.498288e+00	1.568711e+00	1.741944e+00	1.644948e+00	-3.506666e-01	
4  12.1568	-9.932441e-01	-5.949849e-02	5.318469e-02	6.674484e-01	9.700772e-01	8.061166e-01	2.501053e+00	1.084789e-01	3.162344e-01	1.102067e+00	1.222378e+00	1.274571e+00	1.322275e+00	1.363008e+00	1.405062e+00	1.445574e+00	1.501382e+00	1.571017e+00	1.744698e+00	1.622328e+00	-3.428919e-01	
7  11.0466	-9.937808e-01	-1.157031e-02	5.391194e-02	6.806477e-01	9.641360e-01	8.097142e-01	2.612789e+00	5.997937e-02	3.146557e-01	1.099245e+00	1.219249e+00	1.270558e+00	1.317212e+00	1.359162e+00	1.398092e+00	1.440254e+00	1.496138e+00	1.564693e+00	1.739441e+00	1.550075e+00	-2.927531e-01	
5  10.9843	-1.029023e+00	1.473884e-01	5.028269e-02	7.161841e-01	9.477056e-01	8.140066e-01	3.334821e+00	7.114626e-02	3.115311e-01	1.095316e+00	1.214335e+00	1.264757e+00	1.309931e+00	1.349891e+00	1.391080e+00	1.429867e+00	1.485740e+00	1.553204e+00	1.727360e+00	1.647203e+00	-3.556484e-01	
1  11.3312	-1.032278e+00	1.357171e-01	5.096951e-02	7.154061e-01	9.513932e-01	8.122357e-01	3.273221e+00	9.339402e-02	3.120933e-01	1.097008e+00	1.215946e+00	1.267757e+00	1.312390e+00	1.352791e+00	1.393623e+00	1.431808e+00	1.489198e+00	1.556227e+00	1.731079e+00	1.631133e+00	-3.469206e-01	
1  11.9478	-1.026088e+00	1.119759e-01	5.040602e-02	7.027085e-01	9.545622e-01	8.110929e-01	3.137107e+00	9.558500e-02	3.131088e-01	1.097544e+00	1.216982e+00	1.269626e+00	1.313092e+00	1.353218e+00	1.395643e+00	1.432421e+00	1.490600e+00	1.556971e+00	1.731727e+00	1.546456e+00	-3.028301e-01	
9  10.3372	-9.967676e-01	-5.772539e-03	5.130602e-02	6.989563e-01	9.576665e-01	8.073483e-01	3.142971e+00	1.091729e-01	3.162254e-01	1.099861e+00	1.218859e+00	1.272321e+00	1.316718e+00	1.356404e+00	1.399453e+00	1.436780e+00	1.495758e+00	1.563297e+00	1.737676e+00	1.586068e+00	-3.319473e-01	
30  9.74747	-1.012029e+00	5.923489e-02	5.282038e-02	7.035950e-01	9.560747e-01	8.098722e-01	2.935535e+00	9.629862e-02	3.139510e-01	1.097618e+00	1.217023e+00	1.269655e+00	1.313903e+00	1.353733e+00	1.396169e+00	1.433532e+00	1.491173e+00	1.559543e+00	1.732658e+00	1.687611e+00	-3.789194e-01	
1  9.82426	-1.047602e+00	1.644604e-01	5.101170e-02	6.922517e-01	9.589710e-01	8.140408e-01	2.814040e+00	8.429200e-02	3.097558e-01	1.095563e+00	1.216383e+00	1.269477e+00	1.312506e+00	1.352438e+00	1.394228e+00	1.434924e+00	1.489638e+00	1.557311e+00	1.731422e+00	1.702339e+00	-3.747317e-01	
1  10.994	-1.034083e+00	9.636293e-02	4.968022e-02	6.720143e-01	9.688304e-01	8.132481e-01	2.795776e+00	8.435770e-02	3.103782e-01	1.095043e+00	1.216913e+00	1.269621e+00	1.313319e+00	1.354386e+00	1.395352e+00	1.437412e+00	1.492244e+00	1.560086e+00	1.734689e+00	1.773400e+00	-4.270382e-01	
1  13.7762	-1.031703e+00	8.980776e-02	4.999977e-02	6.732417e-01	9.702797e-01	8.137977e-01	2.861611e+00	7.905149e-02	3.102482e-01	1.094296e+00	1.216195e+00	1.268067e+00	1.312528e+00	1.352739e+00	1.394780e+00	1.435486e+00	1.492346e+00	1.558659e+00	1.734482e+00	1.951799e+00	-5.364019e-01	
9  14.3066	-1.023228e+00	5.061170e-02	5.106133e-02	6.751823e-01	9.715809e-01	8.130099e-01	2.871133e+00	6.784465e-02	3.110167e-01	1.095637e+00	1.218725e+00	1.270098e+00	1.314980e+00	1.355965e+00	1.398079e+00	1.438200e+00	1.495710e+00	1.562885e+00	1.738967e+00	1.968983e+00	-5.526308e-01	
3  12.7776	-1.009524e+00	-4.656928e-03	5.214841e-02	6.695791e-01	9.729148e-01	8.124876e-01	2.696028e+00	6.234542e-02	3.116187e-01	1.096253e+00	1.218776e+00	1.270789e+00	1.314953e+00	1.358184e+00	1.399032e+00	1.440197e+00	1.498749e+00	1.564840e+00	1.742774e+00	1.933501e+00	-5.339825e-01	
4  13.3641	-9.959626e-01	-3.156605e-02	5.363758e-02	6.916788e-01	9.677584e-01	8.114955e-01	2.929373e+00	6.227492e-02	3.125301e-01	1.095935e+00	1.217876e+00	1.270393e+00	1.313201e+00	1.356167e+00	1.396653e+00	1.439303e+00	1.496046e+00	1.563700e+00	1.742776e+00	1.848297e+00	-4.913542e-01	
4  13.2004	-9.518055e-01	-2.290625e-01	5.477137e-02	6.559019e-01	9.831159e-01	8.067941e-01	2.569496e+00	6.037954e-02	3.167145e-01	1.099763e+00	1.222923e+00	1.276970e+00	1.319922e+00	1.365560e+00	1.406211e+00	1.450009e+00	1.508152e+00	1.575938e+00	1.757570e+00	1.760621e+00	-4.358736e-01	
3  15.0418	-9.618273e-01	-1.903303e-01	5.413252e-02	6.730639e-01	9.752333e-01	8.064208e-01	2.827582e+00	8.147530e-02	3.167687e-01	1.100168e+00	1.223065e+00	1.276616e+00	1.319028e+00	1.364752e+00	1.402922e+00	1.448597e+00	1.506239e+00	1.574544e+00	1.755007e+00	1.622360e+00	-3.484080e-01	
3  21.8864	-9.529311e-01	-2.201915e-01	5.319005e-02	6.615680e-01	9.771567e-01	8.034527e-01	2.720955e+00	1.078033e-01	3.189144e-01	1.101178e+00	1.224951e+00	1.278328e+00	1.319265e+00	1.365433e+00	1.403497e+00	1.449672e+00	1.507020e+00	1.575895e+00	1.756457e+00	1.504471e+00	-2.889890e-01	
4  21.449	-9.386081e-01	-2.532686e-01	5.417441e-02	6.707408e-01	9.737994e-01	8.031535e-01	2.766270e+00	1.066808e-01	3.195851e-01	1.099884e+00	1.222003e+00	1.275518e+00	1.317013e+00	1.362534e+00	1.401257e+00	1.446014e+00	1.504177e+00	1.574055e+00	1.753113e+00	1.535903e+00	-3.020763e-01	
2  20.9275	-9.523025e-01	-2.287623e-01	5.112375e-02	6.587110e-01	9.796138e-01	8.052720e-01	2.967906e+00	9.592683e-02	3.177052e-01	1.099369e+00	1.221618e+00	1.275476e+00	1.317875e+00	1.362982e+00	1.402435e+00	1.447000e+00	1.505537e+00	1.576178e+00	1.754035e+00	1.552756e+00	-3.249513e-01	
6  16.5685	-9.687165e-01	-1.569477e-01	4.924831e-02	6.727718e-01	9.756002e-01	8.083227e-01	3.380560e+00	7.817812e-02	3.152282e-01	1.097355e+00	1.219326e+00	1.272982e+00	1.315576e+00	1.359799e+00	1.400288e+00	1.444443e+00	1.501889e+00	1.572098e+00	1.748282e+00	1.670862e+00	-3.899429e-01	
8  19.4369	-9.828805e-01	-8.283451e-02	5.048846e-02	6.824497e-01	9.690196e-01	8.096251e-01	3.174830e+00	8.199570e-02	3.140180e-01	1.096161e+00	1.216612e+00	1.270731e+00	1.311367e+00	1.355744e+00	1.396319e+00	1.438097e+00	1.497921e+00	1.566051e+00	1.741936e+00	1.651914e+00	-3.783089e-01	
1  19.9344	-9.830725e-01	-7.796373e-02	4.877685e-02	6.797085e-01	9.685491e-01	8.088559e-01	3.273894e+00	9.760472e-02	3.146401e-01	1.095648e+00	1.215827e+00	1.270407e+00	1.310121e+00	1.355094e+00	1.394846e+00	1.436616e+00	1.497748e+00	1.562724e+00	1.740103e+00	1.679833e+00	-3.958806e-01	
13  16.7575	-9.959260e-01	-1.595112e-02	4.908421e-02	6.770210e-01	9.658324e-01	8.108363e-01	3.088753e+00	8.047169e-02	3.132137e-01	1.095637e+00	1.214972e+00	1.269541e+00	1.309253e+00	1.354591e+00	1.393213e+00	1.435821e+00	1.495580e+00	1.560330e+00	1.737203e+00	1.597876e+00	-3.441028e-01	
14  14.7155	-1.006585e+00	-2.337702e-03	4.975346e-02	6.600213e-01	9.726562e-01	8.109331e-01	2.736703e+00	9.121725e-02	3.124997e-01	1.096190e+00	1.215935e+00	1.270368e+00	1.312073e+00	1.356335e+00	1.395705e+00	1.439252e+00	1.496715e+00	1.563583e+00	1.740199e+00	1.696825e+00	-4.053434e-01	
3  15.7328	-9.808616e-01	-9.387674e-02	5.004427e-02	6.625867e-01	9.714305e-01	8.100492e-01	2.794819e+00	7.574434e-02	3.138718e-01	1.096116e+00	1.215607e+00	1.270640e+00	1.312890e+00	1.355992e+00	1.397641e+00	1.438590e+00	1.499574e+00	1.565890e+00	1.744047e+00	1.732011e+00	-4.233240e-01	
3  16.3491	-9.904977e-01	-6.210957e-02	5.069940e-02	6.588829e-01	9.736866e-01	8.101463e-01	2.670569e+00	7.655666e-02	3.132983e-01	1.096182e+00	1.216231e+00	1.271939e+00	1.313759e+00	1.356986e+00	1.398288e+00	1.439736e+00	1.500211e+00	1.565464e+00	1.744324e+00	1.747154e+00	-4.249232e-01	
11  16.9523	-9.926637e-01	-3.922123e-02	5.119630e-02	6.526790e-01	9.712641e-01	8.099153e-01	2.384144e+00	8.197761e-02	3.137255e-01	1.096331e+00	1.215727e+00	1.271361e+00	1.312100e+00	1.355224e+00	1.398576e+00	1.437773e+00	1.498560e+00	1.564112e+00	1.742451e+00	1.686787e+00	-3.951174e-01	
3  15.9821	-1.010445e+00	4.452240e-02	4.987094e-02	6.528594e-01	9.686758e-01	8.115955e-01	2.438564e+00	8.776714e-02	3.124869e-01	1.094768e+00	1.213451e+00	1.268530e+00	1.308984e+00	1.351527e+00	1.393251e+00	1.433458e+00	1.492933e+00	1.558111e+00	1.735294e+00	1.784479e+00	-4.520762e-01	
9  16.1857	-9.943342e-01	-4.225564e-03	4.945377e-02	6.311079e-01	9.744879e-01	8.104956e-01	2.171952e+00	7.697686e-02	3.138533e-01	1.094958e+00	1.213293e+00	1.268724e+00	1.309773e+00	1.352682e+00	1.395069e+00	1.435329e+00	1.493709e+00	1.560610e+00	1.737509e+00	1.710840e+00	-4.058533e-01	
7  14.402	-9.819582e-01	-8.850538e-03	4.977037e-02	6.493448e-01	9.695310e-01	8.099758e-01	2.509238e+00	6.529932e-02	3.149974e-01	1.094481e+00	1.212137e+00	1.267285e+00	1.308115e+00	1.349412e+00	1.393162e+00	1.432445e+00	1.490574e+00	1.557774e+00	1.733268e+00	1.687020e+00	-3.920716e-01	
18  13.7439	-9.766926e-01	-2.506674e-02	5.032377e-02	6.489261e-01	9.697882e-01	8.092956e-01	2.516670e+00	6.390073e-02	3.156275e-01	1.095232e+00	1.213245e+00	1.267956e+00	1.309219e+00	1.349861e+00	1.394815e+00	1.434302e+00	1.490993e+00	1.559626e+00	1.734461e+00	1.663894e+00	-3.841854e-01	
1  15.6563	-9.815497e-01	-3.361629e-02	5.013462e-02	6.535309e-01	9.727718e-01	8.084968e-01	2.713241e+00	8.469905e-02	3.154652e-01	1.095757e+00	1.214008e+00	1.269333e+00	1.311087e+00	1.350956e+00	1.396271e+00	1.436270e+00	1.492134e+00	1.562147e+00	1.734836e+00	1.604757e+00	-3.416402e-01	
2  13.5556	-9.826108e-01	-2.046859e-02	5.179164e-02	6.492960e-01	9.714351e-01	8.091730e-01	2.377910e+00	5.725735e-02	3.154839e-01	1.097141e+00	1.215373e+00	1.270691e+00	1.311953e+00	1.353711e+00	1.397895e+00	1.438201e+00	1.491967e+00	1.563223e+00	1.736009e+00	1.596575e+00	-3.373767e-01	
8  12.073	-9.729683e-01	-9.577397e-02	5.030820e-02	6.345092e-01	9.795320e-01	8.064876e-01	2.442645e+00	8.539256e-02	3.169639e-01	1.098920e+00	1.218774e+00	1.274263e+00	1.315668e+00	1.358147e+00	1.402746e+00	1.443883e+00	1.498396e+00	1.568798e+00	1.742486e+00	1.633480e+00	-3.624702e-01	
7  12.4193	-9.878138e-01	-4.624749e-02	4.977417e-02	6.249820e-01	9.802933e-01	8.076816e-01	2.201524e+00	8.124223e-02	3.160084e-01	1.099742e+00	1.218451e+00	1.274153e+00	1.314164e+00	1.359368e+00	1.402008e+00	1.443220e+00	1.497850e+00	1.567102e+00	1.741095e+00	1.638774e+00	-3.566541e-01	
28  12.6076	-9.907320e-01	-4.430703e-02	5.010734e-02	6.149971e-01	9.838358e-01	8.087702e-01	2.035112e+00	6.134065e-02	3.153658e-01	1.100716e+00	1.219605e+00	1.274440e+00	1.315432e+00	1.361617e+00	1.403802e+00	1.446286e+00	1.499885e+00	1.570537e+00	1.743726e+00	1.636878e+00	-3.576390e-01	
11  11.8322	-9.826965e-01	-1.064094e-01	5.125608e-02	6.126972e-01	9.910579e-01	8.066034e-01	2.056022e+00	6.926738e-02	3.161662e-01	1.102816e+00	1.223147e+00	1.277726e+00	1.321124e+00	1.365868e+00	1.409246e+00	1.451939e+00	1.505822e+00	1.577852e+00	1.750812e+00	1.614852e+00	-3.424361e-01	
1  10.5958	-9.919491e-01	-8.340364e-02	5.121309e-02	6.160510e-01	9.909756e-01	8.069882e-01	2.064321e+00	7.798819e-02	3.154441e-01	1.102305e+00	1.223662e+00	1.277962e+00	1.320806e+00	1.365460e+00	1.408219e+00	1.451929e+00	1.505945e+00	1.576299e+00	1.750049e+00	1.639958e+00	-3.550206e-01	
1  10.7238	-9.966349e-01	-1.026150e-02	5.065594e-02	6.417776e-01	9.798717e-01	8.105881e-01	2.438223e+00	5.432970e-02	3.136799e-01	1.097841e+00	1.217809e+00	1.270453e+00	1.312548e+00	1.356514e+00	1.399210e+00	1.442598e+00	1.495603e+00	1.565389e+00	1.738374e+00	1.593353e+00	-3.277974e-01	
4  10.9403	-9.785172e-01	-1.092399e-01	5.010032e-02	6.350107e-01	9.871557e-01	8.089944e-01	2.631809e+00	6.221272e-02	3.149416e-01	1.098680e+00	1.218788e+00	1.272580e+00	1.315350e+00	1.359867e+00	1.403426e+00	1.446277e+00	1.501144e+00	1.569985e+00	1.745837e+00	1.693631e+00	-3.885338e-01	
7  12.0101	-9.929588e-01	-8.326617e-02	5.053576e-02	6.195085e-01	9.900512e-01	8.090174e-01	2.192750e+00	7.644157e-02	3.143004e-01	1.099233e+00	1.220039e+00	1.274845e+00	1.316583e+00	1.362555e+00	1.404689e+00	1.449534e+00	1.502071e+00	1.571542e+00	1.746494e+00	1.676622e+00	-3.725827e-01	
8  8.89073	-9.868302e-01	-9.008713e-02	5.091444e-02	6.227334e-01	9.885767e-01	8.085363e-01	2.229530e+00	7.118221e-02	3.148984e-01	1.098962e+00	1.220117e+00	1.273871e+00	1.317348e+00	1.360226e+00	1.404983e+00	1.449583e+00	1.500949e+00	1.571116e+00	1.746456e+00	1.732292e+00	-4.065393e-01	
5  9.30233	-1.003074e+00	-9.525813e-02	4.870843e-02	6.057164e-01	9.974533e-01	8.079324e-01	2.237717e+00	8.562544e-02	3.141607e-01	1.101630e+00	1.224751e+00	1.279284e+00	1.324515e+00	1.366257e+00	1.412428e+00	1.456249e+00	1.508765e+00	1.579238e+00	1.755116e+00	1.812943e+00	-4.545651e-01	
1  9.73601	-1.004490e+00	-5.656255e-02	5.002163e-02	6.446867e-01	9.844441e-01	8.085121e-01	2.628660e+00	8.299691e-02	3.138710e-01	1.101217e+00	1.223503e+00	1.276854e+00	1.321192e+00	1.362616e+00	1.408839e+00	1.451151e+00	1.505102e+00	1.574585e+00	1.750431e+00	1.895846e+00	-5.023514e-01	
9  7.27058	-1.012667e+00	1.417390e-02	4.939575e-02	6.515100e-01	9.783451e-01	8.105940e-01	2.699115e+00	6.460833e-02	3.125546e-01	1.099349e+00	1.220495e+00	1.273447e+00	1.317174e+00	1.359077e+00	1.402774e+00	1.447040e+00	1.500219e+00	1.568735e+00	1.743951e+00	1.913664e+00	-5.112922e-01	
2  8.76303	-1.025354e+00	4.331676e-02	4.737978e-02	6.461733e-01	9.803570e-01	8.106018e-01	2.830963e+00	7.352956e-02	3.119759e-01	1.100231e+00	1.221706e+00	1.275528e+00	1.318367e+00	1.361532e+00	1.405339e+00	1.448324e+00	1.502457e+00	1.570538e+00	1.746278e+00	1.784615e+00	-4.296352e-01	
3  10.5336	-1.025822e+00	5.196706e-02	4.793775e-02	6.567513e-01	9.745133e-01	8.106135e-01	2.848436e+00	7.805014e-02	3.120443e-01	1.099860e+00	1.222187e+00	1.274890e+00	1.317306e+00	1.360262e+00	1.404608e+00	1.447603e+00	1.501563e+00	1.568476e+00	1.745033e+00	1.657273e+00	-3.491645e-01	
1  9.89845	-1.007656e+00	-1.934639e-02	4.809852e-02	6.392214e-01	9.831348e-01	8.079333e-01	2.745021e+00	8.041203e-02	3.143656e-01	1.101676e+00	1.224894e+00	1.277985e+00	1.320357e+00	1.363506e+00	1.408254e+00	1.451544e+00	1.505681e+00	1.572024e+00	1.749757e+00	1.687256e+00	-3.716659e-01	
1  11.0186	-1.011994e+00	-5.007993e-03	4.642861e-02	6.346438e-01	9.864006e-01	8.086792e-01	2.969936e+00	7.174899e-02	3.138704e-01	1.102043e+00	1.224680e+00	1.278431e+00	1.321530e+00	1.363163e+00	1.410230e+00	1.451713e+00	1.505445e+00	1.574104e+00	1.750870e+00	1.771975e+00	-4.220893e-01	
2  11.933	-1.025155e+00	5.367706e-02	4.622428e-02	6.454891e-01	9.841394e-01	8.095257e-01	3.121964e+00	6.650372e-02	3.129383e-01	1.101620e+00	1.224298e+00	1.278972e+00	1.320448e+00	1.361570e+00	1.407808e+00	1.450950e+00	1.502682e+00	1.572225e+00	1.749541e+00	1.841444e+00	-4.692744e-01	
3  10.1161	-1.000326e+00	-4.961768e-02	4.608471e-02	6.463528e-01	9.847603e-01	8.064986e-01	3.233345e+00	8.368224e-02	3.154769e-01	1.102737e+00	1.225707e+00	1.280468e+00	1.322959e+00	1.363915e+00	1.410508e+00	1.453309e+00	1.506155e+00	1.575697e+00	1.753369e+00	1.698631e+00	-3.918609e-01	
4  8.95724	-1.007967e+00	-1.218249e-02	4.615643e-02	6.429923e-01	9.833941e-01	8.073500e-01	3.101559e+00	7.303710e-02	3.151108e-01	1.102860e+00	1.225400e+00	1.280826e+00	1.322724e+00	1.364094e+00	1.410742e+00	1.450886e+00	1.505774e+00	1.574304e+00	1.751386e+00	1.769530e+00	-4.363967e-01	
5  9.2897	-9.811754e-01	-1.004638e-01	4.776554e-02	6.303226e-01	9.863956e-01	8.051907e-01	2.773067e+00	7.472678e-02	3.175453e-01	1.103415e+00	1.226149e+00	1.280457e+00	1.323181e+00	1.365252e+00	1.411506e+00	1.453835e+00	1.506585e+00	1.575718e+00	1.753042e+00	1.795052e+00	-4.661547e-01	
22  9.10975	-9.804305e-01	-1.247849e-01	4.750422e-02	6.273651e-01	9.889672e-01	8.049270e-01	2.772100e+00	7.679808e-02	3.173825e-01	1.103945e+00	1.227470e+00	1.281686e+00	1.323644e+00	1.367474e+00	1.412530e+00	1.456042e+00	1.508979e+00	1.577422e+00	1.754404e+00	1.789119e+00	-4.501777e-01	
6  10.3859	-9.706088e-01	-1.628293e-01	4.929581e-02	6.385958e-01	9.847296e-01	8.042321e-01	2.721300e+00	8.070960e-02	3.181451e-01	1.104415e+00	1.227619e+00	1.282121e+00	1.322735e+00	1.367825e+00	1.412048e+00	1.455479e+00	1.509424e+00	1.577317e+00	1.754878e+00	1.749887e+00	-4.305374e-01	
6  10.3309	-9.891890e-01	-1.335368e-01	4.966446e-02	6.214931e-01	9.912148e-01	8.056210e-01	2.337242e+00	7.201292e-02	3.161698e-01	1.105574e+00	1.229261e+00	1.285322e+00	1.325939e+00	1.371980e+00	1.415243e+00	1.458801e+00	1.513179e+00	1.581716e+00	1.758992e+00	1.859039e+00	-4.890273e-01	
4  9.03913	-9.866187e-01	-1.423682e-01	4.985375e-02	6.244672e-01	9.913340e-01	8.043405e-01	2.458924e+00	7.885714e-02	3.171163e-01	1.107037e+00	1.230867e+00	1.286515e+00	1.327431e+00	1.373860e+00	1.416560e+00	1.460826e+00	1.515642e+00	1.583889e+00	1.762117e+00	1.869860e+00	-5.064487e-01	
2  9.12909	-9.913758e-01	-1.287328e-01	5.154164e-02	6.204754e-01	9.905830e-01	8.061615e-01	2.106892e+00	6.560954e-02	3.158010e-01	1.105783e+00	1.229835e+00	1.285146e+00	1.326325e+00	1.373096e+00	1.415697e+00	1.459955e+00	1.515248e+00	1.583528e+00	1.761571e+00	1.789797e+00	-4.577734e-01	
3  9.73873	-1.001970e+00	-6.584363e-02	4.948649e-02	6.163043e-01	9.906637e-01	8.081970e-01	2.263527e+00	6.343871e-02	3.146287e-01	1.103209e+00	1.226743e+00	1.282045e+00	1.322261e+00	1.368512e+00	1.410426e+00	1.454573e+00	1.509168e+00	1.577570e+00	1.754469e+00	1.749717e+00	-4.320519e-01	
12  8.89042	-9.914097e-01	-7.694392e-02	4.935293e-02	6.491762e-01	9.804310e-01	8.083587e-01	2.778136e+00	6.087483e-02	3.148491e-01	1.102540e+00	1.223604e+00	1.278467e+00	1.319177e+00	1.364898e+00	1.406949e+00	1.450481e+00	1.504809e+00	1.573370e+00	1.750004e+00	1.759572e+00	-4.416699e-01	
1  8.81625	-1.030602e+00	4.760680e-02	4.805037e-02	6.636686e-01	9.762433e-01	8.116417e-01	3.047151e+00	5.409425e-02	3.114634e-01	1.102909e+00	1.224172e+00	1.279263e+00	1.320064e+00	1.365783e+00	1.405243e+00	1.451534e+00	1.503119e+00	1.572281e+00	1.747897e+00	1.752388e+00	-4.251700e-01	
2  8.17924	-1.036291e+00	8.385863e-02	4.744213e-02	6.777726e-01	9.702707e-01	8.125379e-01	3.276951e+00	6.325381e-02	3.109643e-01	1.100866e+00	1.222117e+00	1.275689e+00	1.316980e+00	1.361755e+00	1.401752e+00	1.447264e+00	1.498635e+00	1.568266e+00	1.743581e+00	1.825098e+00	-4.713753e-01	
1  7.28639	-1.039680e+00	1.280395e-01	4.964471e-02	7.022767e-01	9.611616e-01	8.144386e-01	3.371801e+00	4.847073e-02	3.100063e-01	1.098743e+00	1.219624e+00	1.272650e+00	1.313564e+00	1.357482e+00	1.396498e+00	1.442487e+00	1.493801e+00	1.563402e+00	1.737778e+00	1.835781e+00	-4.754852e-01	
1  7.39299	-1.053605e+00	1.558459e-01	5.160914e-02	6.987124e-01	9.648225e-01	8.149349e-01	3.102961e+00	4.362548e-02	3.090544e-01	1.100067e+00	1.221862e+00	1.274951e+00	1.316882e+00	1.360360e+00	1.400619e+00	1.445103e+00	1.497864e+00	1.566700e+00	1.741322e+00	1.890666e+00	-5.058577e-01	
10  9.49822	-1.032482e+00	7.317846e-02	5.126657e-02	6.921519e-01	9.685720e-01	8.131838e-01	3.141915e+00	4.151220e-02	3.109709e-01	1.100745e+00	1.222781e+00	1.276719e+00	1.317601e+00	1.362784e+00	1.402711e+00	1.447058e+00	1.499905e+00	1.569403e+00	1.743834e+00	1.878392e+00	-5.026925e-01	
8  9.19871	-1.028096e+00	5.987592e-02	5.102045e-02	6.852083e-01	9.698980e-01	8.144724e-01	3.016765e+00	2.779602e-02	3.101909e-01	1.099220e+00	1.221145e+00	1.274057e+00	1.315749e+00	1.362008e+00	1.400010e+00	1.447637e+00	1.498767e+00	1.566879e+00	1.743206e+00	1.816798e+00	-4.531398e-01	
6  10.2899	-1.022017e+00	3.324914e-02	5.068679e-02	6.946601e-01	9.670052e-01	8.124336e-01	3.264047e+00	6.452395e-02	3.116019e-01	1.099434e+00	1.220511e+00	1.273469e+00	1.315768e+00	1.360701e+00	1.399690e+00	1.447464e+00	1.497431e+00	1.566343e+00	1.741811e+00	1.919262e+00	-5.163373e-01	
2  10.2422	-1.021334e+00	5.391731e-03	5.010175e-02	6.933382e-01	9.688277e-01	8.119252e-01	3.292021e+00	5.981173e-02	3.115369e-01	1.100887e+00	1.222324e+00	1.276440e+00	1.318937e+00	1.364251e+00	1.403287e+00	1.450189e+00	1.501898e+00	1.570082e+00	1.746053e+00	1.833179e+00	-4.616148e-01	
3  9.40416	-1.018949e+00	8.114099e-03	4.985597e-02	6.805260e-01	9.708726e-01	8.112149e-01	3.076788e+00	6.679472e-02	3.119892e-01	1.099866e+00	1.221687e+00	1.276035e+00	1.317714e+00	1.362372e+00	1.403045e+00	1.449464e+00	1.500041e+00	1.568312e+00	1.744644e+00	1.958956e+00	-5.408570e-01	
3  8.3801	-1.018977e+00	4.159409e-02	4.972120e-02	6.854088e-01	9.684086e-01	8.114878e-01	3.202733e+00	4.507995e-02	3.123074e-01	1.100605e+00	1.222587e+00	1.275690e+00	1.317489e+00	1.361258e+00	1.402851e+00	1.447708e+00	1.498897e+00	1.566634e+00	1.744097e+00	1.958480e+00	-5.453436e-01	
11  8.96631	-1.023725e+00	5.258432e-02	4.970140e-02	7.011344e-01	9.623515e-01	8.104170e-01	3.424119e+00	7.658113e-02	3.129239e-01	1.100669e+00	1.223696e+00	1.275782e+00	1.317702e+00	1.361283e+00	1.401842e+00	1.447043e+00	1.496663e+00	1.565265e+00	1.742340e+00	1.937072e+00	-5.404385e-01	
1  9.35039	-1.044442e+00	1.540011e-01	4.983139e-02	7.099960e-01	9.518243e-01	8.121780e-01	3.216880e+00	8.539407e-02	3.114447e-01	1.098910e+00	1.220398e+00	1.273212e+00	1.313528e+00	1.357368e+00	1.396877e+00	1.440871e+00	1.489775e+00	1.558009e+00	1.733619e+00	1.865602e+00	-4.911264e-01	
3  9.4827	-1.049184e+00	1.726936e-01	5.003640e-02	7.247486e-01	9.480687e-01	8.120127e-01	3.474320e+00	9.879530e-02	3.114196e-01	1.098919e+00	1.220727e+00	1.273113e+00	1.314063e+00	1.356572e+00	1.396474e+00	1.439580e+00	1.489899e+00	1.557065e+00	1.733202e+00	1.772015e+00	-4.320480e-01	
2  11.0448	-1.048884e+00	1.444318e-01	5.182342e-02	7.090750e-01	9.547467e-01	8.104126e-01	3.029819e+00	1.148906e-01	3.119184e-01	1.100420e+00	1.222704e+00	1.275838e+00	1.316623e+00	1.359397e+00	1.399381e+00	1.443372e+00	1.494245e+00	1.561344e+00	1.737308e+00	1.733380e+00	-4.090652e-01	
7  10.5275	-1.058045e+00	2.215429e-01	5.162739e-02	7.268642e-01	9.456392e-01	8.133331e-01	3.226779e+00	8.683027e-02	3.104429e-01	1.098460e+00	1.219271e+00	1.271999e+00	1.312349e+00	1.354479e+00	1.393996e+00	1.436671e+00	1.488055e+00	1.553791e+00	1.729984e+00	1.715867e+00	-3.834417e-01	
3  8.88772	-1.045812e+00	1.401614e-01	5.249191e-02	6.977919e-01	9.571691e-01	8.092024e-01	2.766757e+00	1.115745e-01	3.132560e-01	1.102386e+00	1.224733e+00	1.277263e+00	1.318836e+00	1.361583e+00	1.401335e+00	1.444662e+00	1.496642e+00	1.562158e+00	1.740467e+00	1.758989e+00	-4.131808e-01	
1  8.39997	-1.031699e+00	9.594200e-02	5.103439e-02	6.963119e-01	9.562544e-01	8.093329e-01	2.868121e+00	1.028097e-01	3.133816e-01	1.100868e+00	1.222665e+00	1.275750e+00	1.316895e+00	1.359482e+00	1.399890e+00	1.443295e+00	1.494715e+00	1.561746e+00	1.739837e+00	1.746480e+00	-4.053597e-01	
3  9.80797	-1.027866e+00	1.102395e-01	5.139455e-02	7.002259e-01	9.526611e-01	8.118443e-01	2.815955e+00	6.522376e-02	3.122197e-01	1.099102e+00	1.219509e+00	1.272540e+00	1.315030e+00	1.356860e+00	1.396230e+00	1.440399e+00	1.490308e+00	1.559190e+00	1.735812e+00	1.829274e+00	-4.510411e-01	
4  10.9791	-1.049066e+00	1.992808e-01	4.985230e-02	7.106606e-01	9.469945e-01	8.146747e-01	3.017604e+00	6.313959e-02	3.099802e-01	1.096958e+00	1.216646e+00	1.269170e+00	1.311550e+00	1.353272e+00	1.391060e+00	1.436032e+00	1.485303e+00	1.553554e+00	1.729006e+00	1.826429e+00	-4.395404e-01	
6  8.69131	-1.036162e+00	1.480190e-01	4.872435e-02	7.252914e-01	9.444647e-01	8.133792e-01	3.530947e+00	6.966069e-02	3.111835e-01	1.098034e+00	1.217411e+00	1.270214e+00	1.312971e+00	1.353812e+00	1.393413e+00	1.436912e+00	1.487248e+00	1.556252e+00	1.732060e+00	1.763608e+00	-4.088830e-01	
1  7.85336	-1.026815e+00	1.237683e-01	4.785142e-02	7.305948e-01	9.441807e-01	8.128397e-01	3.792516e+00	7.562427e-02	3.118533e-01	1.097177e+00	1.215709e+00	1.268529e+00	1.310862e+00	1.352024e+00	1.391080e+00	1.434382e+00	1.485628e+00	1.554441e+00	1.729430e+00	1.728442e+00	-3.916318e-01	
7  8.44927	-1.026862e+00	1.082669e-01	4.729384e-02	7.171233e-01	9.483305e-01	8.123996e-01	3.623497e+00	7.912568e-02	3.119997e-01	1.097539e+00	1.216181e+00	1.270340e+00	1.312170e+00	1.352573e+00	1.391811e+00	1.436715e+00	1.487502e+00	1.556280e+00	1.732988e+00	1.768875e+00	-4.202232e-01	
5  10.4755	-1.011556e+00	4.190460e-02	4.528977e-02	6.985563e-01	9.530760e-01	8.105581e-01	3.643695e+00	9.291567e-02	3.137545e-01	1.098083e+00	1.217968e+00	1.270951e+00	1.313074e+00	1.353643e+00	1.394013e+00	1.438594e+00	1.489586e+00	1.558742e+00	1.734984e+00	1.708686e+00	-3.818249e-01	
1  13.9599	-1.029188e+00	1.015925e-01	4.263727e-02	7.019145e-01	9.489256e-01	8.126681e-01	3.802040e+00	9.398770e-02	3.116891e-01	1.096739e+00	1.216342e+00	1.269431e+00	1.310479e+00	1.351470e+00	1.391050e+00	1.436504e+00	1.486791e+00	1.556205e+00	1.731550e+00	1.731220e+00	-3.940367e-01	
1  10.8114	-1.026522e+00	8.875477e-02	4.469421e-02	6.981239e-01	9.500966e-01	8.115920e-01	3.504526e+00	1.004195e-01	3.124682e-01	1.097705e+00	1.218246e+00	1.270629e+00	1.311637e+00	1.353637e+00	1.392669e+00	1.438359e+00	1.489049e+00	1.557422e+00	1.733666e+00	1.768481e+00	-4.211983e-01	
1  11.131	-1.015022e+00	5.149788e-02	4.298424e-02	6.786005e-01	9.535286e-01	8.094105e-01	3.415469e+00	1.163792e-01	3.144598e-01	1.098453e+00	1.218878e+00	1.270377e+00	1.313773e+00	1.352974e+00	1.395664e+00	1.438861e+00	1.490906e+00	1.560041e+00	1.734109e+00	1.741935e+00	-4.141311e-01	
2  10.3063	-1.005390e+00	5.741958e-02	4.414642e-02	6.833086e-01	9.508995e-01	8.114406e-01	3.349734e+00	6.674346e-02	3.137389e-01	1.097068e+00	1.216735e+00	1.267604e+00	1.311000e+00	1.351168e+00	1.392718e+00	1.436662e+00	1.486966e+00	1.556887e+00	1.731819e+00	1.811343e+00	-4.529038e-01	
1  11.1766	-1.003506e+00	2.021781e-02	4.457519e-02	6.595161e-01	9.604281e-01	8.102752e-01	3.020251e+00	7.743558e-02	3.143456e-01	1.098107e+00	1.218530e+00	1.270025e+00	1.313376e+00	1.354863e+00	1.396454e+00	1.440465e+00	1.491415e+00	1.561233e+00	1.736647e+00	1.765893e+00	-4.173966e-01	
16  9.22615	-9.964247e-01	8.245209e-03	4.793044e-02	6.750720e-01	9.550858e-01	8.077469e-01	2.884461e+00	1.051346e-01	3.162718e-01	1.099337e+00	1.218525e+00	1.270590e+00	1.312882e+00	1.354278e+00	1.396122e+00	1.438823e+00	1.490551e+00	1.560368e+00	1.734587e+00	1.708586e+00	-3.945123e-01	
1  9.60055	-1.005284e+00	7.947972e-02	4.987302e-02	6.902270e-01	9.470598e-01	8.094962e-01	2.798357e+00	8.807027e-02	3.153699e-01	1.098701e+00	1.216649e+00	1.267775e+00	1.310605e+00	1.351473e+00	1.391850e+00	1.434405e+00	1.485897e+00	1.555040e+00	1.729047e+00	1.694129e+00	-3.868156e-01	
1  8.87916	-9.878056e-01	-9.751914e-03	5.137051e-02	6.922222e-01	9.515761e-01	8.074660e-01	2.793116e+00	8.836815e-02	3.165010e-01	1.100116e+00	1.218944e+00	1.271504e+00	1.313243e+00	1.355959e+00	1.395495e+00	1.439446e+00	1.491661e+00	1.561428e+00	1.736630e+00	1.625179e+00	-3.516774e-01	
1  8.3412	-9.877083e-01	-4.173098e-02	5.141467e-02	6.776039e-01	9.606376e-01	8.067404e-01	2.613841e+00	1.007545e-01	3.161961e-01	1.100549e+00	1.219661e+00	1.272626e+00	1.315379e+00	1.357171e+00	1.398164e+00	1.442709e+00	1.494116e+00	1.564821e+00	1.741649e+00	1.698803e+00	-4.045994e-01	
3  11.4646	-1.003876e+00	1.219690e-03	4.838007e-02	6.638144e-01	9.626876e-01	8.079167e-01	2.570133e+00	9.978544e-02	3.147606e-01	1.100421e+00	1.220114e+00	1.273031e+00	1.316471e+00	1.358393e+00	1.397625e+00	1.445071e+00	1.494692e+00	1.564791e+00	1.741485e+00	1.749881e+00	-4.403835e-01	
4  11.9857	-9.973349e-01	8.083328e-03	4.867059e-02	6.637161e-01	9.611840e-01	8.091893e-01	2.552701e+00	7.047278e-02	3.147731e-01	1.099779e+00	1.219193e+00	1.270614e+00	1.314567e+00	1.356269e+00	1.396576e+00	1.441260e+00	1.493284e+00	1.563026e+00	1.740313e+00	1.710000e+00	-4.184550e-01	
1  10.9014	-1.023769e+00	1.023976e-01	4.758501e-02	6.853301e-01	9.535724e-01	8.109046e-01	2.954599e+00	6.767713e-02	3.130681e-01	1.100879e+00	1.220558e+00	1.271083e+00	1.316111e+00	1.356085e+00	1.398047e+00	1.440945e+00	1.491827e+00	1.561469e+00	1.736874e+00	1.816755e+00	-4.821560e-01	
5  13.8543	-1.021193e+00	6.222582e-02	4.648247e-02	6.764673e-01	9.633944e-01	8.099123e-01	3.126854e+00	6.232752e-02	3.130086e-01	1.102296e+00	1.223460e+00	1.274139e+00	1.319090e+00	1.360807e+00	1.402701e+00	1.445979e+00	1.497000e+00	1.568393e+00	1.743680e+00	1.880896e+00	-5.292027e-01	
2  14.5781	-1.006963e+00	3.945413e-02	4.651761e-02	6.792435e-01	9.608050e-01	8.084786e-01	3.186441e+00	7.373051e-02	3.147309e-01	1.101869e+00	1.221605e+00	1.272054e+00	1.316658e+00	1.358222e+00	1.400153e+00	1.443096e+00	1.494089e+00	1.566822e+00	1.740754e+00	1.807310e+00	-4.856250e-01	
2  14.4472	-1.018002e+00	8.665656e-02	4.532964e-02	6.901368e-01	9.576150e-01	8.106318e-01	3.473389e+00	6.575747e-02	3.130122e-01	1.099666e+00	1.220083e+00	1.268837e+00	1.314711e+00	1.355740e+00	1.397335e+00	1.441350e+00	1.490505e+00	1.564072e+00	1.737091e+00	1.734905e+00	-4.321704e-01	
4  13.2869	-9.925245e-01	-4.460125e-02	4.759344e-02	6.687687e-01	9.683008e-01	8.071142e-01	3.036722e+00	9.083579e-02	3.151779e-01	1.100898e+00	1.221787e+00	1.272225e+00	1.317191e+00	1.360843e+00	1.401919e+00	1.446463e+00	1.496746e+00	1.570732e+00	1.745976e+00	1.723576e+00	-4.174082e-01	
3  13.9245	-1.001371e+00	1.007248e-02	4.757852e-02	6.656929e-01	9.657519e-01	8.076471e-01	2.836481e+00	8.816164e-02	3.150045e-01	1.100450e+00	1.220718e+00	1.271969e+00	1.313752e+00	1.360496e+00	1.397373e+00	1.443194e+00	1.493819e+00	1.565469e+00	1.742194e+00	1.597567e+00	-3.349170e-01	
2  13.0428	-1.001876e+00	1.835304e-02	4.903626e-02	6.652582e-01	9.667268e-01	8.077844e-01	2.747550e+00	8.111644e-02	3.151319e-01	1.100430e+00	1.221340e+00	1.271515e+00	1.314532e+00	1.359637e+00	1.398417e+00	1.443313e+00	1.494211e+00	1.566553e+00	1.743305e+00	1.600238e+00	-3.397613e-01	
1  12.5825	-1.015348e+00	8.378482e-02	5.140890e-02	6.861542e-01	9.620603e-01	8.096521e-01	2.847707e+00	7.549080e-02	3.137630e-01	1.099257e+00	1.219815e+00	1.269163e+00	1.313005e+00	1.355636e+00	1.395553e+00	1.439538e+00	1.492613e+00	1.562427e+00	1.738744e+00	1.645706e+00	-3.657194e-01	
6  12.1963	-1.016715e+00	8.745334e-02	5.313992e-02	6.993150e-01	9.592690e-01	8.104231e-01	2.899322e+00	6.091020e-02	3.132849e-01	1.099563e+00	1.220574e+00	1.269524e+00	1.313702e+00	1.355703e+00	1.397563e+00	1.438843e+00	1.494118e+00	1.562511e+00	1.739160e+00	1.697032e+00	-3.946056e-01	
12  13.8336	-1.022307e+00	1.159131e-01	5.367699e-02	7.028736e-01	9.570009e-01	8.106735e-01	2.855099e+00	7.958704e-02	3.131812e-01	1.098329e+00	1.218740e+00	1.266614e+00	1.311160e+00	1.352428e+00	1.395382e+00	1.434916e+00	1.490547e+00	1.558603e+00	1.734608e+00	1.728438e+00	-4.201094e-01	
3  13.2602	-1.006734e+00	4.365397e-02	5.504829e-02	7.000383e-01	9.642335e-01	8.107858e-01	2.943226e+00	5.228818e-02	3.133851e-01	1.098909e+00	1.220381e+00	1.269786e+00	1.313175e+00	1.355830e+00	1.399134e+00	1.439257e+00	1.495057e+00	1.563276e+00	1.741132e+00	1.793473e+00	-4.544658e-01	
2  13.1835	-1.003033e+00	4.918223e-02	5.621278e-02	7.096177e-01	9.573340e-01	8.101763e-01	2.874121e+00	5.660697e-02	3.143088e-01	1.099983e+00	1.219775e+00	1.269573e+00	1.312388e+00	1.355353e+00	1.399016e+00	1.438896e+00	1.493557e+00	1.562609e+00	1.738019e+00	1.766016e+00	-4.482010e-01	
4  13.9847	-9.847825e-01	-4.390777e-02	5.564437e-02	7.042531e-01	9.605336e-01	8.070793e-01	2.982508e+00	7.895135e-02	3.166986e-01	1.102163e+00	1.222996e+00	1.272879e+00	1.316439e+00	1.359564e+00	1.403873e+00	1.443869e+00	1.498653e+00	1.568898e+00	1.743722e+00	1.871749e+00	-5.103111e-01	
3  17.1893	-9.795795e-01	-4.494870e-02	5.633549e-02	7.118409e-01	9.565310e-01	8.064656e-01	3.024616e+00	9.758011e-02	3.174719e-01	1.101201e+00	1.220999e+00	1.270450e+00	1.313386e+00	1.356379e+00	1.400484e+00	1.440527e+00	1.494818e+00	1.565457e+00	1.738953e+00	1.850306e+00	-5.007340e-01	
1  14.6118	-9.574392e-01	-1.226669e-01	5.558730e-02	6.940312e-01	9.612920e-01	8.057762e-01	2.872623e+00	7.393188e-02	3.186223e-01	1.101472e+00	1.221105e+00	1.270997e+00	1.314679e+00	1.357506e+00	1.402063e+00	1.441921e+00	1.498301e+00	1.568066e+00	1.742850e+00	1.814677e+00	-4.764271e-01	
7  15.864	-9.522685e-01	-1.201567e-01	5.474259e-02	6.911326e-01	9.603248e-01	8.042744e-01	2.856583e+00	9.959443e-02	3.196256e-01	1.099947e+00	1.218083e+00	1.269548e+00	1.311609e+00	1.353571e+00	1.397846e+00	1.439705e+00	1.494814e+00	1.564668e+00	1.738839e+00	1.739054e+00	-4.217222e-01	
4  14.9737	-9.637509e-01	-9.147181e-02	5.327374e-02	6.910257e-01	9.614076e-01	8.067615e-01	2.977784e+00	8.530511e-02	3.172748e-01	1.097944e+00	1.216275e+00	1.268535e+00	1.310003e+00	1.353134e+00	1.397055e+00	1.439331e+00	1.494533e+00	1.563829e+00	1.737879e+00	1.802235e+00	-4.566970e-01	
3  15.0726	-9.524530e-01	-1.359328e-01	5.308568e-02	6.822109e-01	9.662798e-01	8.061254e-01	2.933839e+00	8.500805e-02	3.179136e-01	1.097234e+00	1.216267e+00	1.267810e+00	1.309832e+00	1.352855e+00	1.397275e+00	1.440353e+00	1.494515e+00	1.564471e+00	1.738429e+00	1.835051e+00	-4.813851e-01	
2  13.1491	-9.601682e-01	-1.131803e-01	5.123778e-02	6.821536e-01	9.679769e-01	8.073489e-01	3.205778e+00	8.676254e-02	3.167584e-01	1.095782e+00	1.215125e+00	1.266271e+00	1.308784e+00	1.352722e+00	1.394840e+00	1.438547e+00	1.493389e+00	1.561959e+00	1.738112e+00	1.740776e+00	-4.117682e-01	
2  13.0452	-9.491577e-01	-1.742483e-01	5.167233e-02	6.822767e-01	9.701409e-01	8.051734e-01	3.251726e+00	8.809046e-02	3.183320e-01	1.098730e+00	1.218501e+00	1.270616e+00	1.313363e+00	1.357249e+00	1.401030e+00	1.442652e+00	1.498954e+00	1.568415e+00	1.746246e+00	1.741942e+00	-4.173828e-01	
3  16.4645	-9.270520e-01	-2.800645e-01	5.182342e-02	6.684218e-01	9.776984e-01	8.022647e-01	3.179924e+00	9.772028e-02	3.204554e-01	1.100519e+00	1.221233e+00	1.273320e+00	1.318460e+00	1.362181e+00	1.406773e+00	1.448060e+00	1.506373e+00	1.573726e+00	1.755842e+00	1.657241e+00	-3.673797e-01	
10  12.8292	-9.175799e-01	-2.972398e-01	5.143774e-02	6.727429e-01	9.740141e-01	8.024407e-01	3.304937e+00	8.997595e-02	3.211399e-01	1.099810e+00	1.220196e+00	1.272584e+00	1.317666e+00	1.360078e+00	1.405218e+00	1.446893e+00	1.505055e+00	1.571603e+00	1.752789e+00	1.659207e+00	-3.723219e-01	
1  13.6744	-9.136369e-01	-2.874079e-01	5.098506e-02	6.840357e-01	9.682798e-01	8.017748e-01	3.469650e+00	1.038534e-01	3.219256e-01	1.098952e+00	1.217759e+00	1.271829e+00	1.315742e+00	1.356953e+00	1.401962e+00	1.442622e+00	1.501596e+00	1.567714e+00	1.748108e+00	1.618505e+00	-3.592928e-01	
5  13.7004	-9.174411e-01	-2.610699e-01	5.158934e-02	6.981822e-01	9.631366e-01	8.030407e-01	3.549895e+00	1.077672e-01	3.211678e-01	1.097124e+00	1.214951e+00	1.268671e+00	1.312045e+00	1.354571e+00	1.397307e+00	1.438246e+00	1.497097e+00	1.562058e+00	1.742287e+00	1.725244e+00	-4.245256e-01	
13  11.0516	-9.373096e-01	-1.607218e-01	5.125980e-02	7.246927e-01	9.502396e-01	8.059043e-01	3.816058e+00	9.340281e-02	3.193489e-01	1.095869e+00	1.212467e+00	1.266009e+00	1.308163e+00	1.349802e+00	1.392687e+00	1.432846e+00	1.490535e+00	1.556045e+00	1.735641e+00	1.771991e+00	-4.540897e-01	
2  10.983	-9.395775e-01	-1.513562e-01	5.187679e-02	7.203320e-01	9.549895e-01	8.083545e-01	3.809806e+00	4.458783e-02	3.178057e-01	1.096140e+00	1.213955e+00	1.266918e+00	1.308816e+00	1.351419e+00	1.394382e+00	1.435913e+00	1.492002e+00	1.558153e+00	1.737065e+00	1.853890e+00	-5.041589e-01	
6  10.9736	-9.332257e-01	-1.970183e-01	5.097079e-02	6.990087e-01	9.613990e-01	8.055126e-01	3.580179e+00	8.362731e-02	3.193910e-01	1.097413e+00	1.215428e+00	1.268229e+00	1.310916e+00	1.353360e+00	1.396004e+00	1.438746e+00	1.494507e+00	1.559615e+00	1.740705e+00	1.868979e+00	-5.206140e-01	
1  12.862	-9.314697e-01	-2.086337e-01	4.994659e-02	6.785328e-01	9.696432e-01	8.043373e-01	3.447982e+00	8.565489e-02	3.201383e-01	1.098254e+00	1.217198e+00	1.269740e+00	1.312923e+00	1.354463e+00	1.398651e+00	1.440300e+00	1.497174e+00	1.561779e+00	1.743959e+00	1.843124e+00	-5.173959e-01	
2  11.3914	-9.499991e-01	-1.335151e-01	5.101127e-02	7.030701e-01	9.637571e-01	8.060288e-01	3.763103e+00	7.323936e-02	3.186481e-01	1.098818e+00	1.218188e+00	1.269440e+00	1.313158e+00	1.354568e+00	1.397164e+00	1.441730e+00	1.495789e+00	1.561370e+00	1.742192e+00	1.831845e+00	-5.044203e-01	
6  11.3146	-9.723591e-01	-9.976030e-02	4.975242e-02	6.779377e-01	9.718754e-01	8.067500e-01	3.365993e+00	8.744407e-02	3.167713e-01	1.098839e+00	1.219953e+00	1.271856e+00	1.316005e+00	1.358363e+00	1.399174e+00	1.446477e+00	1.498506e+00	1.564496e+00	1.746396e+00	1.934457e+00	-5.627819e-01	
11  9.52156	-9.758589e-01	-9.478817e-02	5.145041e-02	6.816984e-01	9.706256e-01	8.070650e-01	3.177729e+00	8.197387e-02	3.163353e-01	1.099312e+00	1.220179e+00	1.272086e+00	1.316718e+00	1.359351e+00	1.398808e+00	1.447545e+00	1.499148e+00	1.565057e+00	1.747656e+00	1.846175e+00	-5.091165e-01	
3  9.76231	-9.894568e-01	-2.182290e-02	5.245654e-02	7.023994e-01	9.620264e-01	8.083726e-01	3.257221e+00	7.495722e-02	3.152557e-01	1.098920e+00	1.218695e+00	1.271820e+00	1.314110e+00	1.357437e+00	1.395695e+00	1.444965e+00	1.495057e+00	1.561742e+00	1.741765e+00	1.903428e+00	-5.367009e-01	
24  10.2833	-9.937708e-01	-2.124883e-02	5.216042e-02	7.035200e-01	9.596969e-01	8.086281e-01	3.148767e+00	8.379310e-02	3.146782e-01	1.098473e+00	1.218455e+00	1.271777e+00	1.313405e+00	1.357037e+00	1.397001e+00	1.443695e+00	1.494754e+00	1.561301e+00	1.741380e+00	1.969435e+00	-5.707089e-01	
1  12.5136	-1.007663e+00	7.160773e-02	5.301954e-02	7.261890e-01	9.492310e-01	8.124981e-01	3.336369e+00	6.061620e-02	3.125787e-01	1.095362e+00	1.214768e+00	1.265843e+00	1.307862e+00	1.350353e+00	1.390567e+00	1.434852e+00	1.487100e+00	1.551961e+00	1.730280e+00	2.008513e+00	-5.932265e-01	
1  11.0416	-9.971951e-01	6.199447e-02	5.439040e-02	7.230649e-01	9.468534e-01	8.116405e-01	3.108250e+00	6.408245e-02	3.140474e-01	1.095509e+00	1.213535e+00	1.264056e+00	1.306871e+00	1.347091e+00	1.389044e+00	1.432210e+00	1.484621e+00	1.550232e+00	1.727425e+00	2.044345e+00	-6.207931e-01	
5  11.1808	-9.937281e-01	2.363897e-02	5.279436e-02	7.108308e-01	9.520418e-01	8.089536e-01	3.154811e+00	9.081964e-02	3.156372e-01	1.097683e+00	1.216006e+00	1.267530e+00	1.310292e+00	1.350141e+00	1.392691e+00	1.435648e+00	1.489460e+00	1.555352e+00	1.731204e+00	2.008806e+00	-6.052871e-01	
1  10.877	-9.940703e-01	2.591744e-02	5.097589e-02	6.837687e-01	9.577354e-01	8.093343e-01	2.799752e+00	9.464011e-02	3.151866e-01	1.096078e+00	1.214194e+00	1.266167e+00	1.308496e+00	1.348530e+00	1.390273e+00	1.435834e+00	1.487635e+00	1.553860e+00	1.730479e+00	1.992567e+00	-5.957612e-01	
6  10.3999	-9.699373e-01	-5.351492e-02	4.931921e-02	6.741850e-01	9.581978e-01	8.071379e-01	2.882119e+00	1.011746e-01	3.177786e-01	1.096098e+00	1.213918e+00	1.266518e+00	1.307829e+00	1.348298e+00	1.389311e+00	1.435483e+00	1.488488e+00	1.554207e+00	1.732622e+00	1.899033e+00	-5.406318e-01	
2  9.0146	-9.546456e-01	-8.947259e-02	4.880288e-02	6.793889e-01	9.548047e-01	8.077991e-01	3.068324e+00	9.057158e-02	3.181674e-01	1.094307e+00	1.211613e+00	1.263093e+00	1.305106e+00	1.345128e+00	1.387621e+00	1.432921e+00	1.485506e+00	1.551295e+00	1.730696e+00	1.761633e+00	-4.605018e-01	
3  9.48912	-9.535372e-01	-1.022756e-01	5.126404e-02	6.652754e-01	9.603361e-01	8.069133e-01	2.563429e+00	8.415008e-02	3.184045e-01	1.095237e+00	1.213541e+00	1.265093e+00	1.307536e+00	1.347720e+00	1.390829e+00	1.436822e+00	1.489022e+00	1.554943e+00	1.734583e+00	1.692666e+00	-4.124744e-01	
2  9.55155	-9.683855e-01	-9.741354e-03	5.037334e-02	6.901333e-01	9.511185e-01	8.109603e-01	3.023213e+00	5.394162e-02	3.159674e-01	1.092271e+00	1.209620e+00	1.260296e+00	1.303087e+00	1.341650e+00	1.386921e+00	1.428501e+00	1.483029e+00	1.547885e+00	1.726362e+00	1.709079e+00	-4.233784e-01	
4  9.71574	-9.426522e-01	-8.810742e-02	5.124771e-02	6.992579e-01	9.506775e-01	8.097573e-01	3.209340e+00	4.292177e-02	3.176928e-01	1.092335e+00	1.208597e+00	1.258987e+00	1.302335e+00	1.342017e+00	1.386146e+00	1.428061e+00	1.482701e+00	1.548068e+00	1.727925e+00	1.756225e+00	-4.523543e-01	
1  9.70413	-9.501378e-01	-5.823432e-02	4.965535e-02	7.142950e-01	9.440471e-01	8.103957e-01	3.511952e+00	5.242004e-02	3.168458e-01	1.091504e+00	1.207040e+00	1.257277e+00	1.301210e+00	1.340912e+00	1.383522e+00	1.426727e+00	1.479620e+00	1.545129e+00	1.725800e+00	1.714467e+00	-4.256576e-01	
2  8.71958	-9.572560e-01	-3.797378e-02	4.963836e-02	7.202709e-01	9.410695e-01	8.096899e-01	3.529826e+00	6.584625e-02	3.170279e-01	1.092598e+00	1.208387e+00	1.258823e+00	1.302040e+00	1.341583e+00	1.384154e+00	1.428407e+00	1.479137e+00	1.546649e+00	1.725268e+00	1.681860e+00	-4.155175e-01	
2  8.58406	-9.578312e-01	-3.555951e-02	4.900606e-02	7.101346e-01	9.435526e-01	8.079751e-01	3.444626e+00	7.516349e-02	3.183739e-01	1.094777e+00	1.210913e+00	1.260641e+00	1.304717e+00	1.344115e+00	1.386747e+00	1.431286e+00	1.479781e+00	1.549916e+00	1.726815e+00	1.676863e+00	-4.103269e-01	
18  8.63824	-9.496849e-01	-1.139611e-01	5.026277e-02	6.814682e-01	9.537793e-01	8.059641e-01	2.861169e+00	8.756321e-02	3.192129e-01	1.097039e+00	1.214010e+00	1.265449e+00	1.309443e+00	1.350195e+00	1.391231e+00	1.439034e+00	1.487149e+00	1.557757e+00	1.734227e+00	1.699939e+00	-4.275076e-01	
1  10.7728	-9.271814e-01	-2.194323e-01	5.213008e-02	6.791954e-01	9.607254e-01	8.042901e-01	2.829395e+00	7.656896e-02	3.204951e-01	1.098132e+00	1.216638e+00	1.267383e+00	1.313685e+00	1.354473e+00	1.396606e+00	1.444118e+00	1.494031e+00	1.564949e+00	1.743351e+00	1.688307e+00	-4.213666e-01	
6  9.05261	-9.270182e-01	-2.683259e-01	5.169240e-02	6.512973e-01	9.720519e-01	8.020961e-01	2.571619e+00	1.020006e-01	3.216506e-01	1.100828e+00	1.220871e+00	1.271195e+00	1.319594e+00	1.359436e+00	1.403929e+00	1.449854e+00	1.501213e+00	1.572704e+00	1.750569e+00	1.699749e+00	-4.262568e-01	
3  8.91618	-9.433502e-01	-2.442639e-01	4.878826e-02	6.282481e-01	9.798398e-01	8.026458e-01	2.542177e+00	1.133993e-01	3.206928e-01	1.100961e+00	1.222447e+00	1.273374e+00	1.321467e+00	1.361559e+00	1.406282e+00	1.453095e+00	1.503893e+00	1.574437e+00	1.751173e+00	1.731922e+00	-4.387022e-01	
8  7.68209	-9.798616e-01	-1.106605e-01	4.845525e-02	6.531547e-01	9.726114e-01	8.056807e-01	2.862214e+00	1.173365e-01	3.176233e-01	1.099892e+00	1.221022e+00	1.271840e+00	1.319472e+00	1.359406e+00	1.402781e+00	1.448964e+00	1.500482e+00	1.569785e+00	1.745583e+00	1.830714e+00	-4.987017e-01	
2  8.60204	-9.713555e-01	-1.218961e-01	4.886690e-02	6.704084e-01	9.669005e-01	8.066289e-01	3.080850e+00	9.173234e-02	3.174207e-01	1.099392e+00	1.220295e+00	1.271533e+00	1.317979e+00	1.357700e+00	1.401223e+00	1.447718e+00	1.498202e+00	1.569042e+00	1.743956e+00	1.794749e+00	-4.826095e-01	
2  11.0866	-9.628503e-01	-1.789280e-01	4.894694e-02	6.559354e-01	9.730765e-01	8.037810e-01	2.922482e+00	1.063959e-01	3.192357e-01	1.102672e+00	1.223264e+00	1.275554e+00	1.322478e+00	1.363407e+00	1.406303e+00	1.453705e+00	1.503987e+00	1.576576e+00	1.750418e+00	1.700566e+00	-4.360316e-01	
6  10.36	-1.007172e+00	-6.072201e-03	5.022780e-02	6.630881e-01	9.655886e-01	8.080906e-01	2.559747e+00	9.547142e-02	3.155119e-01	1.101219e+00	1.221354e+00	1.273573e+00	1.318715e+00	1.360574e+00	1.402383e+00	1.447383e+00	1.498936e+00	1.569526e+00	1.742786e+00	1.735070e+00	-4.492621e-01	
3  9.65728	-1.002968e+00	-4.023203e-02	5.025111e-02	6.594219e-01	9.704766e-01	8.075991e-01	2.649307e+00	1.009840e-01	3.157775e-01	1.100713e+00	1.222344e+00	1.274821e+00	1.319280e+00	1.361007e+00	1.403614e+00	1.447997e+00	1.500501e+00	1.570507e+00	1.745542e+00	1.763873e+00	-4.556301e-01	
3  9.39902	-9.930109e-01	-5.563867e-02	4.857062e-02	6.593363e-01	9.663106e-01	8.069075e-01	2.781931e+00	1.144601e-01	3.170146e-01	1.100099e+00	1.219637e+00	1.273045e+00	1.316820e+00	1.358606e+00	1.400886e+00	1.443711e+00	1.498032e+00	1.566735e+00	1.741022e+00	1.834925e+00	-4.842617e-01	
8  8.12203	-9.940895e-01	-4.090083e-02	4.814138e-02	6.528770e-01	9.667979e-01	8.057823e-01	2.641707e+00	1.259909e-01	3.178191e-01	1.100897e+00	1.219792e+00	1.273314e+00	1.317331e+00	1.358457e+00	1.400467e+00	1.443396e+00	1.498973e+00	1.566019e+00	1.739445e+00	1.817873e+00	-4.828518e-01	
3  5.96613	-9.850229e-01	-9.179743e-02	4.899180e-02	6.405078e-01	9.750098e-01	8.048965e-01	2.508885e+00	1.034991e-01	3.183153e-01	1.103536e+00	1.223884e+00	1.277410e+00	1.321860e+00	1.364138e+00	1.406302e+00	1.449181e+00	1.505694e+00	1.572048e+00	1.748445e+00	1.738911e+00	-4.366801e-01	
1  7.27695	-9.974079e-01	-1.982525e-02	4.859651e-02	6.555667e-01	9.679539e-01	8.075489e-01	2.685479e+00	9.812115e-02	3.165600e-01	1.100527e+00	1.220211e+00	1.273451e+00	1.317441e+00	1.357621e+00	1.400757e+00	1.444042e+00	1.498559e+00	1.565179e+00	1.741555e+00	1.815585e+00	-4.756228e-01	
2  6.86854	-1.010659e+00	1.722051e-02	4.772954e-02	6.416181e-01	9.740017e-01	8.084697e-01	2.554686e+00	9.013824e-02	3.152345e-01	1.099868e+00	1.220432e+00	1.274338e+00	1.317532e+00	1.358490e+00	1.401079e+00	1.445329e+00	1.499030e+00	1.566800e+00	1.742250e+00	1.893732e+00	-5.240330e-01	
7  12.8556	-1.016377e+00	8.106166e-02	5.132832e-02	6.584709e-01	9.663724e-01	8.106780e-01	2.341804e+00	5.369675e-02	3.141980e-01	1.099152e+00	1.219102e+00	1.271406e+00	1.315683e+00	1.355464e+00	1.397825e+00	1.442448e+00	1.495513e+00	1.563550e+00	1.736999e+00	1.936107e+00	-5.494306e-01	
1  12.233	-9.891250e-01	-2.161570e-02	5.205624e-02	6.488620e-01	9.737539e-01	8.066033e-01	2.369274e+00	8.220254e-02	3.173577e-01	1.100315e+00	1.220307e+00	1.272812e+00	1.318181e+00	1.356685e+00	1.400460e+00	1.446395e+00	1.498342e+00	1.567222e+00	1.741131e+00	1.837898e+00	-4.902914e-01	
6  10.9878	-9.867041e-01	-1.842264e-02	5.318192e-02	6.519292e-01	9.729913e-01	8.081386e-01	2.362272e+00	4.911607e-02	3.167898e-01	1.100688e+00	1.220823e+00	1.272503e+00	1.319351e+00	1.357119e+00	1.400229e+00	1.447162e+00	1.499391e+00	1.567407e+00	1.742272e+00	1.819552e+00	-4.727365e-01	
6  10.2646	-9.834801e-01	-5.947398e-02	5.234920e-02	6.612026e-01	9.757689e-01	8.077132e-01	2.782942e+00	5.743379e-02	3.165271e-01	1.100638e+00	1.222852e+00	1.274756e+00	1.322207e+00	1.359668e+00	1.401995e+00	1.450775e+00	1.501818e+00	1.570161e+00	1.746608e+00	1.775399e+00	-4.464738e-01	
5  8.65282	-1.001103e+00	5.546275e-02	5.105752e-02	6.796858e-01	9.631738e-01	8.109266e-01	2.923571e+00	4.150632e-02	3.144504e-01	1.097458e+00	1.218838e+00	1.269489e+00	1.315593e+00	1.353678e+00	1.393802e+00	1.441701e+00	1.492173e+00	1.559385e+00	1.736215e+00	1.693373e+00	-3.969805e-01	
2  13.9126	-1.048292e+00	2.479409e-01	4.950974e-02	6.999393e-01	9.533837e-01	8.162187e-01	3.152487e+00	1.182456e-02	3.100382e-01	1.095552e+00	1.216669e+00	1.267152e+00	1.313423e+00	1.349847e+00	1.389507e+00	1.436467e+00	1.485586e+00	1.552737e+00	1.727514e+00	1.739302e+00	-4.144571e-01	
# After 206 accepted steps: update proposal with max(R-1) = 0.784975 and jumping factor = 2.400000 
4  12.4279	-1.027370e+00	1.586667e-01	5.194588e-02	6.919267e-01	9.583742e-01	8.137144e-01	2.818925e+00	2.324634e-02	3.118131e-01	1.096454e+00	1.217539e+00	1.267836e+00	1.314398e+00	1.351564e+00	1.392076e+00	1.439145e+00	1.489171e+00	1.556092e+00	1.730653e+00	1.797583e+00	-4.624606e-01	
14  13.1922	-1.051003e+00	2.458232e-01	4.962208e-02	7.124914e-01	9.491624e-01	8.168560e-01	3.193699e+00	9.288645e-03	3.090942e-01	1.095307e+00	1.216398e+00	1.267297e+00	1.312947e+00	1.349934e+00	1.388822e+00	1.436718e+00	1.485328e+00	1.553327e+00	1.726986e+00	1.747605e+00	-4.282838e-01	
1  15.4036	-1.066345e+00	2.784145e-01	4.830905e-02	7.109525e-01	9.507497e-01	8.157839e-01	3.318360e+00	3.102462e-02	3.090354e-01	1.097217e+00	1.218829e+00	1.270177e+00	1.315682e+00	1.352839e+00	1.391536e+00	1.438866e+00	1.488406e+00	1.556776e+00	1.730833e+00	1.786400e+00	-4.496047e-01	
2  19.397	-1.079469e+00	3.409495e-01	4.958917e-02	7.367723e-01	9.415124e-01	8.173476e-01	3.583955e+00	2.859386e-02	3.082149e-01	1.097031e+00	1.218557e+00	1.269313e+00	1.314084e+00	1.350360e+00	1.388665e+00	1.436382e+00	1.486686e+00	1.553162e+00	1.727832e+00	1.836055e+00	-4.819140e-01	
3  19.4051	-1.078209e+00	3.328756e-01	4.863882e-02	7.358772e-01	9.418382e-01	8.175273e-01	3.670443e+00	1.209862e-02	3.079267e-01	1.098288e+00	1.219960e+00	1.270727e+00	1.315192e+00	1.352342e+00	1.390685e+00	1.438519e+00	1.488974e+00	1.555454e+00	1.731895e+00	1.727984e+00	-4.058000e-01	
2  20.7507	-1.099790e+00	4.161083e-01	4.779091e-02	7.457134e-01	9.374953e-01	8.195430e-01	3.800236e+00	8.092279e-03	3.063415e-01	1.097489e+00	1.218882e+00	1.270356e+00	1.313376e+00	1.351283e+00	1.387879e+00	1.437202e+00	1.485603e+00	1.550953e+00	1.727311e+00	1.736918e+00	-4.057304e-01	
9  15.9532	-1.056328e+00	2.849849e-01	4.926406e-02	7.381580e-01	9.399957e-01	8.173347e-01	3.662035e+00	5.288650e-03	3.093068e-01	1.095572e+00	1.216013e+00	1.268230e+00	1.310185e+00	1.349165e+00	1.385807e+00	1.434796e+00	1.483965e+00	1.550558e+00	1.726911e+00	1.784191e+00	-4.414091e-01	
1  16.0252	-1.051440e+00	2.395111e-01	4.782532e-02	7.151705e-01	9.487417e-01	8.142553e-01	3.555417e+00	3.778985e-02	3.109577e-01	1.097521e+00	1.218747e+00	1.271382e+00	1.313172e+00	1.352551e+00	1.390014e+00	1.438618e+00	1.487986e+00	1.555731e+00	1.732126e+00	1.732388e+00	-4.149398e-01	
1  13.8192	-1.054762e+00	2.489973e-01	4.799218e-02	7.193787e-01	9.488429e-01	8.149284e-01	3.653996e+00	3.550430e-02	3.103921e-01	1.097471e+00	1.218891e+00	1.271031e+00	1.313649e+00	1.351992e+00	1.390412e+00	1.438162e+00	1.488246e+00	1.556220e+00	1.731854e+00	1.607310e+00	-3.362428e-01	
1  12.9756	-1.050902e+00	2.332984e-01	4.990219e-02	7.201485e-01	9.493306e-01	8.158735e-01	3.421500e+00	2.486681e-02	3.098716e-01	1.096268e+00	1.217921e+00	1.270010e+00	1.312102e+00	1.350747e+00	1.389684e+00	1.438663e+00	1.486127e+00	1.555627e+00	1.730883e+00	1.614568e+00	-3.384019e-01	
2  13.8391	-1.044099e+00	1.895348e-01	5.251664e-02	7.200276e-01	9.534527e-01	8.149851e-01	3.270131e+00	1.859940e-02	3.107322e-01	1.098130e+00	1.220144e+00	1.272477e+00	1.314893e+00	1.354558e+00	1.392994e+00	1.443486e+00	1.489707e+00	1.559408e+00	1.735833e+00	1.592663e+00	-3.333887e-01	
11  12.813	-1.023508e+00	1.300197e-01	5.177540e-02	7.102140e-01	9.546315e-01	8.138424e-01	3.219431e+00	2.874626e-02	3.120783e-01	1.096455e+00	1.218117e+00	1.268840e+00	1.312671e+00	1.351401e+00	1.390776e+00	1.441099e+00	1.485949e+00	1.557610e+00	1.733763e+00	1.538925e+00	-3.007764e-01	
2  18.4452	-1.048866e+00	2.360491e-01	5.242333e-02	7.149657e-01	9.489512e-01	8.144128e-01	3.073362e+00	5.290581e-02	3.115690e-01	1.095886e+00	1.217976e+00	1.267690e+00	1.310178e+00	1.348159e+00	1.388092e+00	1.437286e+00	1.482031e+00	1.551918e+00	1.727760e+00	1.670619e+00	-3.900492e-01	
1  17.055	-1.015521e+00	4.488342e-02	5.133023e-02	6.638778e-01	9.730910e-01	8.081798e-01	2.749980e+00	6.846817e-02	3.156973e-01	1.101758e+00	1.226168e+00	1.277625e+00	1.321351e+00	1.361158e+00	1.402621e+00	1.450668e+00	1.499034e+00	1.569672e+00	1.747788e+00	1.597629e+00	-3.459816e-01	
10  19.1691	-1.018442e+00	-1.720997e-02	5.031232e-02	6.206393e-01	9.877043e-01	8.028994e-01	2.132640e+00	1.355928e-01	3.184914e-01	1.105746e+00	1.230635e+00	1.284447e+00	1.327704e+00	1.369800e+00	1.409923e+00	1.460902e+00	1.507596e+00	1.579207e+00	1.754652e+00	1.644450e+00	-3.735567e-01	
3  17.2775	-1.007015e+00	-5.080438e-02	5.092242e-02	6.334854e-01	9.832472e-01	8.040303e-01	2.281335e+00	1.125793e-01	3.179124e-01	1.104580e+00	1.229678e+00	1.283134e+00	1.326789e+00	1.369008e+00	1.409340e+00	1.460728e+00	1.506759e+00	1.578396e+00	1.754991e+00	1.622370e+00	-3.596721e-01	
5  13.8984	-1.009721e+00	-3.622687e-02	5.194339e-02	6.305229e-01	9.843092e-01	8.054313e-01	2.063368e+00	9.428473e-02	3.165531e-01	1.104185e+00	1.229066e+00	1.281791e+00	1.325644e+00	1.370318e+00	1.408168e+00	1.458696e+00	1.506870e+00	1.579046e+00	1.753362e+00	1.727274e+00	-4.149244e-01	
6  12.9431	-1.015282e+00	-3.871967e-02	5.155272e-02	6.216315e-01	9.880865e-01	8.049397e-01	1.935642e+00	1.109806e-01	3.160871e-01	1.104315e+00	1.229409e+00	1.282063e+00	1.326814e+00	1.371515e+00	1.409572e+00	1.459102e+00	1.507876e+00	1.581200e+00	1.754634e+00	1.744349e+00	-4.191160e-01	
8  12.4671	-1.085577e+00	2.738269e-01	5.298890e-02	6.907787e-01	9.622859e-01	8.155409e-01	2.631611e+00	5.743038e-02	3.082642e-01	1.100088e+00	1.223923e+00	1.274202e+00	1.320053e+00	1.361587e+00	1.399392e+00	1.445529e+00	1.495127e+00	1.566046e+00	1.738481e+00	1.700603e+00	-3.926961e-01	
2  10.8636	-1.071826e+00	2.142239e-01	5.168158e-02	6.818520e-01	9.667346e-01	8.149068e-01	2.706470e+00	5.225275e-02	3.086305e-01	1.100315e+00	1.224126e+00	1.274305e+00	1.321494e+00	1.362315e+00	1.401109e+00	1.446717e+00	1.497796e+00	1.568324e+00	1.743160e+00	1.645173e+00	-3.616089e-01	
17  11.0991	-1.057895e+00	1.365926e-01	5.211348e-02	6.657826e-01	9.767303e-01	8.125677e-01	2.564932e+00	6.455794e-02	3.101060e-01	1.101601e+00	1.225852e+00	1.276745e+00	1.323937e+00	1.365946e+00	1.404362e+00	1.451036e+00	1.502865e+00	1.573346e+00	1.748098e+00	1.673408e+00	-3.795683e-01	
5  10.7162	-1.039803e+00	1.049110e-01	5.193452e-02	6.642519e-01	9.743097e-01	8.114940e-01	2.628857e+00	7.293658e-02	3.117706e-01	1.099611e+00	1.222449e+00	1.274306e+00	1.320175e+00	1.361127e+00	1.399921e+00	1.445803e+00	1.498215e+00	1.569145e+00	1.744544e+00	1.709986e+00	-3.952227e-01	
5  10.9294	-1.028454e+00	1.124387e-01	5.026445e-02	6.884212e-01	9.650620e-01	8.121582e-01	3.208618e+00	7.200500e-02	3.121053e-01	1.096343e+00	1.218066e+00	1.269727e+00	1.314131e+00	1.354703e+00	1.393217e+00	1.437650e+00	1.491423e+00	1.560350e+00	1.736167e+00	1.732684e+00	-4.197628e-01	
5  14.3791	-1.031911e+00	1.163093e-01	5.064719e-02	6.875380e-01	9.654933e-01	8.098141e-01	3.153760e+00	8.881577e-02	3.135442e-01	1.099197e+00	1.221197e+00	1.273092e+00	1.318319e+00	1.357141e+00	1.396697e+00	1.441113e+00	1.494209e+00	1.562339e+00	1.739708e+00	1.720559e+00	-4.000335e-01	
2  13.3345	-1.027160e+00	6.460882e-02	4.811048e-02	6.556673e-01	9.772692e-01	8.087364e-01	2.944709e+00	8.830311e-02	3.139203e-01	1.100153e+00	1.223231e+00	1.275515e+00	1.321705e+00	1.361026e+00	1.401826e+00	1.445958e+00	1.499799e+00	1.566819e+00	1.745095e+00	1.761860e+00	-4.207493e-01	
5  13.4255	-1.004113e+00	2.732016e-02	4.793646e-02	6.648815e-01	9.728983e-01	8.086463e-01	3.200597e+00	7.785529e-02	3.150926e-01	1.097987e+00	1.220191e+00	1.270426e+00	1.317538e+00	1.356856e+00	1.397474e+00	1.441175e+00	1.494193e+00	1.562444e+00	1.740350e+00	1.875471e+00	-4.964958e-01	
5  12.1067	-1.002499e+00	-4.224682e-02	4.896138e-02	6.351065e-01	9.890734e-01	8.062242e-01	2.764130e+00	8.508624e-02	3.154506e-01	1.102302e+00	1.226971e+00	1.277989e+00	1.325484e+00	1.366224e+00	1.406856e+00	1.453005e+00	1.504617e+00	1.574261e+00	1.754208e+00	1.856668e+00	-4.903145e-01	
1  13.4349	-1.012350e+00	-5.402972e-02	4.850317e-02	6.132533e-01	1.000291e+00	8.068565e-01	2.451849e+00	8.515795e-02	3.137680e-01	1.103080e+00	1.228700e+00	1.280451e+00	1.327673e+00	1.370159e+00	1.410500e+00	1.457466e+00	1.509435e+00	1.580330e+00	1.759413e+00	1.789269e+00	-4.407320e-01	
1  11.9791	-1.033202e+00	6.579303e-02	4.846071e-02	6.280976e-01	9.911763e-01	8.112585e-01	2.573819e+00	5.864112e-02	3.113069e-01	1.099989e+00	1.224375e+00	1.275478e+00	1.321758e+00	1.363323e+00	1.404083e+00	1.449427e+00	1.501370e+00	1.572317e+00	1.750097e+00	1.700007e+00	-3.772206e-01	
3  11.2233	-1.057198e+00	1.638908e-01	4.773370e-02	6.592687e-01	9.764736e-01	8.144503e-01	2.852793e+00	5.955517e-02	3.085769e-01	1.098145e+00	1.221085e+00	1.271271e+00	1.318278e+00	1.358893e+00	1.398891e+00	1.443844e+00	1.494678e+00	1.566316e+00	1.741023e+00	1.653949e+00	-3.409471e-01	
5  10.3672	-1.043208e+00	1.272825e-01	4.627853e-02	6.460506e-01	9.782058e-01	8.122521e-01	2.810415e+00	7.396903e-02	3.107358e-01	1.098275e+00	1.219789e+00	1.270630e+00	1.317102e+00	1.358453e+00	1.398588e+00	1.443113e+00	1.493477e+00	1.565594e+00	1.740104e+00	1.605059e+00	-3.114362e-01	
2  11.4606	-1.034080e+00	7.129958e-02	4.642700e-02	6.190648e-01	9.882336e-01	8.101322e-01	2.510273e+00	7.971445e-02	3.124131e-01	1.100609e+00	1.223185e+00	1.274731e+00	1.321229e+00	1.362672e+00	1.403708e+00	1.449327e+00	1.499737e+00	1.571954e+00	1.747711e+00	1.449428e+00	-2.183584e-01	
7  9.89696	-1.032366e+00	9.398802e-02	4.743612e-02	6.270404e-01	9.818791e-01	8.105396e-01	2.392112e+00	7.984479e-02	3.127231e-01	1.098896e+00	1.220561e+00	1.271774e+00	1.318149e+00	1.357847e+00	1.400381e+00	1.442709e+00	1.495561e+00	1.566278e+00	1.742388e+00	1.515610e+00	-2.593309e-01	
1  14.4876	-1.032832e+00	1.356388e-01	4.515347e-02	6.470185e-01	9.684435e-01	8.118487e-01	2.801464e+00	7.917637e-02	3.122937e-01	1.096783e+00	1.216476e+00	1.267741e+00	1.314783e+00	1.352044e+00	1.394383e+00	1.436127e+00	1.489147e+00	1.559651e+00	1.734998e+00	1.464621e+00	-2.336681e-01	
4  11.5147	-1.028538e+00	1.024942e-01	4.665808e-02	6.433988e-01	9.708148e-01	8.113180e-01	2.544271e+00	8.338187e-02	3.123257e-01	1.097220e+00	1.217425e+00	1.269109e+00	1.314971e+00	1.354134e+00	1.394679e+00	1.438635e+00	1.491318e+00	1.562632e+00	1.737980e+00	1.522329e+00	-2.723934e-01	
4  10.9504	-1.045227e+00	1.744984e-01	4.690280e-02	6.595547e-01	9.645255e-01	8.144822e-01	2.631535e+00	6.576428e-02	3.099766e-01	1.095375e+00	1.215123e+00	1.266378e+00	1.311399e+00	1.351070e+00	1.392059e+00	1.435102e+00	1.488319e+00	1.558039e+00	1.732160e+00	1.559837e+00	-3.027943e-01	
3  10.1804	-1.039475e+00	1.420987e-01	4.552623e-02	6.582978e-01	9.651641e-01	8.122756e-01	2.793184e+00	7.741623e-02	3.115152e-01	1.097431e+00	1.218085e+00	1.269191e+00	1.314490e+00	1.354346e+00	1.395211e+00	1.439082e+00	1.491035e+00	1.560643e+00	1.734884e+00	1.462892e+00	-2.522344e-01	
4  9.41622	-1.017394e+00	6.063288e-02	4.662008e-02	6.477370e-01	9.679967e-01	8.087697e-01	2.569463e+00	1.051462e-01	3.142235e-01	1.098389e+00	1.218750e+00	1.270397e+00	1.315139e+00	1.355533e+00	1.396393e+00	1.441012e+00	1.493028e+00	1.562933e+00	1.736888e+00	1.480304e+00	-2.677834e-01	
15  8.04447	-1.011446e+00	7.730296e-02	4.563392e-02	6.643449e-01	9.601788e-01	8.106789e-01	2.891482e+00	8.718421e-02	3.138810e-01	1.095460e+00	1.214337e+00	1.265333e+00	1.310222e+00	1.350098e+00	1.390290e+00	1.435230e+00	1.486817e+00	1.556551e+00	1.730517e+00	1.540747e+00	-3.005185e-01	
14  7.19956	-9.762878e-01	-6.618636e-02	4.662688e-02	6.580751e-01	9.655546e-01	8.083047e-01	2.878268e+00	8.377848e-02	3.162936e-01	1.095448e+00	1.215575e+00	1.267346e+00	1.310937e+00	1.352600e+00	1.393472e+00	1.440683e+00	1.490945e+00	1.561360e+00	1.736476e+00	1.641548e+00	-3.693448e-01	
9  8.14271	-9.422488e-01	-2.177771e-01	4.651115e-02	6.275130e-01	9.794469e-01	8.046921e-01	2.671979e+00	8.277281e-02	3.193478e-01	1.098132e+00	1.219612e+00	1.272294e+00	1.315919e+00	1.359305e+00	1.400182e+00	1.449978e+00	1.498868e+00	1.571252e+00	1.748305e+00	1.569245e+00	-3.271931e-01	
13  8.60351	-9.651162e-01	-1.075527e-01	4.768725e-02	6.448634e-01	9.688172e-01	8.082257e-01	2.638808e+00	6.551868e-02	3.169362e-01	1.096604e+00	1.217789e+00	1.268088e+00	1.314742e+00	1.354175e+00	1.396311e+00	1.445007e+00	1.493090e+00	1.565583e+00	1.741775e+00	1.662405e+00	-3.867024e-01	
3  9.49293	-9.971087e-01	2.523033e-02	4.634016e-02	6.600920e-01	9.611675e-01	8.116856e-01	2.860873e+00	6.086694e-02	3.137932e-01	1.095265e+00	1.215288e+00	1.264798e+00	1.311881e+00	1.349653e+00	1.391935e+00	1.439667e+00	1.487195e+00	1.559455e+00	1.733941e+00	1.568050e+00	-3.206080e-01	
1  10.6911	-1.020831e+00	7.456612e-02	4.681763e-02	6.511601e-01	9.668330e-01	8.128928e-01	2.646965e+00	5.187599e-02	3.119025e-01	1.097560e+00	1.218513e+00	1.269068e+00	1.316267e+00	1.354604e+00	1.396417e+00	1.444262e+00	1.492761e+00	1.565406e+00	1.739310e+00	1.550141e+00	-3.078176e-01	
16  8.71191	-9.990539e-01	-1.874037e-02	4.763615e-02	6.264009e-01	9.750956e-01	8.096495e-01	2.197548e+00	6.262055e-02	3.147194e-01	1.098816e+00	1.220701e+00	1.271835e+00	1.318462e+00	1.358481e+00	1.400014e+00	1.448276e+00	1.496342e+00	1.568833e+00	1.743311e+00	1.663949e+00	-3.798330e-01	
4  9.00419	-1.002837e+00	-9.180838e-03	5.194255e-02	6.455023e-01	9.718239e-01	8.093611e-01	2.137344e+00	6.218492e-02	3.146243e-01	1.100689e+00	1.222437e+00	1.274147e+00	1.321019e+00	1.360922e+00	1.402076e+00	1.449584e+00	1.498343e+00	1.571399e+00	1.746660e+00	1.606745e+00	-3.438953e-01	
10  10.8248	-1.011254e+00	5.334092e-02	5.076406e-02	6.691293e-01	9.595009e-01	8.115373e-01	2.460976e+00	6.360979e-02	3.133670e-01	1.098274e+00	1.218202e+00	1.268124e+00	1.316499e+00	1.354611e+00	1.395262e+00	1.442129e+00	1.491122e+00	1.562774e+00	1.737830e+00	1.715651e+00	-4.095092e-01	
5  9.65248	-1.034448e+00	1.642246e-01	4.903019e-02	6.863439e-01	9.541335e-01	8.152718e-01	2.926545e+00	3.371070e-02	3.105741e-01	1.096835e+00	1.216761e+00	1.266651e+00	1.313391e+00	1.351323e+00	1.391567e+00	1.437874e+00	1.486242e+00	1.555988e+00	1.733257e+00	1.626401e+00	-3.439886e-01	
1  9.25913	-1.027826e+00	1.426676e-01	4.929052e-02	7.022919e-01	9.479330e-01	8.155252e-01	3.101531e+00	3.476143e-02	3.106520e-01	1.096283e+00	1.215947e+00	1.265867e+00	1.311887e+00	1.349792e+00	1.389736e+00	1.436784e+00	1.484024e+00	1.554945e+00	1.730550e+00	1.678255e+00	-3.779363e-01	
4  9.85693	-1.044657e+00	1.960562e-01	4.866473e-02	7.070638e-01	9.449992e-01	8.158761e-01	3.180104e+00	4.990370e-02	3.101989e-01	1.096622e+00	1.216365e+00	1.266600e+00	1.311962e+00	1.350050e+00	1.389025e+00	1.436123e+00	1.483788e+00	1.553181e+00	1.728257e+00	1.629189e+00	-3.466667e-01	
3  10.0282	-1.004537e+00	-2.201978e-02	4.699989e-02	6.579546e-01	9.643712e-01	8.095535e-01	2.725942e+00	8.373288e-02	3.144600e-01	1.100626e+00	1.222282e+00	1.272833e+00	1.319050e+00	1.360909e+00	1.399173e+00	1.447481e+00	1.496753e+00	1.566835e+00	1.745111e+00	1.652269e+00	-3.679168e-01	
6  9.80283	-9.876340e-01	-9.297815e-02	4.598709e-02	6.444270e-01	9.726435e-01	8.066400e-01	2.798943e+00	1.101369e-01	3.163556e-01	1.100918e+00	1.222482e+00	1.273171e+00	1.319489e+00	1.362162e+00	1.399476e+00	1.450096e+00	1.497933e+00	1.569319e+00	1.747204e+00	1.721230e+00	-4.201003e-01	
2  12.3271	-9.953078e-01	-8.085595e-02	4.616839e-02	6.542888e-01	9.701470e-01	8.076054e-01	2.942015e+00	1.140794e-01	3.155289e-01	1.100750e+00	1.223179e+00	1.273647e+00	1.319121e+00	1.361818e+00	1.400537e+00	1.449199e+00	1.498550e+00	1.568457e+00	1.748142e+00	1.560229e+00	-3.147882e-01	
10  13.3195	-9.716355e-01	-1.693316e-01	4.712169e-02	6.464115e-01	9.736619e-01	8.064361e-01	2.835189e+00	1.007266e-01	3.170604e-01	1.101173e+00	1.223896e+00	1.274680e+00	1.320413e+00	1.363396e+00	1.402411e+00	1.452692e+00	1.501815e+00	1.572235e+00	1.752008e+00	1.562367e+00	-3.282812e-01	
2  12.7808	-9.792267e-01	-1.160406e-01	4.917231e-02	6.472951e-01	9.706828e-01	8.092681e-01	2.576895e+00	7.727834e-02	3.153931e-01	1.098735e+00	1.220614e+00	1.271345e+00	1.317056e+00	1.358780e+00	1.399348e+00	1.447895e+00	1.496923e+00	1.568165e+00	1.748758e+00	1.535205e+00	-3.004814e-01	
9  13.2247	-9.483509e-01	-2.249056e-01	5.253748e-02	6.408947e-01	9.746977e-01	8.048296e-01	2.213452e+00	9.479841e-02	3.188064e-01	1.100795e+00	1.222318e+00	1.273042e+00	1.318545e+00	1.361295e+00	1.401452e+00	1.451851e+00	1.500032e+00	1.573346e+00	1.753523e+00	1.597196e+00	-3.538966e-01	
6  10.7366	-9.756374e-01	-1.075246e-01	5.299617e-02	6.626154e-01	9.673997e-01	8.086710e-01	2.421076e+00	6.861488e-02	3.158279e-01	1.099387e+00	1.220987e+00	1.271845e+00	1.316589e+00	1.358774e+00	1.398512e+00	1.447601e+00	1.496974e+00	1.567946e+00	1.749416e+00	1.630328e+00	-3.733723e-01	
3  10.841	-9.525200e-01	-1.738800e-01	5.444598e-02	6.495596e-01	9.701386e-01	8.064866e-01	2.065633e+00	8.157562e-02	3.182371e-01	1.098442e+00	1.218681e+00	1.270115e+00	1.313717e+00	1.357508e+00	1.395657e+00	1.446447e+00	1.494961e+00	1.566002e+00	1.746526e+00	1.700085e+00	-4.174305e-01	
6  11.8271	-9.691233e-01	-1.718918e-01	5.346602e-02	6.126996e-01	9.839325e-01	8.036018e-01	1.579242e+00	1.121529e-01	3.191298e-01	1.102939e+00	1.224154e+00	1.277014e+00	1.320007e+00	1.364313e+00	1.404528e+00	1.454165e+00	1.502360e+00	1.574216e+00	1.754155e+00	1.734787e+00	-4.294348e-01	
5  11.0345	-9.809725e-01	-9.717791e-02	5.163905e-02	6.378539e-01	9.735236e-01	8.072046e-01	2.043523e+00	7.568662e-02	3.166034e-01	1.101380e+00	1.221914e+00	1.273980e+00	1.317016e+00	1.361287e+00	1.400719e+00	1.449983e+00	1.497455e+00	1.569755e+00	1.747474e+00	1.700495e+00	-4.017609e-01	
15  14.0584	-9.741939e-01	-1.332655e-01	5.309832e-02	6.238894e-01	9.780523e-01	8.052485e-01	1.677403e+00	8.399603e-02	3.179070e-01	1.102978e+00	1.223933e+00	1.276520e+00	1.319684e+00	1.364121e+00	1.404069e+00	1.452809e+00	1.500493e+00	1.575095e+00	1.751100e+00	1.754108e+00	-4.430049e-01	
1  14.0791	-9.650034e-01	-1.674425e-01	5.301236e-02	6.364368e-01	9.768699e-01	8.063031e-01	2.046571e+00	6.431483e-02	3.176542e-01	1.102152e+00	1.223587e+00	1.276801e+00	1.319638e+00	1.363825e+00	1.404712e+00	1.452346e+00	1.502022e+00	1.575882e+00	1.753076e+00	1.634309e+00	-3.730613e-01	
7  13.7581	-9.743963e-01	-1.739418e-01	5.449080e-02	6.296664e-01	9.825366e-01	8.049112e-01	1.808804e+00	7.887897e-02	3.175961e-01	1.105058e+00	1.228269e+00	1.281663e+00	1.324198e+00	1.369944e+00	1.410056e+00	1.458332e+00	1.507950e+00	1.582459e+00	1.758964e+00	1.625065e+00	-3.639817e-01	
# After 269 accepted steps: rescaled jumping factor from 2.400000 to 2.411070, due to updated covariance matrix 
# After 269 accepted steps: update proposal with max(R-1) = 0.570267 and jumping factor = 2.411070 
31  14.4023	-9.602061e-01	-2.364590e-01	5.512597e-02	6.090087e-01	9.913254e-01	8.019304e-01	1.569577e+00	8.378186e-02	3.197333e-01	1.107774e+00	1.231385e+00	1.285722e+00	1.328650e+00	1.374973e+00	1.414526e+00	1.464013e+00	1.513919e+00	1.588908e+00	1.766265e+00	1.650684e+00	-3.780916e-01	
1  13.6686	-9.422335e-01	-2.593312e-01	5.538980e-02	6.369567e-01	9.799503e-01	8.043441e-01	1.958682e+00	6.303267e-02	3.191128e-01	1.103849e+00	1.225217e+00	1.279106e+00	1.322464e+00	1.368544e+00	1.407482e+00	1.456662e+00	1.505681e+00	1.581445e+00	1.758848e+00	1.687859e+00	-4.048625e-01	
5  13.3372	-9.580404e-01	-2.065975e-01	5.521602e-02	6.434685e-01	9.788218e-01	8.054708e-01	2.131680e+00	6.507796e-02	3.179244e-01	1.103996e+00	1.225824e+00	1.279307e+00	1.324295e+00	1.366823e+00	1.407195e+00	1.456886e+00	1.506137e+00	1.581548e+00	1.759322e+00	1.715873e+00	-4.190316e-01	
3  12.8764	-9.928966e-01	-1.443036e-01	5.241068e-02	6.256981e-01	9.891388e-01	8.056926e-01	2.137761e+00	7.095209e-02	3.161509e-01	1.107735e+00	1.232432e+00	1.286348e+00	1.332150e+00	1.373599e+00	1.415380e+00	1.466448e+00	1.513839e+00	1.588531e+00	1.766636e+00	1.625869e+00	-3.637379e-01	
13  10.8593	-1.008416e+00	-8.040645e-02	5.297045e-02	6.331272e-01	9.866247e-01	8.067175e-01	2.151887e+00	6.965847e-02	3.151857e-01	1.107763e+00	1.232288e+00	1.285876e+00	1.330734e+00	1.373556e+00	1.413702e+00	1.465081e+00	1.512052e+00	1.585783e+00	1.764208e+00	1.726523e+00	-4.139680e-01	
3  8.64366	-9.897876e-01	-1.242714e-01	5.205367e-02	6.366519e-01	9.838780e-01	8.073465e-01	2.372135e+00	5.917781e-02	3.158259e-01	1.105333e+00	1.229005e+00	1.282037e+00	1.327831e+00	1.369921e+00	1.410730e+00	1.460431e+00	1.510042e+00	1.582193e+00	1.762150e+00	1.742625e+00	-4.290749e-01	
1  8.96871	-1.008039e+00	-1.289131e-02	5.202095e-02	6.575984e-01	9.703518e-01	8.093331e-01	2.482979e+00	6.364982e-02	3.149894e-01	1.103374e+00	1.225171e+00	1.277267e+00	1.323024e+00	1.363370e+00	1.403921e+00	1.452082e+00	1.501441e+00	1.572306e+00	1.751438e+00	1.896450e+00	-5.268435e-01	
9  6.4554	-9.866821e-01	-5.898129e-02	5.147326e-02	6.628134e-01	9.650629e-01	8.086669e-01	2.533268e+00	6.332132e-02	3.162388e-01	1.101248e+00	1.222191e+00	1.273697e+00	1.318768e+00	1.359866e+00	1.400362e+00	1.446927e+00	1.496991e+00	1.567984e+00	1.747096e+00	1.832534e+00	-4.836400e-01	
4  7.17467	-1.013991e+00	4.034013e-02	5.357384e-02	6.810042e-01	9.623084e-01	8.101545e-01	2.606169e+00	5.774378e-02	3.140755e-01	1.102541e+00	1.223725e+00	1.275329e+00	1.319816e+00	1.360850e+00	1.401170e+00	1.446648e+00	1.497537e+00	1.567766e+00	1.746450e+00	1.753773e+00	-4.252230e-01	
5  8.08254	-1.010915e+00	-4.411834e-02	5.191393e-02	6.286029e-01	9.869184e-01	8.078254e-01	2.182684e+00	5.262310e-02	3.150434e-01	1.106486e+00	1.230799e+00	1.284055e+00	1.328871e+00	1.372321e+00	1.412925e+00	1.458956e+00	1.511418e+00	1.581859e+00	1.761986e+00	1.707052e+00	-3.929348e-01	
7  7.85424	-9.899242e-01	-1.325934e-01	5.487351e-02	6.196075e-01	9.913838e-01	8.060916e-01	1.811738e+00	5.948382e-02	3.167795e-01	1.106879e+00	1.231127e+00	1.284127e+00	1.329679e+00	1.373167e+00	1.414687e+00	1.462824e+00	1.513630e+00	1.584990e+00	1.765146e+00	1.711249e+00	-4.072347e-01	
8  6.57001	-1.004561e+00	-5.881187e-02	5.264676e-02	6.292096e-01	9.853380e-01	8.068373e-01	2.129678e+00	8.169776e-02	3.161186e-01	1.104831e+00	1.228175e+00	1.280168e+00	1.325655e+00	1.370032e+00	1.408385e+00	1.457791e+00	1.507283e+00	1.578891e+00	1.757849e+00	1.722724e+00	-4.119110e-01	
19  6.6012	-9.967179e-01	-6.016959e-02	5.235322e-02	6.482384e-01	9.783713e-01	8.065558e-01	2.545106e+00	9.473780e-02	3.169523e-01	1.103508e+00	1.225680e+00	1.277297e+00	1.323197e+00	1.366076e+00	1.404506e+00	1.453868e+00	1.502886e+00	1.574340e+00	1.751794e+00	1.773546e+00	-4.487907e-01	
5  6.66389	-9.753116e-01	-1.282861e-01	5.130645e-02	6.336033e-01	9.838401e-01	8.056143e-01	2.497699e+00	7.700045e-02	3.183509e-01	1.103276e+00	1.225173e+00	1.277804e+00	1.323357e+00	1.366212e+00	1.405474e+00	1.455403e+00	1.503781e+00	1.576888e+00	1.753947e+00	1.614176e+00	-3.416635e-01	
2  8.48005	-9.935457e-01	-1.895415e-02	5.087012e-02	6.644627e-01	9.703150e-01	8.083556e-01	2.899688e+00	6.491191e-02	3.163198e-01	1.101060e+00	1.221902e+00	1.274153e+00	1.319398e+00	1.360837e+00	1.399810e+00	1.447511e+00	1.496166e+00	1.567892e+00	1.746986e+00	1.492876e+00	-2.669790e-01	
6  7.41302	-9.996785e-01	-1.209998e-02	5.119263e-02	6.585682e-01	9.702215e-01	8.079612e-01	2.627699e+00	8.580612e-02	3.164866e-01	1.100743e+00	1.221645e+00	1.274500e+00	1.319191e+00	1.360302e+00	1.399705e+00	1.447087e+00	1.495923e+00	1.567765e+00	1.745604e+00	1.614722e+00	-3.444455e-01	
6  6.25756	-9.717247e-01	-1.330463e-01	5.129224e-02	6.428516e-01	9.795733e-01	8.039479e-01	2.557324e+00	9.830679e-02	3.192721e-01	1.102925e+00	1.224287e+00	1.277909e+00	1.321737e+00	1.365436e+00	1.403895e+00	1.453655e+00	1.501852e+00	1.575497e+00	1.752487e+00	1.640024e+00	-3.609087e-01	
3  9.5992	-9.603292e-01	-2.004745e-01	5.110564e-02	6.245792e-01	9.898831e-01	8.019863e-01	2.527847e+00	1.052806e-01	3.207909e-01	1.104633e+00	1.227343e+00	1.281574e+00	1.325777e+00	1.369658e+00	1.408643e+00	1.459176e+00	1.507403e+00	1.581433e+00	1.758622e+00	1.627661e+00	-3.573951e-01	
1  8.63332	-9.504786e-01	-2.073451e-01	5.050196e-02	6.385242e-01	9.810216e-01	8.016218e-01	2.694482e+00	1.209161e-01	3.216325e-01	1.102443e+00	1.223971e+00	1.277478e+00	1.320673e+00	1.364972e+00	1.403884e+00	1.452802e+00	1.501400e+00	1.575503e+00	1.752119e+00	1.638381e+00	-3.714255e-01	
9  8.65999	-9.537000e-01	-2.433637e-01	4.932271e-02	6.177216e-01	9.897433e-01	8.013626e-01	2.471003e+00	1.100785e-01	3.211870e-01	1.104913e+00	1.228031e+00	1.282536e+00	1.326192e+00	1.371874e+00	1.410338e+00	1.460301e+00	1.508417e+00	1.582863e+00	1.760735e+00	1.655880e+00	-3.824973e-01	
10  7.5566	-9.533170e-01	-2.408888e-01	4.842194e-02	6.139642e-01	9.875618e-01	8.002972e-01	2.381701e+00	1.256047e-01	3.219903e-01	1.105210e+00	1.227244e+00	1.281980e+00	1.325662e+00	1.371790e+00	1.409348e+00	1.458778e+00	1.508646e+00	1.581688e+00	1.759417e+00	1.663148e+00	-3.880716e-01	
18  6.63012	-9.615031e-01	-2.102998e-01	4.816202e-02	6.184727e-01	9.844236e-01	8.012485e-01	2.328139e+00	1.364974e-01	3.208931e-01	1.103543e+00	1.225280e+00	1.280246e+00	1.322216e+00	1.368802e+00	1.407547e+00	1.453791e+00	1.505883e+00	1.577460e+00	1.755210e+00	1.662239e+00	-3.815896e-01	
3  5.59745	-9.878332e-01	-1.099961e-01	4.682111e-02	6.437914e-01	9.774297e-01	8.057539e-01	2.797084e+00	1.112546e-01	3.168183e-01	1.101697e+00	1.223680e+00	1.277702e+00	1.320055e+00	1.364741e+00	1.404045e+00	1.450003e+00	1.501630e+00	1.573317e+00	1.750409e+00	1.696263e+00	-3.994704e-01	
6  6.77194	-1.000122e+00	-2.319001e-02	4.843792e-02	6.702237e-01	9.664513e-01	8.086948e-01	3.001943e+00	9.000100e-02	3.150271e-01	1.099894e+00	1.221620e+00	1.273747e+00	1.317515e+00	1.360053e+00	1.398379e+00	1.444968e+00	1.495950e+00	1.567682e+00	1.742889e+00	1.812847e+00	-4.729809e-01	
54  6.70763	-9.949025e-01	-4.839670e-02	4.735285e-02	6.616007e-01	9.677939e-01	8.082014e-01	2.946975e+00	8.780180e-02	3.153392e-01	1.101094e+00	1.221848e+00	1.273874e+00	1.319080e+00	1.361590e+00	1.398669e+00	1.446474e+00	1.497372e+00	1.568911e+00	1.744772e+00	1.820656e+00	-4.716184e-01	
1  13.505	-9.638079e-01	-2.044932e-01	4.520614e-02	6.227030e-01	9.848698e-01	8.029856e-01	2.862750e+00	1.005144e-01	3.192973e-01	1.105416e+00	1.227531e+00	1.281265e+00	1.327173e+00	1.370553e+00	1.408159e+00	1.458609e+00	1.507868e+00	1.582814e+00	1.757120e+00	1.781307e+00	-4.575443e-01	
3  12.0743	-9.757132e-01	-1.382238e-01	4.535498e-02	6.415235e-01	9.782985e-01	8.044152e-01	3.103618e+00	1.018580e-01	3.181970e-01	1.103787e+00	1.225732e+00	1.277797e+00	1.323285e+00	1.367308e+00	1.403688e+00	1.453602e+00	1.503712e+00	1.576787e+00	1.750942e+00	1.853486e+00	-5.034022e-01	
11  11.591	-9.886801e-01	-7.714603e-02	4.624237e-02	6.561543e-01	9.714562e-01	8.061254e-01	3.109124e+00	9.961816e-02	3.167829e-01	1.102366e+00	1.223920e+00	1.275575e+00	1.321345e+00	1.363608e+00	1.401577e+00	1.448265e+00	1.499241e+00	1.572168e+00	1.746536e+00	1.860083e+00	-5.021833e-01	
6  10.064	-9.680889e-01	-1.848161e-01	4.841669e-02	6.255341e-01	9.860046e-01	8.026806e-01	2.577851e+00	1.074436e-01	3.191842e-01	1.104862e+00	1.227635e+00	1.281104e+00	1.326368e+00	1.370204e+00	1.407567e+00	1.457024e+00	1.507226e+00	1.580643e+00	1.756004e+00	1.729072e+00	-4.226671e-01	
1  9.54594	-9.953970e-01	-8.686900e-02	4.842620e-02	6.441153e-01	9.794654e-01	8.056622e-01	2.777994e+00	8.984238e-02	3.164831e-01	1.105858e+00	1.228637e+00	1.280634e+00	1.326803e+00	1.370530e+00	1.407393e+00	1.456439e+00	1.507523e+00	1.578665e+00	1.756074e+00	1.712767e+00	-4.124759e-01	
2  12.1119	-1.048288e+00	1.294912e-01	4.896218e-02	6.893922e-01	9.635907e-01	8.114256e-01	3.196245e+00	7.434824e-02	3.113749e-01	1.103209e+00	1.225655e+00	1.276228e+00	1.323069e+00	1.363493e+00	1.400797e+00	1.448198e+00	1.500761e+00	1.569127e+00	1.745703e+00	1.790203e+00	-4.621183e-01	
5  11.8546	-1.058958e+00	1.466433e-01	4.866175e-02	6.813250e-01	9.655189e-01	8.103874e-01	3.010205e+00	8.537036e-02	3.114820e-01	1.105391e+00	1.228032e+00	1.279818e+00	1.326393e+00	1.366756e+00	1.404675e+00	1.451817e+00	1.503546e+00	1.572885e+00	1.748258e+00	1.753023e+00	-4.349471e-01	
3  12.881	-1.032124e+00	4.742400e-02	4.923517e-02	6.631941e-01	9.710228e-01	8.071034e-01	2.700235e+00	1.049543e-01	3.139245e-01	1.105422e+00	1.228241e+00	1.280048e+00	1.326633e+00	1.367881e+00	1.405705e+00	1.454101e+00	1.504296e+00	1.576094e+00	1.752274e+00	1.787854e+00	-4.533601e-01	
16  14.0963	-1.027745e+00	2.160781e-02	4.829536e-02	6.461641e-01	9.731118e-01	8.070818e-01	2.406939e+00	9.356781e-02	3.141421e-01	1.105810e+00	1.228273e+00	1.281182e+00	1.327495e+00	1.369507e+00	1.408172e+00	1.454494e+00	1.506392e+00	1.578428e+00	1.754496e+00	1.702242e+00	-3.917137e-01	
17  13.7763	-1.024115e+00	-7.221883e-03	4.744114e-02	6.392213e-01	9.769087e-01	8.055738e-01	2.511717e+00	1.034696e-01	3.154712e-01	1.107221e+00	1.230024e+00	1.284142e+00	1.329354e+00	1.373441e+00	1.410599e+00	1.458397e+00	1.510052e+00	1.582174e+00	1.756891e+00	1.658233e+00	-3.736705e-01	
1  13.1738	-1.015043e+00	-8.218664e-03	4.825881e-02	6.488798e-01	9.721705e-01	8.059495e-01	2.565679e+00	8.770330e-02	3.162385e-01	1.106357e+00	1.228723e+00	1.283103e+00	1.327051e+00	1.370999e+00	1.407406e+00	1.457613e+00	1.506844e+00	1.578949e+00	1.753971e+00	1.752367e+00	-4.434065e-01	
3  13.2944	-9.871925e-01	-1.285411e-01	4.708373e-02	6.237131e-01	9.835234e-01	8.035637e-01	2.499940e+00	8.287103e-02	3.184183e-01	1.107596e+00	1.230471e+00	1.285658e+00	1.329577e+00	1.375430e+00	1.412106e+00	1.463721e+00	1.512325e+00	1.586084e+00	1.762292e+00	1.662658e+00	-3.923391e-01	
2  11.0427	-1.005661e+00	-7.709389e-02	4.605848e-02	6.303535e-01	9.831741e-01	8.051496e-01	2.675038e+00	7.934986e-02	3.167158e-01	1.108021e+00	1.231381e+00	1.285694e+00	1.330410e+00	1.375614e+00	1.414524e+00	1.463348e+00	1.512907e+00	1.586594e+00	1.762049e+00	1.670836e+00	-3.836229e-01	
2  9.95043	-1.006220e+00	-2.602898e-02	4.602201e-02	6.604702e-01	9.740535e-01	8.097391e-01	3.218182e+00	2.886595e-02	3.138493e-01	1.104517e+00	1.227728e+00	1.280201e+00	1.325650e+00	1.369125e+00	1.407987e+00	1.457104e+00	1.505897e+00	1.579707e+00	1.757428e+00	1.689191e+00	-3.964826e-01	
6  13.3	-1.017333e+00	1.792024e-02	4.550384e-02	6.864828e-01	9.633150e-01	8.109429e-01	3.576409e+00	2.038444e-02	3.132182e-01	1.105051e+00	1.228385e+00	1.280440e+00	1.326263e+00	1.368930e+00	1.407270e+00	1.456258e+00	1.505507e+00	1.578168e+00	1.755197e+00	1.617672e+00	-3.540758e-01	
6  9.03569	-1.027816e+00	8.024243e-02	4.778388e-02	7.024271e-01	9.573641e-01	8.119936e-01	3.537148e+00	3.400600e-02	3.125537e-01	1.102905e+00	1.224949e+00	1.277108e+00	1.321593e+00	1.363443e+00	1.402809e+00	1.450740e+00	1.499796e+00	1.571692e+00	1.748281e+00	1.622924e+00	-3.546825e-01	
1  9.28623	-1.035240e+00	1.212301e-01	4.836547e-02	7.025184e-01	9.566385e-01	8.128335e-01	3.404375e+00	3.980748e-02	3.116958e-01	1.100896e+00	1.222844e+00	1.275051e+00	1.318247e+00	1.360356e+00	1.399685e+00	1.447228e+00	1.495341e+00	1.567524e+00	1.744098e+00	1.655286e+00	-3.803053e-01	
8  8.79769	-1.035614e+00	8.828318e-02	4.813346e-02	6.712971e-01	9.691296e-01	8.109097e-01	3.057665e+00	5.163849e-02	3.128263e-01	1.103376e+00	1.226449e+00	1.279814e+00	1.322145e+00	1.365088e+00	1.405184e+00	1.453869e+00	1.501451e+00	1.573505e+00	1.750658e+00	1.613952e+00	-3.480922e-01	
3  7.78033	-1.022699e+00	1.170133e-01	4.656640e-02	7.049993e-01	9.492673e-01	8.115911e-01	3.591090e+00	6.094016e-02	3.137063e-01	1.099178e+00	1.219080e+00	1.271617e+00	1.313264e+00	1.354104e+00	1.395006e+00	1.441528e+00	1.489201e+00	1.560315e+00	1.736565e+00	1.640234e+00	-3.648451e-01	
6  6.92836	-1.051472e+00	2.070292e-01	4.831339e-02	7.175634e-01	9.493953e-01	8.136579e-01	3.668066e+00	5.671014e-02	3.111817e-01	1.099839e+00	1.220275e+00	1.272346e+00	1.315487e+00	1.354577e+00	1.396650e+00	1.441966e+00	1.490834e+00	1.559870e+00	1.736169e+00	1.598126e+00	-3.277274e-01	
5  7.02355	-1.058892e+00	2.333575e-01	4.857503e-02	7.159480e-01	9.480044e-01	8.152474e-01	3.455376e+00	5.718739e-02	3.097133e-01	1.097951e+00	1.217664e+00	1.269304e+00	1.313284e+00	1.351951e+00	1.394147e+00	1.440136e+00	1.486897e+00	1.557209e+00	1.732212e+00	1.736764e+00	-3.987590e-01	
6  7.1695	-1.055056e+00	2.316383e-01	5.085048e-02	7.114059e-01	9.465434e-01	8.162543e-01	3.018919e+00	4.009079e-02	3.094031e-01	1.096983e+00	1.217059e+00	1.267899e+00	1.311947e+00	1.350313e+00	1.393025e+00	1.438545e+00	1.486033e+00	1.555319e+00	1.731501e+00	1.747349e+00	-4.047021e-01	
1  7.17233	-1.042894e+00	1.925110e-01	4.956273e-02	7.082340e-01	9.518066e-01	8.152305e-01	3.349105e+00	2.877051e-02	3.102861e-01	1.098112e+00	1.218661e+00	1.268796e+00	1.314099e+00	1.352840e+00	1.393752e+00	1.440696e+00	1.488600e+00	1.557865e+00	1.734763e+00	1.836853e+00	-4.582733e-01	
24  5.61614	-9.991291e-01	3.893431e-02	4.888513e-02	6.923573e-01	9.588614e-01	8.118439e-01	3.349031e+00	2.835070e-02	3.136407e-01	1.097991e+00	1.218799e+00	1.268998e+00	1.315360e+00	1.353568e+00	1.396566e+00	1.441741e+00	1.491729e+00	1.561134e+00	1.740070e+00	1.886858e+00	-5.009347e-01	
6  6.05153	-1.011214e+00	9.736417e-02	5.013001e-02	7.053895e-01	9.531033e-01	8.134227e-01	3.326313e+00	2.608204e-02	3.126066e-01	1.096778e+00	1.217362e+00	1.266411e+00	1.313688e+00	1.350806e+00	1.393344e+00	1.437959e+00	1.489238e+00	1.556832e+00	1.735394e+00	1.887906e+00	-5.102277e-01	
1  5.51191	-1.030934e+00	1.351828e-01	4.966610e-02	6.936427e-01	9.548517e-01	8.135986e-01	2.968497e+00	3.367642e-02	3.115898e-01	1.098612e+00	1.219722e+00	1.269701e+00	1.316484e+00	1.354042e+00	1.396919e+00	1.441044e+00	1.490561e+00	1.561100e+00	1.737003e+00	1.836019e+00	-4.738975e-01	
