2.401162727619520726e-06
2.449669533734776880e-06
2.499156089652387311e-06
2.549642462167866462e-06
2.601148718076728351e-06
2.653695230537777361e-06
2.707303598162979335e-06
2.761994653656073991e-06
2.817790761537252871e-06
2.874713673600125941e-06
2.932786979818046625e-06
2.992033044711205619e-06
3.052476070979536652e-06
3.114140261322972186e-06
3.177050124804735891e-06
3.241230783214631745e-06
3.306707971069044455e-06
3.373508035610938610e-06
3.441657324083279647e-06
3.511183409182194037e-06
3.582113863603807830e-06
3.654477485497408531e-06
3.728302766648993284e-06
3.803619424297720689e-06
3.880457788409329655e-06
3.958848188949558663e-06
4.038822181337308082e-06
4.120411933718059005e-06
4.203649614237291682e-06
4.288568922856937761e-06
4.375203865902220526e-06
4.463588756061653201e-06
4.553759437840197871e-06
4.645751449379530915e-06
4.739601860637775873e-06
4.835348047936348773e-06
4.933028613049827097e-06
5.032682464116077424e-06
5.134349428362837849e-06
5.238070252107717140e-06
5.343886294394904792e-06
5.451839526995171030e-06
5.561974066222318210e-06
5.674333415663567109e-06
5.788962917085881541e-06
5.905907299529643745e-06
6.025214968394719485e-06
6.146931878174654153e-06
6.271108272449054009e-06
6.397793169344366398e-06
6.527037425166780002e-06
6.658891896222483508e-06
6.793410502450568400e-06
6.930646551063544585e-06
7.070655187453665854e-06
7.213491557013183458e-06
7.359213868767253986e-06
7.507879719014452453e-06
7.659549154959675944e-06
7.814282223807820696e-06
7.972141423670108407e-06
8.133189252657756538e-06
8.297490659788307163e-06
8.465111206805883931e-06
8.636117680907771951e-06
8.810578707470992591e-06
8.988564137325737147e-06
9.170145046755349906e-06
9.355394350222921577e-06
9.544386187644702632e-06
9.737195311663525123e-06
9.933899538555122206e-06
1.013457791004839019e-05
1.033931008059880527e-05
1.054817754284158327e-05
1.076126546577142782e-05
1.097865718020329777e-05
1.120044091876479615e-05
1.142670491408352766e-05
1.165753984969341824e-05
1.189303763458155697e-05
1.213329262864135417e-05
1.237840164267253967e-05
1.262846148747484840e-05
1.288357387566065603e-05
1.314383929438917847e-05
1.340936190717911601e-05
1.368024955390864992e-05
1.395660884900280171e-05
1.423855008324607897e-05
1.452618844923563002e-05
1.481963668866228199e-05
1.511901367048266927e-05
1.542443826365342627e-05
1.573603178803750354e-05
1.605392046531050931e-05
1.637823174260119805e-05
1.670909429249149751e-05
1.704664046392280800e-05
1.739100505674286625e-05
1.774232654715887818e-05
1.810074586228437935e-05
1.846640515468606851e-05
1.883945025329012029e-05
1.922003311428852171e-05
1.960830324296693688e-05
2.000441749732999186e-05
2.040853396083547929e-05
2.082081439330067446e-05
2.124142177999601244e-05
2.167052645891089365e-05
2.210829999348788507e-05
2.255491884898219273e-05
2.301055703974270314e-05
2.347540083464991399e-05
2.394963650258431960e-05
2.443345031242642444e-05
2.492703833668201112e-05
2.543059909876319193e-05
2.594433112208206898e-05
2.646844028276972672e-05
2.700313980967620816e-05
2.754863802983890711e-05
2.810515797573315825e-05
2.867292022892797335e-05
2.925215027280500326e-05
2.984308339437120064e-05
3.044595488063350121e-05
3.106100246950517719e-05
3.168847615343110179e-05
3.232862592485616181e-05
3.298170912894419924e-05
3.364798311085904928e-05
3.432771747029618545e-05
3.502118425785738048e-05
3.572865797505072661e-05
3.645042537791595439e-05
3.718677322249276727e-05
3.793799561753984762e-05
3.870439402453484316e-05
3.948627480676804069e-05
4.028394922934238638e-05
4.109773836098610454e-05
4.192796817224006528e-05
4.277497198636409734e-05
4.363908312661804977e-05
4.452064962169969555e-05
4.542002440211943999e-05
4.633757020201300037e-05
4.727365465732872625e-05
4.822864540401496043e-05
4.920292968527063582e-05
5.019689474429468533e-05
5.121093762791132677e-05
5.224546518657006283e-05
5.330089407434569467e-05
5.437764584712566248e-05
5.547614696261005910e-05
5.659683858393690128e-05
5.774017167786949748e-05
5.890659721117116291e-05
6.009659065966842164e-05
6.131062259737517900e-05
6.254917830374323042e-05
6.381275776366235623e-05
6.510186096202230969e-05
6.641700258915078832e-05
6.775871694262603233e-05
6.912753341821369709e-05
7.052400101892998064e-05
7.194868345322901176e-05
7.340214442956491923e-05
7.488496236182980322e-05
7.639774017297894563e-05
7.794107588415497576e-05
7.951559202556379951e-05
8.112191112741128215e-05
8.276068513077915038e-05
8.443255617312386634e-05
8.613821050821568437e-05
8.787831478257428902e-05
8.965357485722050442e-05
9.146469659317515467e-05
9.331241526233496604e-05
9.519744652934602721e-05
9.712056488060623110e-05
9.908252519526283310e-05
1.010841313705895876e-04
1.031261578929843197e-04
1.052094478742219235e-04
1.073348248188267230e-04
1.095031318385735852e-04
1.117152414561132655e-04
1.139720359977218110e-04
1.162744272005511166e-04
1.186233268017531181e-04
1.210196759493555583e-04
1.234644353986368178e-04
1.259585757085005550e-04
1.285031164559768328e-04
1.310990478072198795e-04
1.337474187501356735e-04
1.364492978798807223e-04
1.392057635952368929e-04
1.420179040986113033e-04
1.448868566105374620e-04
1.478137583515490132e-04
1.507997955603059101e-04
1.538461544754681875e-04
1.569540507465717145e-04
1.601247392376535267e-04
1.633594748127506599e-04
1.666595515504013436e-04
1.700262929400195874e-04
1.734610518818953710e-04
1.769652008835691486e-04
1.805401320598320667e-04
1.841872963472269129e-04
1.879081250750459190e-04
1.917041083943331206e-04
1.955767952778841954e-04
1.995277150912442643e-04
2.035584364144596696e-04
2.076705866493284221e-04
2.118658128048991429e-04
2.161457814974709825e-04
2.205122181650949226e-04
2.249668678530724198e-04
2.295114952139555955e-04
2.341479433292988229e-04
2.388780356734059192e-04
2.437036937568336182e-04
2.486268390901386267e-04
2.536494323983788180e-04
2.587734932283637613e-04
2.640010607341536906e-04
2.693342328915604542e-04
2.747751468908972297e-04
2.803259791369781991e-04
2.859889256418682085e-04
2.917663000611354961e-04
2.976603572285966312e-04
3.036735088360727956e-04
3.098081077536334483e-04
3.160666441021020502e-04
3.224516276095527271e-04
3.289655876113101065e-04
3.356111122644505934e-04
3.423909073695539842e-04
3.493076787272001837e-04
3.563641713524702092e-04
3.635632086894474116e-04
3.709076533967162539e-04
3.784004857763646995e-04
3.860446861304807657e-04
3.938433131901546407e-04
4.017994649009778421e-04
4.099163568520451705e-04
4.181972046324516435e-04
4.266453414747956160e-04
4.352641790406777764e-04
4.440570897771975922e-04
4.530276422039604726e-04
4.621794048405717184e-04
4.715160246356389639e-04
4.810413053957744559e-04
4.907589724985881620e-04
5.006729473941958289e-04
5.107872299617155368e-04
5.211058200802653117e-04
5.316328352724666254e-04
5.423725499189457249e-04
5.533291991858276361e-04
5.645071750972418352e-04
5.759109873208215690e-04
5.875451455241999764e-04
5.994143554475157582e-04
6.115233228309078324e-04
6.238769102725198919e-04
6.364800980139987503e-04
6.493378270824904340e-04
6.624553522211497607e-04
6.758377713151274236e-04
6.894906136090865698e-04
7.034192907041869006e-04
7.176292926305903423e-04
7.321263447054660381e-04
7.469163291039874726e-04
7.620049711433237892e-04
7.773985451436600308e-04
7.931030117091721239e-04
8.091247235890476619e-04
8.254701903904786879e-04
8.421457648626526869e-04
8.591582703287711439e-04
8.765143732540307689e-04
8.942211322486398302e-04
9.122856059228068130e-04
9.307150097447445440e-04
9.495167160406706251e-04
9.686981755658050997e-04
9.882672312203793531e-04
1.008231569046619995e-03
1.028599188802763621e-03
1.049378247105050514e-03
1.070577057427726493e-03
1.092204168532043404e-03
1.114268207608256180e-03
1.136777880275621766e-03
1.159742284298408447e-03
1.183170674298889610e-03
1.207072304899338422e-03
1.231456744438036953e-03
1.256333874969277255e-03
1.281713500118348507e-03
1.307605815655551659e-03
1.334021174209192116e-03
1.360970163694582603e-03
1.388463607314042525e-03
1.416512485127895734e-03
1.445127934054471182e-03
1.474321404728106940e-03
1.504104661499149759e-03
1.534489625575951926e-03
1.565488375024869745e-03
1.597113301628268851e-03
1.629377110884524431e-03
1.662292822008020789e-03
1.695873297355137343e-03
1.730132183572277065e-03
1.765083284163847157e-03
1.800740245776250590e-03
1.837117656203917683e-03
1.874229946383274741e-03
1.912091860966756533e-03
1.950718615180812264e-03
1.990125737967900470e-03
2.030328915128483923e-03
2.071344303037039609e-03
2.113188214926048532e-03
2.155877591460011230e-03
2.199429059587418474e-03
2.243860501120797935e-03
2.289189484156667516e-03
2.335434204223565090e-03
2.382613170566036994e-03
2.430745049286633149e-03
2.479849447635933211e-03
2.529945659148506200e-03
2.581053918506949572e-03
2.633194774109869681e-03
2.686388774355872883e-03
2.740657565649598417e-03
2.796022480679675321e-03
2.852505793282761500e-03
2.910130404727532660e-03
2.968918902566656040e-03
3.028894815500825146e-03
3.090082613378762350e-03
3.152506452333181559e-03
3.216191429644822512e-03
3.281162642594426249e-03
3.347446443326770708e-03
3.415069497702642731e-03
3.484058471582829157e-03
3.554440971976145260e-03
3.626245547039433446e-03
3.699500744929536556e-03
3.774235427519305897e-03
3.850480025261639877e-03
3.928264968609436469e-03
4.007621315447612749e-03
4.088580437377094257e-03
4.171175274578853634e-03
4.255438767233862656e-03
4.341404169239102863e-03
4.429106303071602031e-03
4.518580304924397703e-03
4.609861624706535453e-03
4.702986967191099058e-03
4.797993664583190092e-03
4.894919676519929666e-03
4.993803590070454955e-03
5.094684933451934170e-03
5.197604489745571120e-03
5.302603042032568749e-03
5.409722628258167333e-03
5.519006227515636451e-03
5.630497760046272379e-03
5.744241146091370528e-03
5.860282815620301844e-03
5.978667943738399937e-03
6.099445470143107818e-03
6.222662452235816835e-03
6.348368457145987798e-03
6.476613679435102786e-03
6.607450195960699012e-03
6.740929456148295022e-03
6.877105419151483164e-03
7.016032044123856649e-03
7.157765172515062960e-03
7.302361900638787776e-03
7.449879324808715043e-03
7.600377051066605980e-03
7.753914685454218331e-03
7.910554343741386246e-03
8.070358141697941273e-03
8.233390077389775297e-03
8.399715403746812331e-03
8.569401255995033259e-03
8.742514141928402899e-03
8.919124961365012400e-03
9.099303359258917312e-03
9.283121490292249589e-03
9.470652764011171579e-03
9.661972472257909436e-03
9.857157789170739245e-03
1.005628526145592103e-02
1.025943582784384286e-02
1.046668979963287505e-02
1.067813125271349986e-02
1.089384363554417832e-02
1.111391416117548693e-02
1.133842941522598090e-02
1.156748100277036131e-02
1.180116052888333621e-02
1.203955959863960493e-02
1.228277483657002137e-02
1.253090286720543768e-02
1.278404407966881630e-02
1.304229886308312138e-02
1.330577137116342561e-02
1.357456575762480168e-02
1.384878994077443776e-02
1.412855434864759147e-02
1.441396940927952217e-02
1.470515057016163682e-02
1.500221453364938146e-02
1.530527925696223597e-02
1.561446646191179399e-02
1.592990038003772035e-02
1.625170524287968682e-02
1.658001155629753795e-02
1.691494982615112871e-02
1.725665432289242435e-02
1.760526182670145781e-02
1.796091162748634368e-02
1.832374677974730331e-02
1.869391033798455809e-02
1.907155288588255337e-02
1.945682375226169547e-02
1.984987728539854002e-02
2.025087159816175292e-02
2.065996605828403915e-02
2.107732630781828861e-02
2.150311673395335216e-02
2.193750799819826555e-02
2.238067327179014271e-02
2.283279325515031460e-02
2.329404613897203755e-02
2.376461764313280225e-02
2.424469599723815330e-02
2.473446943089365260e-02
2.523414123207330315e-02
2.574390464983879884e-02
2.626396548189222080e-02
2.679453203566371788e-02
2.733581763803958134e-02
2.788803812563418749e-02
2.845141435451804812e-02
2.902616969048976356e-02
2.961253753826021545e-02
3.021075130254029587e-02
3.082104940749704272e-02
3.144367529675363981e-02
3.207887994311749147e-02
3.272691431939601242e-02
3.338804194703697686e-02
3.406252634748815900e-02
3.475063606165348928e-02
3.545264464989304060e-02
3.616883571147917753e-02
3.689949284568427856e-02
3.764491220042108510e-02
3.840538992360233161e-02
3.918123220205305818e-02
3.997274522259830487e-02
4.078024772070347470e-02
4.160406345129012001e-02
4.244452118873594942e-02
4.330195974633097022e-02
4.417671542763709075e-02
4.506914461404084443e-02
4.597959866747258761e-02
4.690844902768730174e-02
4.785606211498378421e-02
4.882281940802930820e-02
4.980910740494726846e-02
5.081531762331722990e-02
5.184185663908719155e-02
5.288913102820514550e-02
5.395756242498754574e-02
5.504757748320697475e-02
5.615961289554833452e-02
5.729411037415264862e-02
5.845152668952940944e-02
5.963232865110038722e-02
6.083698306828735913e-02
6.206597180888055731e-02
6.331978677958248480e-02
6.459892992600797801e-02
6.590391323268411650e-02
6.723526374250649029e-02
6.859350347891447763e-02
6.997918458208440828e-02
7.139285919219254262e-02
7.283508948832748131e-02
7.430645772740243626e-02
7.580754616633056386e-02
7.733896215930578799e-02
7.890131306052206028e-02
8.049522128254173181e-02
8.212133433520792114e-02
8.378029470890759056e-02
8.547276497185228583e-02
8.719943780899046260e-02
8.896097578853366661e-02
9.075811175107953432e-02
9.259154842048882006e-02
9.446201863735911863e-02
9.637027532011267772e-02
9.831709146499631458e-02
1.003032199904322352e-01
1.023294840872287503e-01
1.043966768294572606e-01
1.065056314468383614e-01
1.086571811690926342e-01
1.108522094205021680e-01
1.130915695086121275e-01
1.153761749744414977e-01
1.177069192811846521e-01
1.200847661644220132e-01
1.225106392040848508e-01
1.249855121746658998e-01
1.275103889673948054e-01
1.300862734735011850e-01
1.327141896620392392e-01
1.353951916188001203e-01
1.381303535073995226e-01
1.409207695692777373e-01
1.437675641626119383e-01
1.466718616455792989e-01
1.496348265320062432e-01
1.526576534524559658e-01
1.557415370374917729e-01
1.588877321511506790e-01
1.620974735796451294e-01
1.653720563426613333e-01
1.687127955377101529e-01
1.721210263401269647e-01
1.755981040030717422e-01
1.791454138964414244e-01
1.827643815457820620e-01
1.864564726322888999e-01
1.902231528371572111e-01
1.940659079194068382e-01
1.979863039493560406e-01
2.019858869194983975e-01
2.060662831336259326e-01
2.102290988177060727e-01
2.144760004311799528e-01
2.188086945891379864e-01
2.232289280623196981e-01
2.277384476214646680e-01
2.323390803486108380e-01
2.370326332479714970e-01
2.418210137128829484e-01
2.467061291366814957e-01
2.516899069905280673e-01
2.567743952125310369e-01
2.619615815073251253e-01
2.672535539686679007e-01
2.726524408459662929e-01
2.781603703886270096e-01
2.837795913130044534e-01
2.895123121798037769e-01
2.953608620166777721e-01
3.013275296956299809e-01
3.074147647112607240e-01
3.136249563246964467e-01
3.199605941861867198e-01
3.264242281794547118e-01
3.330184282660483830e-01
3.397458647966384304e-01
3.466091880440711481e-01
3.536111285924910530e-01
3.607545776486396072e-01
3.680423059523104667e-01
3.754772448658942330e-01
3.830623659074305909e-01
3.908007610619067540e-01
3.986954420030116020e-01
4.067496211826800434e-01
4.149665110528468204e-01
4.233494043767451198e-01
4.319016340732573789e-01
4.406266133725642020e-01
4.495278759717940553e-01
4.586089154124258771e-01
4.678734260141848567e-01
4.773251020967959057e-01
4.869677182912825475e-01
4.968051295399664724e-01
5.068412710964678158e-01
5.170801183700560744e-01
5.275258475482462739e-01
5.381825545072553840e-01
5.490545760571955425e-01
5.601462088525294147e-01
5.714619101703165560e-01
5.830062175989150219e-01
5.947837088823316742e-01
6.067991625428198477e-01
6.190573169469831827e-01
6.315630710840224316e-01
6.443215247213839314e-01
6.573376571595667128e-01
6.706167689442633639e-01
6.841641606211660287e-01
6.979851728916166564e-01
7.120854275465010597e-01
7.264704660654066615e-01
7.411461511731146645e-01
7.561182652831075490e-01
7.713929120540616857e-01
7.869760345220564446e-01
8.028740575909613097e-01
8.190931652307508193e-01
8.356399429678914581e-01
8.525209763288496001e-01
8.697430917739866763e-01
8.873130354523657282e-01
9.052379550695417443e-01
9.235249983310697131e-01
9.421813932538030123e-01
9.612147694110868557e-01
9.806325957536695670e-01
1.000442662477493139e+00
1.020652920401096120e+00
1.041271480965614060e+00
1.062306616234779177e+00
1.083766598272323467e+00
1.105660100698470760e+00
1.127995957756042333e+00
1.150783003687858352e+00
1.174030313670634929e+00
1.197747284126281508e+00
1.221943391788005595e+00
1.246628354322909971e+00
1.271811889398097639e+00
1.297504196548461719e+00
1.323715475308894884e+00
1.350456326770782089e+00
1.377737432336807011e+00
1.405569473409652437e+00
1.433963854193687215e+00
1.462931818270682971e+00
1.492485091090202109e+00
1.522635237479209591e+00
1.553394464755057935e+00
1.584775140857696218e+00
1.616789794349670073e+00
1.649451114416122133e+00
1.682772272109984923e+00
1.716766438484191415e+00
1.751447427082061470e+00
1.786829051446914285e+00
1.822925446367263502e+00
1.859750907254218655e+00
1.897320372009276834e+00
1.935648778533935133e+00
1.974751546597480312e+00
2.014644095969199800e+00
2.055342649531363808e+00
2.096863269543647323e+00
2.139222821378707451e+00
2.182437849164008625e+00
2.226526021385192511e+00
2.271504845905303327e+00
2.317392312455176739e+00
2.364206732010840639e+00
2.411966897416114364e+00
2.460691922760009032e+00
2.510401082754134539e+00
2.561114615845679676e+00
2.612852599859237124e+00
2.665635755109786231e+00
2.719485123157500794e+00
2.774422227430342947e+00
2.830469233846663712e+00
2.887648629570006786e+00
2.945982901763915418e+00
3.005495822572707532e+00
3.066210842895507049e+00
3.128152377367019010e+00
3.191345483112334680e+00
3.255814896011351767e+00
3.321586636924743097e+00
3.388687047958373277e+00
3.457143113708495363e+00
3.526982140016555078e+00
3.598231753969191704e+00
3.670920867633818752e+00
3.745078393077849732e+00
3.820733884859084384e+00
3.897917861270903561e+00
3.976661161851882120e+00
4.056994947385787142e+00
4.138951663637159939e+00
4.222564077615737155e+00
4.307865598821638997e+00
4.394890279245375453e+00
4.483672813367842735e+00
4.574249180650710400e+00
4.666655039310454001e+00
4.760927653789519098e+00
4.857104931020735705e+00
4.955224777936934721e+00
5.055327028942107503e+00
5.157451518440245408e+00
5.261639044570921797e+00
5.367931047964094482e+00
5.476370254230498169e+00
5.587000673961638242e+00
5.699865675258635633e+00
5.815010232448576843e+00
5.932481247329710605e+00
6.052325621700285652e+00
6.174590257358549827e+00
6.299325268554686552e+00
6.426580127048491242e+00
6.556405589580534432e+00
6.688853697872159998e+00
6.823977778625486934e+00
6.961831158542631570e+00
7.102469734287260472e+00
7.245948760032652203e+00
7.392326702404020899e+00
7.541662028026578923e+00
7.694013203525541300e+00
7.849443192958830195e+00
8.008012390422820204e+00
8.169785044956205056e+00
8.334825405597685588e+00
8.503200291347502215e+00
8.674975878715512678e+00
8.850222199153897407e+00
9.029008641624448828e+00
9.211406522560118049e+00
9.397489085865018410e+00
9.587331502914427261e+00
9.781008302593228620e+00
9.978597868728636300e+00
1.018017858514785523e+01
1.038583204813003391e+01
1.059563985395431374e+01
1.080968616886138634e+01
1.102805580158233489e+01
1.125083677330016840e+01
1.147811903266906519e+01
1.170999252834319826e+01
1.194654977893829084e+01
1.218788715801238709e+01
1.243409846916198447e+01
1.268528394088744804e+01
1.294154380168914464e+01
1.320297956504821535e+01
1.346969788436889282e+01
1.374180412807464258e+01
1.401940623455047330e+01
1.430261728210448879e+01
1.459154906406402219e+01
1.488631851367950176e+01
1.518704256420135223e+01
1.549384071884154856e+01
1.580683633575439195e+01
1.612615662803649386e+01
1.645192623882293503e+01
1.678427752113341853e+01
1.712334154300689448e+01
1.746925708236694064e+01
1.782215906219482093e+01
1.818219011535644114e+01
1.854949544467925548e+01
1.892421896800994574e+01
1.930651359806060441e+01
1.969653224754333110e+01
2.009442782917022186e+01
2.050036225051879413e+01
2.091449741916656180e+01
2.133699781265258366e+01
2.176803433341979499e+01
2.220777788391112750e+01
2.265640322151183739e+01
2.311409281349181555e+01
2.358102912712096710e+01
2.405739719963073142e+01
2.454338977813720035e+01
2.503919960975646575e+01
2.554502458152770572e+01
2.606106772041320241e+01
2.658753719329833487e+01
2.712464116706847506e+01
2.767259551849364740e+01
2.823161869430541415e+01
2.880193428115844156e+01
2.938377357559203418e+01
2.997736273422240671e+01
3.058294590339659891e+01
3.120076208953856778e+01
3.183106057891844998e+01
3.247409065780639281e+01
3.313011189231871612e+01
3.379938384857177169e+01
3.448217637252806611e+01
3.517876188011168637e+01
3.588942049713133997e+01
3.661443491935729355e+01
3.735409555244444846e+01
3.810869794197081717e+01
3.887854534339903978e+01
3.966394358215330840e+01
4.046520876350401608e+01
4.128265956268309367e+01
4.211662493476866587e+01
4.296743640480040227e+01
4.383543834762572544e+01
4.472096999816893259e+01
4.562439372100828905e+01
4.654606931076048681e+01
4.748636170196532191e+01
4.844565124893187402e+01
4.942431830596922993e+01
5.042275350723265603e+01
