7.060760704405652532e-06
7.393524104539137958e-06
7.741970160565394405e-06
8.106837973286231528e-06
8.488901476251108853e-06
8.888971077373962449e-06
9.307895377917038446e-06
9.746562972487947656e-06
1.020590433386796433e-05
1.068689378666954590e-05
1.119055157400946130e-05
1.171794602158123659e-05
1.227019580371717600e-05
1.284847231624660755e-05
1.345400216118348932e-05
1.408806974851373205e-05
1.475202002060098655e-05
1.544726130498971366e-05
1.617526830165672333e-05
1.693758521104754658e-05
1.773582900953260687e-05
1.857169287923090425e-05
1.944694979947628833e-05
2.036345630754433973e-05
2.132315643661683669e-05
2.232808583933678170e-05
2.338037610570057570e-05
2.448225928444619186e-05
2.563607261752779825e-05
2.684426349771930952e-05
2.810939465986258528e-05
2.943414961677161859e-05
3.082133835132300827e-05
3.227390327680636678e-05
3.379492547817741961e-05
3.538763124745227765e-05
3.705539892710534906e-05
3.880176607598668744e-05
4.063043697295859279e-05
4.254529047416772254e-05
4.455038824061901431e-05
4.664998335350326020e-05
4.884852933555250621e-05
5.115068959755886892e-05
5.356134733009407266e-05
5.608561586141133648e-05
5.872884950350015489e-05
6.149665490929990901e-05
6.439490296516244688e-05
6.742974124378912112e-05
7.060760704405676927e-05
7.393524104539163030e-05
7.741970160565421510e-05
8.106837973286260327e-05
8.488901476251139685e-05
8.888971077373993620e-05
9.307895377917070633e-05
9.746562972487981538e-05
1.020590433386800092e-04
1.068689378666958385e-04
1.119055157400950196e-04
1.171794602158127894e-04
1.227019580371722072e-04
1.284847231624665397e-04
1.345400216118353913e-04
1.408806974851378355e-04
1.475202002060104042e-04
1.544726130498976923e-04
1.617526830165678161e-04
1.693758521104760757e-04
1.773582900953267125e-04
1.857169287923097134e-04
1.944694979947635745e-04
2.036345630754441088e-04
2.132315643661691191e-04
2.232808583933686098e-04
2.338037610570065973e-04
2.448225928444627657e-04
2.563607261752788363e-04
2.684426349771939558e-04
2.810939465986267405e-04
2.943414961677171481e-04
3.082133835132310992e-04
3.227390327680647385e-04
3.379492547817753616e-04
3.538763124745239962e-04
3.705539892710547510e-04
3.880176607598682026e-04
4.063043697295872967e-04
4.254529047416786484e-04
4.455038824061916610e-04
4.664998335350341741e-04
4.884852933555267019e-04
5.115068959755903833e-04
5.356134733009424885e-04
5.608561586141152079e-04
5.872884950350034869e-04
6.149665490930012043e-04
6.439490296516266372e-04
6.742974124378935423e-04
7.060760704405700779e-04
7.393524104539188780e-04
7.741970160565448886e-04
8.106837973286288787e-04
8.488901476251169229e-04
8.888971077374024790e-04
9.307895377917103702e-04
9.746562972488015961e-04
1.020590433386803697e-03
1.068689378666962207e-03
1.119055157400954126e-03
1.171794602158132042e-03
1.227019580371726355e-03
1.284847231624669951e-03
1.345400216118358520e-03
1.408806974851383289e-03
1.475202002060109138e-03
1.544726130498982235e-03
1.617526830165683799e-03
1.693758521104766612e-03
1.773582900953273251e-03
1.857169287923103422e-03
1.944694979947642413e-03
2.036345630754447973e-03
2.132315643661698238e-03
2.232808583933693688e-03
2.338037610570073942e-03
2.448225928444636330e-03
2.563607261752797687e-03
2.684426349771949424e-03
2.810939465986277922e-03
2.943414961677182431e-03
3.082133835132322159e-03
3.227390327680659202e-03
3.379492547817765976e-03
3.538763124745252647e-03
3.705539892710560737e-03
3.880176607598695687e-03
4.063043697295887387e-03
4.254529047416801338e-03
4.455038824061932114e-03
4.664998335350357787e-03
4.884852933555283716e-03
5.115068959755921831e-03
5.356134733009444183e-03
5.608561586141171812e-03
5.872884950350055686e-03
6.149665490930033077e-03
6.439490296516288056e-03
6.742974124378957324e-03
7.060760704405723981e-03
7.393524104539212632e-03
7.741970160565473172e-03
8.106837973286314808e-03
8.488901476251196551e-03
8.888971077374054064e-03
9.307895377917133409e-03
9.746562972488046969e-03
1.020590433386806863e-02
1.068689378666965416e-02
1.119055157400957595e-02
1.171794602158135641e-02
1.227019580371730215e-02
1.284847231624674027e-02
1.345400216118362857e-02
1.408806974851387755e-02
1.475202002060113822e-02
1.544726130498987222e-02
1.617526830165689003e-02
1.693758521104771902e-02
1.773582900953278932e-02
1.857169287923109494e-02
1.944694979947648658e-02
2.036345630754454739e-02
2.132315643661705437e-02
2.232808583933701060e-02
2.338037610570081748e-02
2.448225928444644484e-02
2.563607261752806274e-02
2.684426349771958445e-02
2.810939465986287203e-02
2.943414961677192146e-02
3.082133835132332481e-02
3.227390327680670218e-02
3.379492547817777165e-02
3.538763124745264443e-02
3.705539892710573574e-02
3.880176607598709304e-02
4.063043697295901785e-02
4.254529047416816256e-02
4.455038824061947900e-02
4.664998335350374614e-02
4.884852933555301757e-02
5.115068959755940392e-02
5.356134733009463439e-02
5.608561586141192629e-02
5.872884950350077543e-02
6.149665490930056322e-02
6.439490296516311996e-02
6.742974124378982304e-02
7.060760704405749655e-02
7.393524104539239694e-02
7.741970160565501968e-02
8.106837973286344645e-02
8.488901476251227429e-02
8.888971077374085983e-02
9.307895377917167756e-02
9.746562972488083398e-02
1.020590433386810714e-01
1.068689378666969475e-01
1.119055157400961759e-01
1.171794602158140047e-01
1.227019580371734725e-01
1.284847231624678676e-01
1.345400216118367576e-01
1.408806974851392890e-01
1.475202002060119200e-01
1.544726130498992878e-01
1.617526830165694762e-01
1.693758521104778147e-01
1.773582900953285246e-01
1.857169287923116086e-01
1.944694979947655666e-01
2.036345630754461955e-01
2.132315643661713001e-01
2.232808583933708901e-01
2.338037610570089797e-01
2.448225928444652810e-01
2.563607261752814948e-01
2.684426349771967812e-01
2.810939465986296848e-01
2.943414961677202069e-01
3.082133835132342958e-01
3.227390327680680904e-01
3.379492547817788406e-01
3.538763124745276101e-01
3.705539892710585370e-01
3.880176607598721517e-01
4.063043697295914414e-01
4.254529047416829579e-01
4.455038824061962055e-01
4.664998335350389325e-01
4.884852933555317023e-01
5.115068959755956213e-01
5.356134733009479953e-01
5.608561586141209698e-01
5.872884950350095723e-01
6.149665490930075196e-01
6.439490296516332535e-01
6.742974124379004230e-01
7.060760704405772969e-01
7.393524104539264119e-01
7.741970160565527781e-01
8.106837973286371568e-01
8.488901476251256017e-01
8.888971077374115959e-01
9.307895377917199120e-01
9.746562972488116428e-01
1.020590433386814100e+00
1.068689378666973111e+00
1.119055157400965506e+00
1.171794602158144016e+00
1.227019580371738972e+00
1.284847231624683062e+00
1.345400216118372239e+00
1.408806974851397609e+00
1.475202002060124196e+00
1.544726130498998096e+00
1.617526830165700424e+00
1.693758521104783865e+00
1.773582900953291297e+00
1.857169287923122303e+00
1.944694979947662272e+00
2.036345630754468949e+00
2.132315643661720550e+00
2.232808583933716839e+00
2.338037610570097957e+00
2.448225928444661470e+00
2.563607261752824051e+00
2.684426349771977360e+00
2.810939465986307173e+00
2.943414961677212727e+00
3.082133835132354172e+00
3.227390327680693005e+00
3.379492547817801285e+00
3.538763124745289534e+00
3.705539892710599581e+00
3.880176607598736283e+00
4.063043697295929846e+00
4.254529047416846232e+00
4.455038824061979597e+00
4.664998335350407643e+00
4.884852933555335674e+00
5.115068959755975975e+00
5.356134733009500160e+00
5.608561586141230570e+00
5.872884950350117705e+00
6.149665490930098066e+00
6.439490296516356516e+00
6.742974124379029099e+00
7.060760704405798727e+00
7.393524104539291208e+00
7.741970160565555759e+00
8.106837973286401322e+00
8.488901476251287548e+00
8.888971077374149488e+00
9.307895377917233759e+00
9.746562972488153065e+00
1.020590433386817963e+01
1.068689378666977063e+01
1.119055157400969769e+01
1.171794602158148457e+01
1.227019580371743501e+01
1.284847231624687858e+01
1.345400216118377301e+01
1.408806974851403027e+01
1.475202002060129836e+01
1.544726130499003958e+01
1.617526830165706642e+01
1.693758521104790304e+01
1.773582900953298136e+01
1.857169287923129630e+01
1.944694979947669822e+01
2.036345630754476943e+01
2.132315643661728899e+01
2.232808583933725544e+01
2.338037610570107105e+01
2.448225928444670885e+01
2.563607261752833821e+01
2.684426349771987574e+01
2.810939465986317742e+01
2.943414961677224184e+01
3.082133835132366073e+01
3.227390327680705440e+01
3.379492547817814341e+01
3.538763124745303656e+01
3.705539892710614680e+01
3.880176607598752270e+01
4.063043697295946544e+01
4.254529047416863108e+01
4.455038824061996650e+01
4.664998335350425407e+01
4.884852933555354326e+01
5.115068959755996048e+01
