1.284644505736498684e+08
1.118878579758525640e+08
9.745024947244471312e+07
8.487561822640317678e+07
7.392357233283568919e+07
6.438473919593046606e+07
5.607676290861139446e+07
4.884081811595851183e+07
4.253857371718248725e+07
3.704954836060044914e+07
3.226880717605031654e+07
2.810495571268934384e+07
2.447839273186076060e+07
2.131978845329960436e+07
1.856875916298757493e+07
1.617271284485499188e+07
1.408584376802578010e+07
1.226825680891725421e+07
1.068520476767424867e+07
9.306424098554369062e+06
8.105556355281177908e+06
7.059644291013437323e+06
6.148692979766663164e+06
5.355287569152054377e+06
4.664260356930853799e+06
4.062400826815895271e+06
3.538203100213300902e+06
3.081645975885599852e+06
2.684001352507811040e+06
2.337667371689836495e+06
2.036023091624837369e+06
1.773301913128895685e+06
1.544481338330624625e+06
1.345186954504203517e+06
1.171608807484309189e+06
1.020428565955784521e+06
8.887560842022389406e+05
7.740741505701617571e+05
6.741903653931716690e+05
5.871952284164411249e+05
5.114256344696544111e+05
4.454330795275046839e+05
3.879559693462113501e+05
3.378955012943604379e+05
2.942946583058801480e+05
2.563199133780705160e+05
2.232452948556710326e+05
1.944385078735957504e+05
1.693488466389942332e+05
1.474966664691498736e+05
1.284642143199099519e+05
1.118876425099004700e+05
9.745005296517958050e+04
8.487543900966520596e+04
7.392340888524512411e+04
6.438459012997254467e+04
5.607662695885751600e+04
4.884069412832421949e+04
4.253846063913022226e+04
3.704944523220464907e+04
3.226871312184842827e+04
2.810486993425005494e+04
2.447831450100614529e+04
2.131971710592347517e+04
1.856869409341794017e+04
1.617265350071242756e+04
1.408578964553431615e+04
1.226820744862774700e+04
1.068515975056412208e+04
9.306383042470510190e+03
8.105518911695826318e+03
7.059610142065515902e+03
6.148661835563437307e+03
5.355259165308230877e+03
4.664234452324186350e+03
4.062377201540297847e+03
3.538181553712053301e+03
3.081626325248815192e+03
2.683983430919703096e+03
2.337651027012607301e+03
2.036008185107180225e+03
1.773288318228123217e+03
1.544468939638449228e+03
1.345175646767022272e+03
1.171598494709706529e+03
1.020419160597646624e+03
8.887475064175691841e+02
7.740663275412891835e+02
6.741832307095994565e+02
5.871887215110840543e+02
5.114197001046815103e+02
4.454276673254220782e+02
3.879510333622050666e+02
3.378909996262689219e+02
2.942905527384829725e+02
2.563161690586788950e+02
2.232418799982600319e+02
1.944353934889713855e+02
1.693460062887027107e+02
1.474940760410391363e+02
1.284618518234407247e+02
1.118854878894668303e+02
9.744808792985563173e+01
8.487364687793228768e+01
7.392177444338116743e+01
6.438309950290170036e+01
5.607526749236374286e+01
4.883945428162854085e+01
4.253732988692030403e+01
3.704841397528451807e+01
3.226777260565020811e+01
2.810401217451569522e+01
2.447753221600834195e+01
2.131900365465050484e+01
1.856804341919751522e+01
1.617206007979607563e+01
1.408524844020569411e+01
1.226771386443703626e+01
1.068470959732527170e+01
9.305972498690323391e+00
8.105144492132883016e+00
7.059268668143595882e+00
6.148350408388224331e+00
5.354975141058265109e+00
4.663975419807143474e+00
4.062140961724074906e+00
3.537966101056917445e+00
3.081429830682092863e+00
2.683804226308547314e+00
2.337487591002974430e+00
2.035859130208832912e+00
1.773152379036018411e+00
1.544344962090510309e+00
1.345062578347120619e+00
1.171495375512673354e+00
1.020325115180471753e+00
8.886617363676029280e-01
7.739881046983676516e-01
6.741118909845507101e-01
5.871236592481394734e-01
5.113603629399351425e-01
4.453735514976923104e-01
3.879016794364908982e-01
3.378459885934964047e-01
2.942495024584348973e-01
2.562787310159065912e-01
2.232077363434433748e-01
1.944042543406067358e-01
1.693176072722150372e-01
1.474681760444262468e-01
1.284382309503975528e-01
1.118639455926137422e-01
9.742844130822325699e-02
8.485572912424962921e-02
7.390543342798715221e-02
6.436819648225751422e-02
5.606167593120273129e-02
4.882705877874530392e-02
4.252602519547906551e-02
3.703810410933050523e-02
3.225837002523899988e-02
2.809543704254297350e-02
2.446971172043111570e-02
2.131187139034612654e-02
1.856153882421286011e-02
1.616612792120118713e-02
1.407983834518733608e-02
1.226277989265125469e-02
1.068020985087882353e-02
9.301868766439883376e-03
8.101401925282497585e-03
7.055855484386405752e-03
6.145237622080902858e-03
5.352136317137485069e-03
4.661386449359119361e-03
4.059779857301838366e-03
3.535812810007749399e-03
3.079466064900441245e-03
2.682013306969090356e-03
2.335854306955780727e-03
2.034369608834447115e-03
1.771793968464151995e-03
1.543106123782444182e-03
1.343932789129902638e-03
1.170465038233467264e-03
1.019385477222544290e-03
8.878048153362255767e-04
7.732066206457281939e-04
6.733992045983170022e-04
5.864737154789258959e-04
5.107676395891020283e-04
4.448330123290136252e-04
3.874087314136340872e-04
3.373964428802786269e-04
2.938395388507670158e-04
2.559048655034685312e-04
2.228667915257008894e-04
1.940933324460151609e-04
1.690340655515501717e-04
1.472096043293413771e-04
1.282024311866853186e-04
1.116489131744155999e-04
9.723234805471809672e-05
8.467690775429725415e-05
7.374236340091888079e-05
6.421949108460351361e-05
5.592607049972470994e-05
4.870339995978693323e-05
4.241326114944770406e-05
3.693527557714465888e-05
3.216460218089530301e-05
2.800993206262991273e-05
2.439174200750303867e-05
2.124077339262226601e-05
1.849670739912900029e-05
1.610701119495816522e-05
1.402593302465190555e-05
1.221362698980499281e-05
1.063539078351325621e-05
9.261001801990270460e-06
8.064138937605867111e-06
7.021878995946360891e-06
6.114258106424743318e-06
5.323889738761128360e-06
4.635632020070632206e-06
4.036297990032617035e-06
3.514403252696605522e-06
3.059946198604767336e-06
2.664216593751619972e-06
2.319628874367022464e-06
2.019576958970688917e-06
1.758307800638579079e-06
1.530811260811561536e-06
1.332724198117206775e-06
1.160246937534623515e-06
1.010070522008094544e-06
8.793133548351841681e-07
7.654660207620599783e-07
6.663432301473650853e-07
5.800419667970923439e-07
5.049050387317667841e-07
4.394893344927494456e-07
3.825381776027750497e-07
3.329572501881366735e-07
2.897936250451831432e-07
2.522175048976918336e-07
2.195063193812538436e-07
1.910308753964925310e-07
1.662432957572704569e-07
1.446665152742953099e-07
1.258851332130167670e-07
1.095374470172925783e-07
9.530851479332061003e-08
8.292411373406713585e-08
7.214547880936715431e-08
6.276472097893254387e-08
5.460083719027906749e-08
4.749623574979900055e-08
4.131371051950666313e-08
3.593380598304164640e-08
3.125252270666090205e-08
2.717931923730493297e-08
2.363537215503858365e-08
2.055206093980282817e-08
1.786964861702725254e-08
1.553613289559156273e-08
1.350624577660888332e-08
1.174058245500332018e-08
1.020484281226765650e-08
8.869170955500649106e-09
7.707580136100830833e-09
6.697452017277352560e-09
5.819100684129359263e-09
5.055393030705470402e-09
4.391418238927961247e-09
3.814200005229656195e-09
3.312445990216052334e-09
2.876329680314953520e-09
2.497300471871650689e-09
2.167918329386560274e-09
1.881709840935639520e-09
1.633042904285827555e-09
1.417017634677353078e-09
1.229371396536610592e-09
1.066396132468486534e-09
9.248663989470626928e-10
8.019767236998469698e-10
6.952870788007486931e-10
6.026754193801935662e-10
5.222963736136602116e-10
4.525452878634847720e-10
3.920269337881590870e-10
3.395282738713297178e-10
2.939947598771937601e-10
2.545097067062376629e-10
2.202763433082056639e-10
1.906021938425687430e-10
1.648854871487882575e-10
1.426033316599120985e-10
1.233014269129573932e-10
1.065851124307889934e-10
9.211158054115068155e-11
7.958310215412317917e-11
6.874113407058083551e-11
5.936119341656873763e-11
5.124839961877210567e-11
4.423359723905967619e-11
3.816998421930838559e-11
3.293017986721174322e-11
2.840367542749222226e-11
2.449461749455275138e-11
2.111988097463457078e-11
1.820739392210274000e-11
1.569468146362215488e-11
1.352760027981325654e-11
1.165923881842395698e-11
1.004896163746620410e-11
8.661579083262175819e-12
7.466625951016107520e-12
6.437734901468196590e-12
5.552092257401820239e-12
4.789965413967353998e-12
4.134292498038340345e-12
3.570326131193399301e-12
3.085324211981277413e-12
2.668281556390929590e-12
2.309697038772375084e-12
2.001371574385191228e-12
1.736232892824835662e-12
1.508183580575915038e-12
1.311969331123142412e-12
1.143064741344195363e-12
9.975743410865711649e-13
8.721468456584384241e-13
7.639008843305287548e-13
6.703606869780698101e-13
5.894004101501720625e-13
5.191959570219033364e-13
4.581832962410476045e-13
4.050224155683701933e-13
3.585661599866593807e-13
3.178333028472788129e-13
2.819852845717085854e-13
2.503061281161385623e-13
